2.469144 2.179637 2.28765 2.018873 1.721873
1.554128 1.653693 1.934509 1.522709 1.946467
2.459094 1.131758 1.985308 1.929981 1.41233
2.031821 1.809446 1.715468 1.537797 1.738442
2.128799 1.813828 1.734098 1.908764 1.976053
1.701251 1.765959 1.942655 2.228394 2.668173
2.352319 1.773841 2.804008 1.748574 1.55483
1.33379 2.396342 1.914936 1.512679 1.358248
1.356291 1.992025 1.628948 2.582712 1.276208
1.014736 2.130246 1.239186 1.281093 2.160318
1.378008 1.785974 2.057112 1.695485 1.72022
1.609023 1.83701 1.85834 1.435991 1.660408
1.224558 1.672705 1.580494 1.982745 1.8786
1.758452 1.675356 1.335503 2.014824 1.970268
1.063808 1.777032 2.041444 1.806911 1.927324
2.575723 1.801924 1.673791 1.716053 1.848194
2.026205 1.856855 1.685327 2.393234 2.305689
2.199439 1.760812 1.677348 2.370577 2.108524
1.53447 1.708093 1.862233 1.706328 1.864674
2.180246 1.520381 1.42847 2.142856 2.07021
1.672584 2.597036 1.782992 1.679977 1.909942
1.67412 1.509871 1.492615 1.676584 1.423003
2.480964 1.733214 2.022417 1.637133 2.8207
1.628334 2.458387 1.612326 1.921059 1.662757
1.979353 1.72897 2.243309 1.298883 1.699697
1.905224 2.161647 2.645907 1.768943 1.936432
1.641276 1.750193 2.354469 2.441685 2.086319
-1.807874 1.80028 1.873205 0.9005559 -3.154921
-1.738358 1.536353 -1.531556 1.30863 1.851455
2.015422 -0.846985 1.4069 -1.605543 1.257456
2.106021 2.036029 -1.429536 1.848194 2.317554
2.212127 1.955585 1.676378 1.909942 1.982548
1.304991 1.145377 1.902722 1.475789 1.870933
0.9311314 -1.95954 1.428898 2.797741 0.8164677
1.940246 1.921112 1.612511 1.735558 2.134146
1.718393 1.779166 2.619897 1.969867 1.410909
2.204048 1.604436 1.896236 -2.281532 1.76522
1.860616 1.570377 2.028063 2.352087 2.031461
1.796066 1.807565 2.521734 1.458843 1.860533
1.614723 1.882309 1.927414 2.335602 1.874573
2.031198 1.883945 1.835043 2.73768 2.234701
1.580745 1.635411 1.836009 1.597839 2.099115
1.87621 1.983693 1.62272 2.407911 1.96881
2.032449 1.808377 2.03805 2.175716 2.080988
1.715826 1.84929 2.087818 2.076361 2.256998
1.359699 1.599768 2.48164 2.028159 2.025126
1.869001 2.006766 1.938622 2.496665 1.537818
1.88391 1.60897 2.020974 1.888524 2.173175
1.974803 1.055982 1.888666 1.512745 1.821296
1.4411 1.412426 1.771276 2.273672 1.65187
2.261513 2.071558 2.064191 1.966911 2.081469
2.131418 1.543676 1.298176 1.718666 1.599538
1.661085 1.669774 1.944275 2.240221 1.764127
1.797323 1.929981 1.41233 2.055789 2.459376
2.382884 1.728115 -1.807874 1.375905 1.700022
-1.530857 1.627337 -2.630107 1.17121 2.130246
1.720259 2.160318 2.219986 1.892934 1.660408
1.224558 -0.4790651 0.6833102 1.8786 1.08424
1.356347 0.9191831 2.106021 2.036029 2.744908
0.2741028 1.040247 -1.917421 -2.296196 1.593461
-0.9653737 -1.790364 1.370439 1.859067 1.846185
1.893615 2.283444 1.823619 1.936432
