3.01984 3.06828 3.24269 2.899787 2.893872
2.788256 3.024413 3.069623 2.45676 1.310453
1.669706 1.904862 1.165939 2.134532 1.584361
1.905519 1.737861 2.040322 2.649222 1.324843
0.9347724 1.174004 1.936853 1.717114 1.986453
1.755475 1.604676 2.050808 1.429861 1.036711
0.9502389 1.735987 2.200655 1.711975 2.323388
1.957977 0.9319545 1.953503 1.365608 2.018636
1.60585 1.659005 1.825516 1.639639 2.209271
1.700265 2.220004 1.747056 1.581157 -1.911476
-1.327942 1.321515 1.44627 1.043833 1.330844
1.263637 0.8705131 1.454212 0.9069013 2.443931
0.836332 1.34456 1.843192 1.057981 -1.848459
0.9340464 0.657901 0.9468948 1.31606 1.676487
1.899233 0.7489394 1.529771 0.7348269 1.032375
2.015628 1.080482 0.7310572 0.835996 1.430297
1.146899 1.44636 1.541399 0.966043 1.015185
1.816705 0.7040373 0.94128 1.005258 1.290253
1.40464 0.9293574 1.347889 1.38019 1.895871
2.50892 1.350806 0.8984933 1.252963 1.291124
0.8003623 1.393756 1.041467 0.7741806 0.9820006
1.19653 0.9692445 1.047751 0.6817088 1.473499
1.269578 1.225246 1.339415 1.30668 0.8989879
1.198948 1.194396 0.7148345 2.214886 1.729917
1.074295 1.429532 1.436664 1.887534 0.6391238
1.078669 1.070859 0.912001 -0.9263322 1.110536
1.235457 1.490559 0.8587987 1.194879 1.873635
1.397785 1.147655 1.132723 0.9999432 1.095633
0.7276761 0.9028074 1.027847 2.215436 1.316332
1.481322 0.9818402 1.540993 0.9755681 1.086198
0.6675447 1.491922 0.9662521 1.247805 1.905306
1.546393 1.371153 1.689316 1.010965 0.8958182
1.087336 1.218273 1.307543 -1.682211 1.20207
-1.052499 0.7948232 -1.101831 -1.652003 1.717114
-1.767212 1.2411 -1.327942 1.374934 -1.618882
-6.026587 -1.724003 -1.582387 -1.384602 1.297662
-1.192766 -1.529705 1.029583 5.879017 -1.242871
1.491922
