0.5604917 1.843423 0.8018386 1.632306 1.522087
1.375256 1.954276 1.505494 1.788201 1.982545
1.24756 1.353273 1.360258 2.327976 1.841931
1.515953 1.541272 1.143098 1.625081 1.609972
0.8248524 0.9098178 1.816754 1.715361 2.018673
1.70416 1.774436 1.080721 2.140275 1.085049
1.578217 1.01832 1.291791 0.8780399 1.853963
1.196115 0.8225615 0.5604917 1.374082 1.394872
1.384838 1.64324 3.160324 1.341502 1.540266
1.60074 1.929503 1.915164 0.4728799 0.4271454
0.819511 1.540912 0.6323688 0.7522651 1.297686
1.060479 0.5866205 1.596221 0.3647745 1.540122
1.180153 0.8848647 0.5671698 0.2504711 1.454594
1.483399 0.8779782 0.9372152 1.692325 1.374087
0.4851784 0.8696578 0.8435396 0.6829226 0.8425286
1.470387 0.5247525 1.874623 0.7959149 0.6409602
0.245562 1.610936 1.283784 0.648254 0.8448992
1.494188 1.754836 0.8397441 1.393935 1.642736
0.7401202 1.643338 1.557736 1.583141 1.570925
0.6982348 1.48843 1.844773 2.231981 1.361974
2.149926 0.8191209 2.063538 -0.1846381
