0.480223 1.914322 1.017678 0.8589926 0.965266
0.8489037 1.843869 1.173709 1.02229 0.8976025
1.02724 1.413861 0.480223 1.275105 1.28948
1.855782 0.2286917 1.11098 0.8914009 1.344876
0.6670463 0.8479976 1.601756 1.684705 1.533822
0.6781886 1.047867 0.4180483 2.21065 0.3310779
0.7423565 1.165702 0.492522 1.810598 0.9868905
0.5426793 0.8031147 0.4133544 0.6693348 0.3775563
1.455408 0.4932214 0.7970162 1.36667 1.43517
1.472273 0.8737416 0.7258593 1.588473 1.649931
1.353252 0.8631849 0.2444438 0.6103852 0.7983247
0.9247154 0.3195157 0.7663842 0.7840497 0.2690423
1.202776 0.7606388 1.380452 1.055553 0.1873262
0.9922772 1.35825 0.3373843 0.7327872 1.204533
1.648385 1.155373 1.561819 1.478429 0.6382042
0.3083714 1.115434 0.3634967 0.6433335 0.8038159
1.042476 0.9028028 0.5482589 0.2582695 0.2276191
0.7658909 0.4252043 0.5419317 0.7715798 0.6254153
0.3619276 0.6951962 0.9115365 0.6787062 0.3797232
0.2795744 0.5083614 0.2946415
