0.6548684 1.060177 1.121249 0.4537168 1.025671
1.025671 1.923651 0.2528926 0.6548684 1.018085
0.7990802 1.774516 1.610123 0.8293864 0.8732905
0.188509 1.10137 0.303775 0.8265871 0.4111029
0.5380558 1.294717 0.6650433 0.9545131 1.554071
0.9272451 0.9997911 1.255103 0.8866035 1.447857
1.012109 0.7214042 1.049895 0.9467847 0.09938414
1.340311 1.194954 2.125595 0.3402397 1.452928
1.732679 1.651148 1.593481 -0.2376316 2.089908
-0.8281482 0.4782302 0.2230238 0.9537821 1.153916
1.966363 0.5045685 0.9538064 1.052284 0.4496133
1.787936
