2.305764 2.109267 2.331585 -2.581666 2.001045
2.696137 2.511851 2.638572 2.315499 2.100363
-2.478254 2.222601 2.565896 2.093971 2.184569
1.654311 1.598342 2.503111 2.277418 2.217954
2.366354 1.30246 2.487582 2.643168 2.226443
2.243323 1.475018 2.416529 2.087662 2.170568
2.643865 2.801773 1.82704 1.411904 1.815085
2.39974 2.150364 1.717091 1.851811 2.074464
1.853745 2.564254 1.945421 2.327852 1.910982
1.821461 1.836659 2.009481 2.156939 1.682926
2.161668 -2.255451 2.740657 2.197904 1.870513
0.987128 2.014101 1.626565 1.813423 2.565896
2.364514 1.791845 1.791845 2.360519 1.58882
2.103085 -1.839023 0.7332796 1.689161 0.9148799
2.10155 1.785559 -0.290622 2.044828 1.75748
2.254234 2.108855 1.706864 2.673669
