2.095242 -3.086844 2.503156 -2.318143 2.625102
1.744893 2.517794 2.852908 2.522346 2.561861
2.867542 2.336908 2.590727 2.03523 2.219853
2.335873 2.221497 2.385307 2.588719 2.547741
2.460449 2.64211 2.651288 2.785393 2.614477
2.707352 1.824691 2.563451 2.530068 2.402137
2.307329 2.357029 2.536144 2.335776 2.517794
2.336908 2.219853 2.653908 2.007161 2.552788
1.355048 -2.701948 1.909947 2.518165 1.501594
2.564852 2.479437 1.981179 -2.564434 2.001816
2.308308 2.25066 2.274836 2.060054 1.686917
2.154033 1.897672 2.65457 2.364257 2.529651
2.184644 2.173788 2.182363 2.029874 2.545679
2.115621 2.425689 2.417037 1.747813 1.73906
2.579451 2.440342 2.229951 2.463052 1.880475
2.55235 2.672577 3.711765 2.149774 2.446264
2.402463 2.073251 2.209524 1.893524 2.659053
1.983615 1.823999 2.001816 2.920781 -1.494984
1.957293 3.125804 1.450415 1.932978 2.353656
2.18028 2.339416 2.707352 -2.358594 1.467154
-1.805811 -1.787864 1.705427 1.754827 2.330558
-2.251854 -2.501959 2.50531 1.762003 -2.364193
2.414935 1.550475 1.848339 1.885491 2.438113
1.692311 0.9013468 2.192626 1.189731 1.392526
1.463948 1.849431 0.9339587 1.079492 1.950981
1.945146 2.185452 1.541288 0.8415093 1.771337
0.9419916 2.250329 1.242349 1.668389 1.727496
1.093381 1.943857 1.553768 2.204977 1.343372
1.754289 0.7200702 1.861392 1.831459 2.130019
1.321997 1.321997 1.212089 0.8441724 1.890363
2.158878 1.69668 2.373758 1.482879 1.774139
1.668596 2.195026 1.09473 2.063847 2.226216
1.271901 1.802459 1.482168 1.941795 1.706449
2.211784 1.902566 2.334976 2.274581 1.855079
1.139314 1.697516 1.924184 1.553106 1.126576
1.61027 2.775229 2.047937 2.012836 1.867671
2.462366 1.581235 1.080272 1.704533 1.416552
1.311809 0.9232546 1.065165 1.314219 1.129234
1.22905 1.48982 0.7993006 1.359824 1.880475
1.547074 1.599462 1.022285 1.799876 2.415071
1.75508 1.442948 2.034514 1.448608 1.633229
1.491652 1.33352 1.546919 2.51044 2.30962
0.8534441 2.014414 1.046386 1.199755 0.9482446
1.488812 1.516956 2.21866 2.700359 2.245749
1.777796 1.882472 2.138136 1.510656 1.885491
-1.514183 1.692311 1.692311 -1.16799 1.642503
-1.068884 -0.9752479 1.328989 2.337758 2.231061
-2.710546 2.920781 1.076334 -0.9894637 0.8992505
1.731992 1.156674 1.188716 -1.49566 -1.704246
-1.985372 1.869121 -1.361953 1.521673 2.153861
2.767641 2.364257 1.388721 3.125804 2.170143
2.173788 -0.9779346 -1.545232 1.598187 1.816838
-1.516276 -1.587322 -0.9633476 2.438511 1.941795
1.73579 1.396279 2.029874 -0.823972 -1.979811
2.335576 2.707352 2.058532 1.482661 1.282802
1.533838 0.9995715 1.803377 2.134135 -1.762874
-1.127071 1.011268 -1.992775 -1.157966 1.061604
-2.101418 1.944575 1.976576 2.090153 1.274852
0.9167014 -1.916474 -0.9566143 -1.417212 1.750984
-1.581035 1.57604 1.73168 1.401468 1.332555
1.807852 1.089425 -0.7982625 -1.27526 2.014414
2.487338 1.588593 1.812092 1.804894 2.620088
2.620088 2.620088 1.213055 2.659053 -1.88305
1.024771 1.992659 -1.747933 1.747933 1.232544
1.645617 0.936805 1.272833 1.823999 1.021224
1.776705 1.776705 0.8776852 1.334193 1.005186
0.7356851 1.219258 1.128153 0.8576919 1.576314
0.9345025 0.7681167 1.015195 1.559434 1.136623
1.182614 0.8758972 0.9823621 1.024558 2.508351
0.8584422 1.024263 0.9619033 1.061574 0.9346907
0.8148851 1.032417 1.248989 1.780682 1.616672
0.7224439 1.444974 0.7913695 1.774025 0.7593024
2.163338 1.60987 1.220075 1.146724 2.088778
1.633869 0.882478 1.544582 0.9328371 0.8844586
0.9129602 1.040285 1.25429 1.148957 1.457052
0.7443719 1.109788 0.9233092 0.9782747 -2.451622
1.109091 1.362135 1.215363 0.8582318 0.8932908
1.689865 0.634125 1.257254 0.9024976 0.9789165
0.6959849 1.063959 1.096512 2.750549 1.408334
1.704342 1.532862 1.151317 1.653162 1.085741
0.737876 0.7141481 1.458237 0.7801446 0.7657051
0.977696 2.267279 0.5712065 1.843746 0.5131179
0.8428389 0.8379464 1.033201 1.996448 2.119681
0.6600773 1.481239 1.06384 0.9207685 0.790583
0.6335849 1.263112 1.194286 1.333313 1.148299
0.7898863 1.204956 -1.115736 0.7739288 -1.160803
-1.079492 1.865367 0.8415093 0.7020298 0.9045202
1.731992 0.5781469 -1.361953 -1.429284 -1.318373
0.6211873 1.22905 -1.022285 0.7789706 1.158893
-2.415071 -1.216593 -2.51044 1.219867 -2.121981
0.8534441 4.551203 1.213055 -1.350631 -1.148299
-0.8764387 1.776705 1.85948 1.665857 1.803001
1.411242 2.082277 2.235501 4.256293 1.855224
2.362804 1.942744 2.064456 -1.856646 1.80154
2.450353 1.00479 1.310515 1.080946 1.472664
1.847845 1.90042 1.74914 2.063011 1.265052
1.961095 1.430471 1.303509 1.959504 1.837063
-1.229693 2.040011 1.210816 2.028069 1.78493
1.794843 1.823861 2.009163 1.839258 2.464839
1.854897 1.755873 -1.003912 2.285305 1.969496
2.018265 1.606941 1.992886 2.290484 1.148485
1.851624 1.736094 1.814696 1.745168 2.565643
1.197134 1.571931 2.08806 1.595324 1.593266
1.548486 1.312319 -2.3 1.507092 1.927495
1.970582 1.973071 1.770135 1.051368 1.4327
2.063698 1.768626 1.926944 1.880142 1.702877
2.399404 -1.820631 1.508334 -1.341127 2.14996
2.080911 1.960243 2.231061 1.484771 1.529218
-1.550509 -1.408644 -1.418727 1.684596 -1.031767
-1.159809 2.042559 -1.686917 -1.556288 1.791257
1.512804 1.272724 1.598904 1.839868 -0.9055852
2.184487 1.662317 -2.421466 -3.125804 -1.479689
-1.573378 1.966319 2.040483 -2.088778 -1.229693
-1.853712 -1.475186 -1.988307 -1.695801 2.22032
-1.278983 -1.438643 0.9233092 -1.168301 -1.433558
1.32637 -1.003912 -2.462565 -1.000377 1.84246
-1.554968 -1.614723 -1.497054 -1.744696 -2.032121
-1.351171 -1.401374 -1.534983 -1.355858 1.745168
1.746255 -1.387634 -1.642651 1.687284 -2.185709
-2.185709 1.57604 -1.813694 -1.316586 -1.219867
-1.219867 -0.9792307 -2.090285 -1.366285 1.724916
1.922842 -1.492913 -1.588593 -1.336536 -1.12381
-1.713896 1.640841 -1.213055 -1.716802 2.177173
1.609959 2.167351 -1.525889 -1.819772 -1.418626
1.776005 1.473368
