2.640722 5.026997 2.768436 2.844387 5.026997
2.888841 1.518157 1.737805 1.149342 2.180838
1.714104 1.453598 -1.272501 1.811526 1.802702
-2.088762 1.426075 1.191697 0.8239944 1.118212
1.906451 1.239821 1.239821 0.9460745 1.20918
1.256061 1.532169 1.058522 0.7254458 1.074128
0.8358479 1.323779 0.8674435 0.8279843 0.8348581
1.165392 0.8468584 0.9971762 0.7617718 1.326334
0.8727915 1.079963 1.118344 1.432706 1.182508
1.031644 0.9052199 1.039495 1.342721 1.191697
-1.4926 1.289048 1.289048 1.144221 1.591995
1.156374 1.757522 -1.004989 2.467096 1.118344
0.9615044 1.231007 -2.232084 1.567729 1.699711
1.798001 1.580304 1.794264 1.191022 1.594526
1.638036 2.302368 -1.988306 1.724166
