2.270603 2.727538 1.753632 2.418042 1.491696
2.313733 1.804537 2.413465 -1.657268 -1.686931
1.207592 1.324669 1.221932 1.33923 1.031146
1.031526 1.31312 0.9785501 1.142066 0.8687884
0.8278207 0.8788667 2.427114 0.9470228 1.132462
0.8810515 1.212775 1.522688 1.077537 0.8648159
1.136012 1.348611 0.9149093 1.454178 1.338462
1.569155 1.324669 -1.291814 1.529851 -1.737271
2.427114 -1.830746 -1.501066 -1.530558 -1.783351
1.884042 -1.105471 -1.569422 -2.011144 2.72988
0.8981645 1.08112 1.446131 1.373183 0.8592295
1.00116 0.9279168 1.332055 2.089222 1.075957
1.222516 1.710973 1.855958 1.500392 1.229576
