2.386092 1.516817 2.422317 1.890327 2.119028
2.228569 1.814554 -2.279368 2.67455 1.942936
2.236474 1.824325 2.451628 2.523391 1.960849
2.403402 2.295526 -2.661856 2.75207 -2.170467
2.690155 2.574564 2.945318 -2.597574 -2.257697
2.838041 2.692499 2.574553 2.99475 2.477003
-2.788354 2.300977 2.169352 2.379727 -2.127205
-2.181547 2.59334 2.345076 2.863602 2.988273
2.509761 -1.877075 1.883467 2.12362 1.814329
2.27051 2.072835 2.015238 1.857136 2.24156
2.33096 2.621219 -2.20517 2.865409 2.555944
2.378851 -5.320385 2.246818 2.470995 2.733483
-2.597797 -2.346276 2.24282 2.83928 2.228437
2.412377 1.583189 2.403103 2.247844 -0.333263
3.105685 0.8571563 3.117693 1.149538 1.835925
-0.6410758 1.029873 2.038881 2.038881 0.3240123
2.179755 1.427642 2.581106 2.346581 2.727689
1.813775 3.142408 -2.284356 2.57452 1.926713
1.188808 -2.005517 -2.415016 2.842327 2.297307
-2.75407 2.396175 1.755209 2.369263 2.086721
2.392855 2.666728 1.950146 1.950146 2.692132
0.1970729 2.57703 -1.211327 -2.233717 1.789214
2.299896 1.8955 2.11598 2.193844 1.697486
2.180067 -1.613098 1.858121 2.2574 1.91184
2.210039 2.210039 -1.942638 2.005726 -2.987738
2.987738 1.720253 2.320836 -2.316864 -1.99177
-2.046122 0.4666601 -1.622751 2.466478 -1.954331
1.811993 1.249966 1.919432 -0.958434 2.168193
2.838016 1.773069 -1.814554 -1.776993 2.172856
-2.987738
