-2.83452 2.85624 -2.33969 -2.304173 -2.795434
-3.231007 -2.732594 -2.346497 2.397312 2.629155
2.882414 -2.824345 -2.913919 -2.458372 -2.025822
-2.239547 -2.287482 -2.104956 -2.638118 -2.713516
-2.100078 2.562581 -2.209127 -2.365571 -2.735788
2.290607 -2.229965 -2.079284 2.574012 -2.507005
2.53482 -2.151885 -2.528466 -2.062282 -1.991506
-2.227047 -2.721503 2.178988 -1.983986 2.058756
-2.439249 -2.795861 3.396162 2.416887 -2.351279
-2.381156 2.321447 -1.919455 2.500648 2.222209
-2.674185 -2.643383 -2.078327 -2.92518 -2.333867
-2.128706 -3.231007 -1.669096 -2.10741 -2.356247
-2.405934 2.629155 -1.300744 -2.946653 -2.51674
-2.04871 -1.93452 -1.6641 -1.954584 -2.437441
2.459332 -2.661093 -2.278251 2.200251 2.322591
-1.867521 2.090602 1.176422 1.187263 1.268601
1.473749 2.399351 -2.648128 1.593461 1.772417
1.272935 1.181415 2.271417 1.761911 1.443659
1.053629 2.153397 1.462046 1.257165 1.136919
1.008399 1.671884 1.766224 1.574926 1.16179
1.171954 1.672711 2.075088 1.236833 2.200251
1.824265 -3.231007 -1.467178 1.470514 -1.6641
-2.805099 1.617345 -1.337926
