1.626445 -1.524274 1.751464 2.384079 -1.793831
-3.12743 1.269015 -2.083405 1.287947 -1.68737
-2.777054 1.651206 2.458906 -1.324468 2.145315
2.229523 1.748335 2.008082 2.507992 -1.953303
1.792748 -1.847653 2.282904 1.798775 1.759496
1.487993 1.520047 1.607835 1.935025 2.031289
1.925676 1.913099 2.206885 2.208662 1.782153
1.606127 2.119639 0.9776168 1.398014 2.223472
1.780219 -1.544827 2.255727 1.870151 1.755102
1.896964 -1.575755 1.927434 1.99133 2.078009
-1.759573 2.061157 -1.431715 -2.583575 -1.454689
-3.12743 -0.3930631 -0.2032562 -1.083388 2.036579
-1.79113 1.626445 -0.2574819 -0.9756315 -1.524274
-1.623047 2.704527 -1.381603 -1.838854 1.551425
-1.904648 -1.705563 -1.261624 -1.544827 -2.777054
-0.8218854
