-2.418238 -3.119965 2.623595 2.53976 -2.433412
-2.283299 -2.764525 -2.749772 -2.205925 -2.095823
-2.709237 -2.708486 -0.6609153 -2.981513 -1.084687
1.693414 -1.962287 -2.037575 1.915686 -2.253018
2.285549 2.298071 5.192848 -2.147226 -1.93909
-3.059024 -2.095823 -0.2583667 -2.373942 -2.324081
-2.235249 -0.8305611 1.706957 -1.620255 -1.916089
-2.159342 -1.781786 -2.013006 -1.554383 2.280804
1.804586 1.572013 1.67216 1.658534 1.735793
1.538244 1.651808 1.92887 1.071454 1.778352
1.6559 1.261698 1.600507 1.406126 1.058658
2.81359 1.502195 1.307736 1.852552 1.889857
1.589732 2.579553 1.812407 1.654819 3.073214
1.796083 -2.208159 1.735499 1.579961 1.70993
1.404581 1.824082 1.991411 -1.474322 1.929294
1.361448 1.763584 1.847317 -1.384651 2.036585
1.972154 3.122064 1.424141 1.52529 1.684365
2.110274 1.785938 1.955441 1.537386 1.594722
2.062482 1.718556 -1.281285 1.583494 1.752976
1.763672 1.497904 -1.615835 2.214339 1.773656
-1.699475 -1.849642 -1.765736 -2.366384 -2.19307
-1.848034 -2.269044 1.610605 -2.075441 -2.007138
-1.781726 1.824082 -0.7424261 -1.536427 -1.916089
-1.916089 -2.649564 -2.318438 -1.340591 -1.894709
-2.910335 -1.62798 -1.62798 -2.255808 -1.923783
