2.659653 2.611514 2.221036 2.645249 2.612798
2.641337 2.53687 2.886785 2.763714 2.484963
2.718471 2.902419 2.389295 2.611514 2.34703
-2.572988 2.762279 2.437057 2.388649 4.612645
2.714861 2.409091 2.651291 2.685967 2.312036
2.640885 2.513716 2.473898 2.882885 2.289764
2.514478 2.522493 2.375315 2.460368 -2.698831
-2.142872 2.089605 2.304446 2.320768 2.544526
2.280332 -2.686066 -1.269442 1.721794 2.130727
2.192807 2.437727 2.04775 2.351339 2.405778
2.067054 2.351726 2.544526 -3.151672 -0.9817455
-1.935878 1.820512 1.725551 1.736272 2.400738
1.482984 1.76765 1.656847 2.209739 1.559752
1.538868 2.135202 1.726004 1.121527 2.264349
2.240531 2.088248 2.105753 2.474182 2.223986
2.209963 2.515005 2.110333 1.632968 2.516123
2.111769 2.104415 1.953197 2.352205 2.428338
2.307334 2.437888 2.522424 1.560898 1.707316
1.907031 1.976223 2.047742 1.404524 1.693157
1.71712 1.533905 1.95993 1.840379 1.237572
1.834614 2.297781 2.263722 1.733561 2.005789
2.071366 1.717521 1.766335 2.72715 2.541657
2.084894 1.179336 1.964909 1.419596 1.512973
1.527611 1.912616 1.768708 2.627719 2.324021
1.828651 2.077517 1.948064 -1.545959 1.166726
-2.680981 1.932924 -1.905097 1.905097 1.98944
3.18789 2.246282 2.246282 -1.487455 1.889416
1.420519 1.162329 2.720021 2.720021 1.234131
-1.592616 -1.38484 1.374039 1.009976 1.626344
1.293069 1.164277 1.675356 1.129768 1.344891
1.011658 0.9535511 1.052835 1.175464 2.421474
1.262071 1.3135 1.630499 1.476521 1.349422
1.375299 1.362215 1.033521 1.063362 1.81083
1.068243 1.283297 1.012571 1.265436 1.746823
1.332955 -1.237415 1.050824 1.072623 1.182785
0.9636605 1.121466 1.954232 -1.250763 0.9817455
2.368841 1.057173 -1.23315 1.179336 1.110656
1.175663 -2.720021 1.234131 1.234131 1.912616
1.374039 -1.470757
