1.73832 1.711224 2.000385 1.43773 1.796194
1.884266 1.81641 1.526279 1.261484 1.519541
1.652299 1.737333 2.747316 1.682287 1.906082
1.97008 1.290712 1.452518 1.77575 1.715407
0.8678486 1.644001 2.209969 1.724001 1.712057
1.322687 1.598741 1.688969 1.363936 2.187014
1.776267 1.556341 1.263352 1.642513 1.791322
1.48935 1.531677 1.645785 2.594192 2.45156
1.764912 1.734414 1.609557 1.690568 2.038296
1.485906 1.665378 1.436743 1.643305 1.614932
1.776594 1.196186 2.651648 1.656748 1.891925
1.273205 1.911881 1.681476 1.353902 1.506338
1.800302 1.403337 1.607162 1.451872 1.509679
1.961199 2.025496 1.902219 2.0391 1.566022
1.686614 1.76379 2.311394 1.522756 1.925348
1.227472 1.8636 1.514556 2.120831 1.769852
1.46354 1.760225 1.339851 1.873002 1.384919
2.05387 1.979644 1.744104 1.484659 1.90066
1.642119 -0.2954854 -0.4666813 1.799442 -2.168835
-0.6079984 -1.831516 1.493368 -0.2721377 -1.058231
1.62302 -0.6191183 1.646998 -1.539077 -0.3389185
1.591423 -2.376051 -1.037921 1.759801 2.573243
1.127884 -1.744544 -1.744544 -2.076689 -0.7268475
-1.035692 2.115588 -0.9562151 1.794082 -0.5833517
1.475276 -1.892491 -0.2610697 1.347702 1.248956
-1.213912 -0.5269115 -1.98792 -0.554597 1.566022
1.846119 -2.673093 -2.12109 -0.4001102 2.925344
1.430971 -0.8482861 -0.4341097 -1.919254 -1.129757
-1.533393 1.550369 -2.026485 1.264122 -1.834256
-2.716195 -1.881847 1.81423 1.81423 1.912466
-0.8913617 1.878552 1.572377 1.900374 -0.4287712
