1.898783 1.738237 2.173323 1.595907 1.946243
2.066998 1.429506 1.691778 1.794555 1.876402
1.861627 2.020935 1.495395 1.063 1.908851
1.444253 1.900721 1.771677 1.438535 1.827836
1.638334 1.839203 2.718522 1.960889 1.795817
3.190404 2.190282 1.84473 1.960413 1.434998
1.852875 1.732694 1.666574 1.541977 1.744672
1.562347 2.115468 2.206665 1.886819 1.916974
2.169966 2.417586 1.669906 2.096459 1.420567
1.64232 1.938676 1.481644 2.016549 1.553881
2.144641 1.663752 1.66262 0.1947804 0.6095207
1.113196 1.970767 1.673994 1.213597 1.831773
1.735451 0.4662631 -0.8556275 2.519705 1.220007
1.277028 1.934251 0.3477126 2.687621 1.905793
1.905793 1.201483 1.322175 1.983875 0.703299
2.058715 0.108564 1.746338 2.041642 1.568359
1.035472 2.102848 1.673577 3.043834 -2.816738
1.945316 2.088292 2.041739 1.773487
