-3.199765 2.924787 3.298502 2.778138 -2.972211
-3.240167 2.960656 2.530866 2.895115 2.746321
3.104795 2.830637 2.741235 -3.06069 2.153006
1.924215 -2.81261 2.257407 2.276688 2.389948
1.889909 2.083855 3.298502 2.289323 2.289323
-2.357604 -3.06069 2.279668 1.964923 1.621654
0.6826945 1.313265 1.416875 1.149313 0.9410337
1.372842 1.245843 1.288756 1.324847 1.680047
1.516234 1.299631 1.878767 1.6288 1.207918
-1.617023 0.9617777 0.9366102 1.554563 0.9030366
1.73292 1.042226 1.057891 1.182816 2.177487
1.409161 1.222316 1.07175 1.215346 -2.103715
1.57095 1.106222 0.9115783 1.268495 3.109139
1.522612 1.49446 2.075607 1.719482 1.182765
1.519653 1.152791 1.505164 2.1563 2.055254
0.9817935 1.744142 1.643164 1.546584 1.506734
1.901647 2.033634 1.470467 1.416875 1.794128
1.609532 -2.270522 0.8013057 1.892169 1.073077
1.52551 1.060557 2.335275 0.7879978 0.8914938
1.750932 -1.445825 1.823927 1.99336 1.82193
1.17716 1.719482 1.716522 2.303205 0.9709053
0.9854971 1.503112 1.139156 -1.583606 2.721392
1.053383 1.864329 1.107772 1.155023 1.308634
1.458823 1.775116 1.19502 1.35495 1.393972
1.551552 1.220213 1.086873 1.150463 1.162641
1.140702 1.817497 1.966757 1.182457 1.032085
1.234611 1.136555 1.599675 1.015222 1.349807
0.8680963 1.775034 1.016839 1.308826 1.360273
1.243993 1.127 1.034375 1.194689 1.441841
1.132711 2.098097 1.629001 1.286566 1.315902
1.113599 2.499956 -1.161886 1.089616 1.918081
1.352563 1.194461 1.602682 1.201717 2.737055
1.017742 1.432919 1.372177 1.531601 1.182512
1.042937 1.510583 1.06249 1.063885 1.621507
1.722369 1.654795 1.072829 1.443369 1.413067
1.113712 0.8426606 1.716467 1.087698 1.971351
1.548269 1.184832 0.9900027 0.9209384 1.493254
1.507519 1.212987 1.300055 1.366948 0.9648065
1.719648 -1.159328 1.366835 1.514694 1.693873
1.352699 1.36269 1.327397 1.002424 1.126147
1.706225 1.713552 1.161043 1.341828 1.408559
1.756097 1.911179 1.293997 1.011063 1.551066
1.015448 1.415198 2.226734 1.012988 1.528614
1.656124 1.734902 1.2209 1.962161 1.237403
1.400602 1.164539 1.218367 1.155023 1.663742
-1.229738 0.6826945 1.634204 2.018792 1.288756
1.461838 -1.080472 -1.060399 -0.9972348 1.474397
-1.582187 -1.113544 1.194689 1.645582 -1.025685
-1.482683 -1.277687 -1.605113 -1.323324 1.316225
1.123426 1.094413 1.369841 2.110685 1.82193
1.642251 -1.159328 1.772754 1.772754 -1.236676
-1.110437 -0.97955 1.38639 2.721392 -1.391532
1.053331 1.312512 1.139802 1.213785 1.715687
0.9770234 1.340321 1.438081 1.47608 1.438094
0.8604317 1.603534 1.47162 1.623826 1.770319
1.472582 1.475441 1.123248 1.448595 1.465514
1.680923 1.246789 2.620802 1.607659 1.692459
1.282243 1.46634 1.01108 1.316838 1.286566
1.361393 1.509136 1.478032 1.38925 1.42586
