1.956114 1.880296 2.313704 2.01131 2.25328
1.794923 1.949301 2.208351 1.969107 1.567068
1.660711 2.043856 2.946867 1.895907 1.974383
1.538027 1.985449 1.980669 2.01389 1.899696
2.701535 1.995364 2.381978 2.025721 2.240106
2.042994 2.135011 2.213708 1.550688 2.205677
2.031498 1.854724 2.302396 2.540831 2.182578
1.76154 2.179583 1.767551 2.027092 2.401771
1.693374 2.211803 2.037986 -0.4110471 -0.5348235
-2.064648 1.483632 -1.139761 -2.241132 -0.8561437
-0.4348853 2.29042 2.673984 -2.041312 -0.7897963
-0.3607123 -0.481099 -0.5396747 -2.301308 -0.8870283
-0.7133579 -0.722586 -0.8523315 -1.181488 -2.101128
2.22734 1.456803 3.087301 2.330509 -2.044754
1.594877 2.908274 -2.195094 2.168971 1.928184
-1.987225
