-2.295225 -0.7710137 2.147405 -1.670834 -1.892072
0.5714719 0.7320254 1.795214 1.421061 1.090267
-1.507846 1.111367 1.111367 1.115222 1.349669
0.7077238 1.221997 1.163449 -1.385734 1.104682
-1.132422 0.8271578 1.450158 -1.078318 1.287742
2.070417 1.140594 1.065617 -1.892967 1.079903
-1.07448 1.245841 1.266817 0.9523677 -1.231847
0.9010626 1.522911 -0.8680402 -1.862327 0.98826
-2.507737 -1.485573 -1.355657 -1.144402 -1.035355
-1.146514 1.425148 -0.8712549 -2.010939 -0.841844
-0.8022034 -0.7710137 0.8872056 -1.132422 -1.47635
-1.808425 -1.522417 -1.555952 -2.264485 0.7655193
1.592721 -0.8866978 -1.747438 0.8876547 -1.07448
