-0.6137795 -1.286468 1.118731 0.8050685 -1.856219
2.167218 2.029618 1.123814 2.165729 1.399881
-1.087132 1.616787 1.180483 1.180483 -0.8467266
0.6932222 0.6768523 1.599188 0.8197076 0.9988073
1.422824 0.8833792 0.9700286 1.54033 0.5795414
0.6246568 -2.769409 1.026173 1.698313 0.7809921
1.454477 -0.952313 1.153852 1.124269 0.9781149
1.713995 1.545498 1.164615 0.95972 1.40307
0.997598 1.346758 1.53484 0.6779356 0.7992242
1.447128 1.199043 0.7915739 1.402649 1.002145
-1.33277 1.041586 0.9973679 1.200798 0.9977204
1.07901 1.031712 1.350512 1.323197 0.7545461
0.7227901 0.9311132 1.097451 0.7280361 1.371519
1.105737 0.7149224 0.7989437 -0.8502634 -1.224051
-0.8465779 -1.580875 1.172733 -1.383768 1.232808
1.399881 -1.829132 -2.131199 -0.9224582 -1.286468
0.9880769 2.490744 -1.075586 -1.236858 1.383677
-1.452157 -1.443876 -2.535691 0.8234235 -0.6137795
1.1651 -1.659918 -1.796505 -1.057577 1.599187
-1.770831 -2.290321 1.211067 0.6971908 0.6971908
0.997598 1.196605 1.670812 -1.05783 -1.243891
-1.05098 -1.15415 -1.199043 -2.165808 -0.8465957
1.495661 0.8372071 -1.408544 -1.532283 -0.6635716
-1.676475 0.5830309 -1.202362 1.0778 1.457936
1.003468 -1.269851 0.9114412 1.315256 -2.007621
1.090036 -1.645231 -1.156813 1.286395 -1.482462
1.00524 0.951956 -0.9333067 1.261235 -1.336725
-0.8434181 2.343516 1.004769 0.7280361 -0.8130431
-0.7460761
