1.306631 2.407156 2.64806 2.572466 -2.301578
1.500148 2.069188 -2.444964 -2.444964 1.876283
1.924632 -1.9787 -1.973045 -1.899504 -1.215304
-2.643728 2.074973 1.9828 1.581473 -1.552212
-1.903946 1.383923 1.600019 0.9295703 2.130867
1.004107 -0.9898643 1.137589 1.372028 2.145823
1.166598 0.9336515 1.032461 2.275248 1.610458
1.158072 1.212558 1.262183 1.543805 1.076042
0.9755089 1.244207 1.235984 -0.91681 1.468216
1.044607 1.53854 0.7028882 1.531364 1.026993
-1.852587 -1.057802 1.249541 -1.566332 -1.168609
-1.274354 -1.540429 -1.327027 -1.316589 -1.31291
