2.691662 -3.143362 -3.143362 -1.822085 1.167311
-0.4971537 1.275285 2.27074 2.327356 1.756255
1.200352 2.812766 -7.445482 -1.952345 0.9933958
0.9959905 0.9514681 -1.657278 1.808634 0.8834516
1.247932 1.822212 1.315233 1.785942 1.568575
1.354332 1.50024 1.922547 1.863345 0.4088726
0.325443 1.227006 1.138145 1.216448 0.5718946
1.729956 0.4999756 0.8042585 1.345986 0.3214411
1.552507 1.984938 1.614601 0.7395062 0.598076
0.7825502 1.353477 1.413901 2.008585 2.092093
0.7462416 0.59515 -0.4100771 0.3524229 -0.8033589
1.167311 1.043948 1.955213 -0.8922064 -0.6620146
-2.153357 -2.008585 -0.7512114 -0.2009547
