-2.874845 2.833326 2.765601 2.73879 3.36402
2.934316 2.761144 2.810494 2.895687 2.69617
3.36402 -2.989806 2.989806 2.550193 2.144578
1.990816 2.033302 1.975845 1.906346 2.65971
3.36402 -2.219999 -2.29319 0.9521086 1.629562
-2.310832 0.7849523 1.775491 0.9363886 1.319221
1.852833 1.380841 0.822148 1.591571 1.367408
-3.36402 2.052297 -1.992711 -2.09634 1.651555
0.9363886 -1.490005 1.813412 0.8007828 0.9559507
1.168159 -2.561715 -1.069582 1.087935 1.089198
2.094644 2.304666 1.358118 1.250518 2.031154
1.377536 1.19196 0.7486014 1.004302 1.433695
-1.016801 1.313986 1.471322 1.58737 0.6485711
1.350773 1.562359 1.012253 1.111127 0.8190363
1.354375 0.9478873 0.6951886 1.19657 -1.938434
1.295651 0.8098817 0.9923959 1.110726 1.089575
1.004377 1.203194 2.369427 -1.501392 -1.163822
1.076376 0.8777173 1.519303 -1.010378 1.373153
-1.606392 1.399304 1.259328 -1.122697 -1.216052
-1.221682 -2.080508 0.6485711 -1.040081 1.562359
1.992504 1.992504 1.065412 -1.15724 1.426875
-1.088454 -1.53077 1.053915 -0.9052424 1.161887
1.498056 -0.8488406 1.110726 -0.9618364 1.004377
