3.065901 2.942795 2.693642 2.98311 2.76239
2.888686 2.739469 3.172122 2.915337 2.808335
2.893954 2.974789 2.936738 2.882415 2.977076
2.811433 2.964706 2.902656 2.688813 2.623176
3.167785 3.122204 2.98144 2.820452 3.053469
2.680904 2.820609 3.052493 2.663211 3.10983
2.62852 3.212426 2.997958 3.111796 2.895134
2.768984 1.88965 2.641991 2.98311 2.638775
2.227068 2.628839 2.778802 -0.8053168 2.522677
2.933716 2.750618 -1.024737 -2.902001 2.729065
-2.679803 2.745758 2.968397 2.969612 2.817879
2.950597 2.72882 2.65198 2.766262 2.782961
2.751748 3.053826 2.682054 2.781213 2.884232
2.623858 2.824177 3.095893 2.811063 2.762289
1.896333 2.564629 2.556333 2.510668 5.620492
2.466184 2.517996 2.588438 2.572193 2.711811
2.418082 2.354176 2.541759 2.569362 3.033849
2.786155 2.609373 2.764879 2.86589 3.157357
2.817355 2.913919 3.108614 2.627472 2.295006
2.455187 2.841838 2.565916 2.698129 3.004957
2.5836 2.634175 2.888271 2.721126 2.824202
3.105007 2.051656 5.405606 2.708327 2.560756
2.411831 2.998382 2.585881 2.686732 2.538609
2.770042 2.776693 2.489831 2.622605 2.472071
2.681687 2.527673 2.814695 2.742264 2.647954
2.701309 2.714143 2.811584 2.830112 2.556333
-2.385963 -2.643549 -2.517996 2.963402 -2.731086
-2.569362 2.569362 2.969612 2.449988 -0.7374968
-2.8902 2.709203 -2.751748 2.70732 -2.541402
1.689767 -2.935032 -0.8636122 -0.2319033 2.359483
-2.60779 -2.269253 1.937149 -1.450218 1.056068
-2.836824 -1.876113 2.551714 2.747415 0.8750951
2.699618 -1.825558 -2.208398 -0.653364 -0.2161447
2.580085 1.955054 -2.838359 -2.695413 -2.201575
1.576487 2.881889 2.170061 2.065473 2.323236
1.196816 2.720185 2.531463 2.524625 2.292619
2.526637 2.396099 2.862025 2.120973 -2.438958
2.653857 2.950696 2.695277 2.235319 -2.63488
-2.635594 2.849222 3.042665 2.866251 2.505205
-2.782961 -1.717043 2.441974 2.538609 -2.51674
-2.328988 -1.631533 -2.403216
