2.988068 3.039807 2.569424 2.624 2.759062
2.601749 3.045927 2.692307 2.828727 2.988197
2.702526 2.755593 2.757521 2.824859 2.699413
2.820761 2.751019 2.71869 2.534762 2.807889
2.479607 3.022085 2.841602 2.921874 2.705632
2.529074 2.68222 2.901468 2.516789 2.975288
3.076305 2.982129 2.982585 2.609812 2.470396
2.365174 2.781048 -2.587869 2.297567 3.027936
2.558946 2.658127 2.810984 2.425797 2.367357
2.573468 2.908272 2.630735 2.625289 2.940258
2.632983 2.479607 2.31345 2.226618 2.160837
2.386772 2.652441 2.218568 2.40514 2.720431
3.116539 2.706527 2.609347 2.720706 2.352233
2.409402 2.554696 2.716362 2.646152 2.969034
1.851359 2.406706 2.37031 2.53076 2.485288
2.573541 2.593014 2.634555 2.421244 2.364873
2.463391 2.466271 2.518188 2.534293 2.905353
2.644108 2.319165 2.346643 2.558744 2.31345
-1.242164 2.386772 -0.7418223 -0.5019664 5.18375
2.721457 2.793754 0.8604341 -0.3596114 -0.5016083
2.530488 2.625289 1.869827 1.964272 2.710662
2.710662 2.183826 2.613404 2.063239 2.448669
2.033123 2.133004 2.110861 2.118617 2.448626
2.363734 2.967342 2.31822 2.053353 2.128207
2.463945 2.796999 2.3867 2.076263 2.344211
1.699837 -2.346681 -2.572402 2.148303 2.773417
2.845084 2.604726 1.960968 2.275007 2.375604
2.480154 2.324825 1.898711 2.216631 2.179408
2.288876 2.402924 2.470607 2.359806 2.648109
2.360474 2.276396 2.079062 2.696096 2.651069
2.443198 2.688039 1.902438 2.234723 2.283841
2.101952 2.453729 2.491939 2.619273 1.989543
2.87534 2.100459 2.626588 3.993664 2.279222
2.3686 2.326972 2.656688 2.700344 2.335111
2.872029 2.220917 2.212107 2.707237 2.556535
2.618243 2.241673 2.445231 2.19289 2.086421
1.899829 2.292604 2.016624 2.541301 2.10336
1.861638 2.967105 2.357896 -0.4602737 -0.2954433
-0.2954698 -1.570751 2.47274 2.339595 -0.3566653
-2.604726 2.275007 -0.7835191 -1.638945 2.687885
2.127583 2.573468 2.116263 5.18375 2.295232
-1.520369 -1.668946 -1.678366 2.89187 -0.9492237
1.593878 2.613048 2.439433 2.118842 2.256844
2.056472 2.045479 2.832181 1.886654 1.991642
2.040815 1.727629 2.321885 2.260427 2.008735
2.226626 1.663464 2.764549 2.552215 2.357143
2.265825 1.70103 2.195613 2.184098 1.64639
2.280912 2.338846 1.750515 1.817119 2.302359
1.541913 2.413975 2.374308 2.326191 2.515012
1.837817 2.839349 1.659932 2.277775 2.243123
2.723206 2.29936 2.248634 1.353101 2.543353
1.786847 1.960337 2.48903 2.420658 2.017689
2.135447 2.153556 2.191017 2.315835 1.905493
1.558487 2.47134 2.501009 2.076979 2.368679
1.870287 1.879974 2.031601 1.977955 1.944114
2.702671 1.469608 1.938673 1.896282 1.552292
2.220096 2.074895 1.777338 1.653204 1.927914
1.98091 1.802863 2.112702 1.777301 2.648639
1.844898 2.101303 2.489556 -2.27258 1.98156
2.052023 1.906775 2.046678 3.012762 1.714682
2.694457 1.770634 1.837191 1.942884 1.879492
5.12019 2.334169 2.224438 2.168394 1.732827
1.729702 1.861644 1.878681 1.429703 2.216235
2.180651 2.816748 2.320575 2.13046 -1.389222
2.056472 -0.5551291 1.965855 -0.3332692 2.076263
1.791234 2.269978 2.020163 1.662892 -0.564877
-1.814378 -0.8547132 1.890494 1.782065 2.101952
1.817334 1.030568 -1.14785 2.633293 2.89187
2.89187 2.89187 2.168394 -0.6902108 1.317496
1.999957 1.897511 1.869065 2.312279 2.312279
-2.1517 1.615852 1.718367 1.57402 1.874526
1.495949 1.777807 1.486503 1.880747 0.9910667
2.376938 2.204572 2.018257 1.514943 1.754872
1.947858 2.013723 1.21486 1.28973 1.692742
1.266962 1.725555 1.349939 1.6972 1.690822
1.880264 1.57505 1.413426 1.499277 1.540259
1.230932 1.784321 2.20006 1.331782 1.854231
1.905221 2.27269 1.670335 2.07092 1.356453
1.548862 1.939714 2.386455 1.744159 1.114994
1.484079 2.440981 1.181616 1.854514 1.855429
1.562366 1.343871 1.086456 1.440528 1.898622
1.505178 1.704316 2.16157 1.882032 1.498218
1.986451 1.881419 1.26763 1.522882 1.96657
1.550157 1.043978 1.547639 2.126422 2.196444
1.297782 1.589928 2.832595 2.260307 1.111004
1.722805 1.651843 1.458373 1.500583 2.095649
1.15292 1.016437 1.711237 1.997871 1.592494
2.109844 2.076263 2.076263 -0.6045913 -0.4174875
1.663558 1.904784 2.648639 2.101303 -1.958889
1.636788 -0.5075042
