2.166496 2.838769 -2.858419 2.019705 1.913013
1.831459 1.687991 1.620781 2.112744 2.049805
2.310024 1.953072 2.325597 2.477074 2.218786
1.586121 1.926791 2.237318 1.782735 1.815132
1.516855 1.552345 2.593073 2.005099 1.775909
1.837395 1.768234 2.709209 1.627173 2.005495
2.00707 2.14792 2.162987 1.46492 1.888902
1.60798 2.269629 1.231914 1.649091 1.877169
1.401921 1.425164 1.925827 1.660564 1.954022
1.792461 1.75442 -1.806483 1.821963 1.630518
1.947624 2.043082 1.313727 2.237318 1.815132
1.880919 1.678829 -1.738696 1.497159 -3.132353
-1.736332 1.882092 2.109156 1.632463 1.687991
2.062998 1.89809 2.073044 -0.9191842 2.049805
2.714 -0.2148568 -2.289643 1.505077 1.796751
-0.5018188 -2.780983 -1.9045 -0.8708355 1.91876
1.816224 1.96381
