1.888778 1.294733 1.884823 1.303386 1.175233
1.278163 2.204691 1.176587 1.769747 2.079151
1.655064 1.653892 1.786089 1.580294 1.769937
1.85146 1.577289 1.731159 1.158518 2.066924
1.275938 1.22467 1.852683 1.501718 1.767869
1.552668 1.165025 2.128835 1.858984 1.944366
1.242782 1.865192 1.582537 1.668072 2.562572
2.060112 1.713496 2.215314 1.633458 1.002934
1.60845 1.738503 1.951539 2.042507 1.373898
1.690718 1.489839 1.68216 1.809269 1.954045
1.462158 1.623364 0.8601017 1.869355 1.489367
1.531683 2.823159 1.406888 1.808234 1.838367
1.843892 1.549167 1.775475 1.58301 0.9330284
1.28115 1.688068 1.755765 1.665582 1.512615
1.561066 1.640588 1.93781 1.486729 1.983101
1.600926 2.111839 1.497485 1.624049 1.187277
1.420801 1.580259 1.72459 0.7563568 1.852827
1.30813 1.898953 1.791059 1.711773 1.67023
-2.027646 1.967542 1.874165 1.769495 1.137972
1.580294 1.430559 0.6732146 1.387531 1.618972
-1.973973 -0.4611846 1.971249 0.2206093 1.760536
1.032044 1.983101 1.366074 1.449804 1.91921
0.7681979 1.460024 1.030473 1.473085 1.186905
1.906399 -0.9914048
