5.530244 2.279802 2.846554 -2.188116 2.162023
-2.935348 2.118074 1.657418 2.177839 1.982425
-1.380216 2.118074 2.685616 2.779383 2.166928
1.076841 1.724002 1.406406 -2.108446 1.724002
-1.94594 -1.400031 1.587619 1.353272 1.254593
1.037791 1.26539 1.066039 1.285745 0.9601168
1.754845 1.353473 0.9940932 1.006076 1.310707
2.207473 1.411455 1.576926 1.11423 1.125645
1.323019 2.470284 1.348223 0.948262 1.688426
1.480561 0.9497739 1.857115 1.095754 1.231211
1.456904 0.9424534 1.122463 1.330665 1.826634
1.141692 1.541561 1.928196 0.9222279 1.639341
1.514325 -1.576309 -1.132353 -1.527325 1.826634
-2.085957
