1.857822 1.522421 1.175535 1.397053 1.07308
1.264274 1.703978 1.795503 1.31047 1.81494
1.935221 1.586075 1.575504 2.143829 1.800282
1.900226 1.649686 2.52306 2.112826 1.734964
1.65969 1.626269 1.659683 1.761726 1.720183
1.720183 1.428087 1.83613 -1.98551 1.665501
1.878548 1.793864 -2.840318 1.329378 -1.823343
1.85898 1.282635 1.955176 1.844179 1.560228
2.000645 0.9510204 4.92303 -1.705671 1.771725
1.251678 1.689861 2.610945 1.565577 1.237815
1.647995 1.63038 1.302045 1.606951 0.74215
1.860267 1.860267 -1.432932 1.651338 -0.7024932
1.399684
