-2.605633 1.48042 1.507488 -2.198082 1.710492
1.74158 2.582453 2.1361 2.030238 1.360009
1.856795 1.859966 1.677898 1.891144 2.241236
1.440916 1.832907 1.482368 1.488998 2.619887
2.369407 1.830789 1.45966 -1.557968 2.140786
1.586871 1.603882 1.483204 2.03377 1.575488
1.429824 1.622352 2.041616 1.893582 1.477048
1.858043 4.618729 1.493252 1.448418 1.855776
1.987603 -1.856829 -1.901906 -2.628655 1.587243
-3.015063 1.856795 -2.724413 1.776769 -1.971327
-2.033452 -2.261023 -1.410713 -2.405183 -2.548156
2.124395 -2.729198 2.729198 -3.142952 2.121248
-1.734612 1.467015 1.858092 1.685015 1.597962
-1.639067 1.715656 1.538783 1.794407 2.295183
-2.342291 1.436776 1.601997 2.044491 -1.800701
1.675521 1.488812 -1.536635 1.412008 1.50408
2.086594 1.678369 1.731035 2.104426 2.171656
1.783718 -2.675712 1.517252 1.52941 -2.021997
1.626567 1.331014 1.54219 1.598982 -1.917782
1.518282 1.578834 1.670977 -2.188061 1.47839
-2.441189 -1.560115 1.652865 -1.857727 1.594743
1.835213 1.859082 1.749331 1.666512 1.998663
1.574764 1.376789 -2.351073 1.430817 -1.918641
-1.507488 -1.68836 1.654956 -2.05586 -1.530115
-2.628655 -2.658627 -1.942 1.587243 -1.677898
-2.472784 1.445534 -2.194266 -1.591381 1.881765
-2.261235 -1.952971 1.603882 -2.077928 -2.561155
-1.633177 1.477048 -1.858043 -1.918577 -4.618729
-2.245537 2.729198 -1.639628 -2.922777 -1.508224
-1.660922 1.467015 -2.070671
