2.875768 2.609975 2.597549 2.625418 2.873648
2.435959 2.722378 2.430254 2.660891 2.764976
2.629968 2.769214 2.408992 2.314069 2.368486
2.769425 5.349074 2.276284 2.333007 2.463143
2.360657 2.341789 2.381415 2.846362 2.636097
2.317049 2.467236 2.768354 2.553194 2.695151
2.622501 2.633025 3.004737 2.47116 2.325545
2.619856 2.744643 2.597549 2.531663 2.829852
2.816081 2.795408 2.684478 3.012341 1.909564
5.429032 2.513786 2.397434 2.273902 2.884109
2.562253 2.57072 2.353652 2.611358 2.681186
2.309273 2.435211 2.411548 2.523482 2.426919
2.529854 2.62369 2.672079 2.429644 2.495573
2.545835 2.942598 2.676111 2.6595 2.634524
-0.3534388 1.878784 2.314069 2.591723 -0.4664739
2.333007 2.789749 2.381415 -1.384033 -1.746222
-0.6606719 1.659313 -0.8096402 2.574258 -0.5421304
-2.222745 2.599247 -0.5506389 5.308342 2.763016
-0.7165217 -0.5959254 2.224284 2.839088 -0.4557666
-2.803069 2.357746 1.646077 -1.655942 -0.3850751
2.722378 -2.002898 2.409451 -0.5986348 2.63589
2.619049 -0.500225 -0.4118412 0.6731661 1.092867
2.770067 -1.986021 2.179467 -1.540117
