5.464883 2.391167 2.153795 2.348589 2.596564
3.054898 2.345429 2.578373 2.452834 2.465612
-2.513351 2.804814 -0.3691616 2.599218 2.078689
2.485018 2.164962 2.128266 2.099638 2.476623
3.016281 2.336465 2.514538 2.4215 1.744239
2.584311 2.912468 2.188368 2.424211 -2.658867
2.543222 2.343971 2.260297 2.253766 2.236534
2.456667 2.456431 2.503355 2.39577 2.504254
2.238836 2.7506 2.489045 2.771805 2.24864
2.721538 2.136165 2.19935 2.424492 2.544206
2.638243 2.351382 2.899482 2.699155 2.562234
2.62512 2.473802 2.22314 2.130194 2.442147
3.0148 2.397512 2.944455 -1.645095 -0.4920041
2.164962 -2.509051 2.128266 2.202624 1.941394
2.294493 1.89818 -1.965546 -1.767366 2.709759
2.122627 2.376743 2.470384 -1.944325 8.794987
1.652605 2.25923 2.251028 2.902647 1.974323
2.506466 1.942597 -1.637155 1.942597
