2.914145 2.652314 2.646741 2.788933 1.980372
5.631397 2.249861 2.24473 2.623786 2.240527
2.339463 2.31154 2.321284 2.30907 2.614932
2.533698 2.451385 3.146475 2.526307 2.282443
2.313368 2.641326 2.939246 2.544073 2.217691
2.49971 1.882286 -2.531705 2.715466 2.333023
2.898633 3.032396 2.159101 2.44082 2.578235
2.696073 2.517252 1.957477 2.276056 2.400203
2.414084 2.386737 2.931091 2.495701 2.574281
2.640647 2.53999 2.823019 2.475984 2.269609
2.566015 2.975739 2.293759 2.408462 2.864323
2.191593 2.805358 2.663255 2.57444 2.620266
2.87047 2.097446 2.438792 2.847172 2.468849
2.318329 2.378675 2.599942 2.668078 2.789546
2.181804 3.019287 2.30099 2.861475 2.780063
4.166842 2.459994 2.671429 2.56059 2.503992
2.811409 2.534709 3.054069 -2.010046 2.407647
2.414675 2.727495 2.808556 2.761895 2.510358
2.447608 2.613407 2.57573 2.659621 2.857819
2.392297 2.3056 2.088406 2.223088 2.74142
2.301585 2.064739 3.153078 -0.8276853 3.079936
-2.362875 -2.032772 -1.828292 -1.824469 -2.31154
-2.626827 -2.321284 -3.104911 -3.118447 -2.411914
2.545119 2.545119 -1.882286 -0.5397634 -2.425809
-1.610642 -2.06119 -2.092411 2.760577 -3.154448
2.44082 -1.831218 -1.671634 -1.897456 -2.844781
2.329955 -2.329955 -2.261636 -2.741308 -1.256683
2.263725 -5.410639 -2.422772 2.486672 -2.601248
-2.376116 2.905651 -2.905651 -2.704373 -1.916944
-1.755358 -2.09948 -3.119274 -1.89037 -8.956233
-2.504322 -2.805358 -2.847172 2.527627 -1.867075
-2.975434 -0.6965207 -1.882671 2.307017 -2.087883
-2.31817 -2.419845 -1.168685 -2.334179 2.30683
-1.049364 2.292319 -2.237021 2.159053 2.659621
2.779167 2.09695 2.09695 -2.003519 -2.651077
-2.107781 -0.21819 -2.328474 2.594249 -1.813619
-0.4881567 -1.845079 -2.366116 2.366116 2.440026
2.848713 2.268258 2.277262 2.196311 2.277466
1.95667 2.465433 2.28489 2.832045 2.302352
2.524668 2.324545 2.374866 2.478651 2.500975
2.690538 2.994904 2.485986 2.32796 2.730472
2.801932 -2.429601 3.029711 2.740896 2.761839
2.658382 2.346849 2.404225 2.306896 2.103194
2.647513 2.728999 2.502472 2.15239 2.828761
2.433141 2.19664 2.172424 2.637956 2.179433
2.842517 2.206879 2.612818 2.272354 2.909111
3.015087 1.901104 2.218493 2.306765 2.686834
2.617448 2.471572 3.150975 2.2407 1.925356
-2.61387 2.140691 2.392088 2.283972 -2.418031
5.344219 2.532855 2.401925 2.360895 2.781521
2.43236 2.655082 2.194887 2.218624 -1.186712
-1.608565 -2.614932 -3.104911 -0.5796058 -1.082411
-2.06119 -2.41863 -2.27949 2.463438 2.610574
-2.374859 -1.814684 -1.858264 3.154448 -2.816689
2.335479 -2.578235 -1.957477 -1.249317 1.829772
-2.262221 2.485641 -2.844781 2.329955 -2.741308
-2.404225 -1.946055 -1.425612 -1.425612 -0.9879167
-2.561839 -2.905651 -2.047046 -1.684267 -2.704373
-0.2499936 1.312811 -2.273128 -1.852248 -1.985007
-2.166027 -2.228087 -2.097446 1.77215 -1.382464
-2.468849 1.714981 -1.694779 1.632303 -2.321395
-1.937104 -2.154837 -2.270438 2.060193 -2.334179
2.805945 2.292319 -2.270647 2.3056 2.082569
2.217201 -2.107781 -2.064739
