3.20228 1.726591 2.670649 3.20228 2.200876
0.8768447 0.563548 1.597376 1.337151 1.472072
2.025219 1.535347 0.5130986 0.7760108 0.7895339
1.113111 0.6209953 1.004279 0.6800097 1.413303
1.671471 0.9415464 1.770211 0.8831354 1.403999
1.160546 1.379434 0.963348 1.202312 1.443686
1.096048 1.566168 1.024396 1.32797 1.640609
1.337151 0.7320126 1.370669 1.589042 -1.062674
0.5879834 1.726591 1.222975 1.615296 1.615296
1.729772 0.5391052 1.133903 0.4589265 1.06807
0.7671561 0.826806 0.6189253 0.8446719 1.565571
0.7388629 0.8149286 0.936127 1.711643 1.152872
0.4924496 0.6725044 0.6390611 0.6642968 0.5677209
0.9395683 1.0943 0.762621 0.9445599 0.6780223
0.492898 0.527752 1.387183 1.093384 0.3872909
0.8024305 1.021896 1.289399 0.7472503 0.9775851
0.7171598 0.8926724 0.7526902 0.6564817 0.9126009
0.6026677 0.4915059 0.645258 0.7442091 1.773504
0.5533593 0.7930665 1.596119 0.9708545 1.536181
0.9207319 1.748486 1.149655 0.6295991 1.063038
0.6715109 0.7916549 0.7039289 0.6789338 0.8136826
0.7742575 0.8852184 1.392928 1.424709 0.7034576
0.7117178 -1.428546 -1.714273 0.8217926 -2.681645
-0.7760108 -1.711136 1.502609 1.17337 1.202312
1.159833 0.6294465 0.9631519 0.9179918 -1.085796
