2.535216 2.632679 2.004034 1.494292 -2.662044
2.356195 1.678369 2.66927 -1.697137 2.275863
2.441976 1.906706 2.087694 -1.858231 2.252516
2.310493 1.694031 -2.017363 -1.969504 2.149528
-1.517598 -1.728076 -1.875634 -2.68011 1.492712
2.001441 2.096463 1.923844 1.981224 1.860481
1.836844 1.895276 2.376808 1.842483 2.138469
2.343151 1.858882 1.509433 2.017903 1.194544
2.253306 1.93699 1.854944 2.109173 -1.834958
-1.592347 -1.179461 1.559931 -2.134874 -2.458472
1.501905 -1.964027 -1.597917 -2.067516 -2.802539
-1.959739 -1.959739 -2.005425 1.340767 -2.185649
1.542765 -1.793201 -1.67806 -1.60162 1.760182
-1.484349 -1.917621
