3.075625 3.176624 2.934602 2.698949 2.870788
2.995188 -2.972268 2.885859 3.119129 2.730693
3.158671 2.842982 2.793391 2.469432 2.916127
3.11126 3.35334 2.814521 2.791268 -2.888178
2.673388 2.962352 2.91605 2.870634 2.959908
2.824987 2.940602 2.875535 2.864218 2.674189
2.621269 3.142812 3.109659 2.95954 2.793052
3.03948 2.835644 2.657021 2.807965 3.027443
2.646447 3.096953 3.200683 2.970525 3.103347
3.115905 2.882608 -2.578101 2.972268 -2.60236
2.217791 2.620133 -2.910834 2.724315 -3.151268
2.726192 2.711858 2.856883 5.138045 2.95899
2.605126 -2.561033 2.957589 2.885845 2.80573
2.936022 3.030081 2.375436 2.728635 2.640153
2.744365 2.575839 2.558722 2.636187 2.76402
2.731028 2.949201 3.045369 2.678883 2.748534
2.56352 2.550088 2.368321 2.554593 2.43443
2.875165 2.77094 3.411426 2.616033 2.939869
3.011681 2.865672 2.568427 2.575442 2.68106
2.774341 2.453946 2.772371 3.032574 2.803119
2.622754 2.006613 2.718924 -2.621269 -2.211432
-2.781328 -2.859074 2.68106 2.540339 2.479919
2.502438 2.549766 2.559794 3.012485 2.865424
2.7528 2.799574 2.791994 2.899834 3.088115
2.616585 2.284176 2.441623 2.768589 2.840369
2.551373 2.676394 2.818575 2.545819 2.984583
2.559991 2.68922 2.666067 2.524115 2.739635
2.772121 2.612528 2.586996 -2.760869 2.640043
3.050762 2.824103 2.763109 2.559794 -1.223068
1.85351 3.011681 -1.898026 2.858707 2.714594
2.525577 2.510891 2.648512 2.193039 2.837279
2.433853 2.848498 2.820075 2.322788 2.646548
