0.6742674 1.041483 0.8656099 1.923095 -1.470055
1.059924 1.286057 0.658252 1.266658 0.8864709
1.208744 0.7015211 -0.6170086 0.7849739 0.9037918
1.874184 0.7708228 0.8239452 0.8046979 0.7692925
0.8548772 1.263329 1.534694 0.6909793 1.751646
0.9389461 1.831684 0.9022012 0.642666 1.972546
0.6429344 1.189014 0.830437 0.749078 1.06787
0.9973037 0.9144829 0.9318989 0.7478641 1.027341
1.172202 0.8661086 1.197853 -1.309347 -1.228732
0.763422 0.7399563 1.298406 1.077134 0.6228196
-0.767225 1.06446 -0.918572 -1.355947 0.8243631
-0.9854781 0.8756252 -0.9981563 0.6742674 0.538997
1.111873 -1.539874 0.90812 1.434518 1.520692
-0.8905931 0.6545268 0.6545268 -1.342592 0.7307601
1.614342 1.726487 0.7197885 1.108694 1.108694
0.7211226 -1.271817 -1.153439 -1.037939 -1.059388
