-2.789881 1.903984 2.351064 2.171645 2.138532
2.35292 1.750498 1.747068 2.023417 1.993872
1.953467 1.844793 2.073419 1.689231 1.840777
2.435627 2.145334 1.696346 1.940371 1.524433
1.402851 2.031508 1.976373 1.431908 1.831883
2.516584 1.767139 1.867379 1.976373 1.789057
1.96623 1.755413 1.83411 1.578129 2.057006
2.054753 2.347625 1.795765 1.94055 1.941337
2.052343 1.957966 1.921555 1.758439 1.593324
1.642232 2.012386 1.895207 1.694552 1.801409
1.959759 2.140013 1.805242 1.614956 1.75248
2.436024 1.899072 1.955027 1.787473 -1.911817
1.623389 0.9654153 1.943429 2.05005
