2.709699 1.383348 1.562292 1.984959 2.240989
1.864212 1.940268 2.24505 2.255388 2.482236
2.177824 1.792189 2.028386 1.710233 2.177889
1.87447 1.443406 2.14328 2.377721 1.180453
1.965768 1.846011 2.113937 1.617701 1.776062
1.954297 1.863597 2.284897 2.028838 1.614192
1.496996 1.315482 2.775003 -1.917294 2.041419
2.255388 2.432326 1.577711 1.230156 -1.914495
1.100447 2.501046 1.496996 -2.378075 2.300385
1.253522 2.47369 0.8724156 1.571128 1.904425
1.135365 2.019833 1.240573 1.764998 2.353985
1.856856 1.166995 2.684137 1.962598 1.947857
2.229782 0.9126524 1.613568 2.031114 1.934649
1.429123 1.168515 1.62819 2.04168 1.771685
0.9294992 1.702398 1.93023 2.06272 2.299531
1.495293 1.477782 2.379272 1.243474 1.910126
1.761321 2.188441 1.659248 2.007292 1.006236
1.167496 2.053088 1.051101 1.939846 1.986859
1.561308 1.470226 2.143482 2.122178 2.409613
2.063035 1.486839 1.546429 1.326967 1.544733
2.285472 2.161687 1.881547 2.209289 1.238522
1.526429 2.389187 1.522621 2.218763 1.597829
1.409901 1.468078 1.611711 1.682204 1.286163
1.100746 2.380284 1.833783 1.789449 1.470439
1.659877 0.8613808 1.257812 1.876795 2.048513
1.012743 1.166003 2.048948 2.483295 2.712082
0.8998669 1.329876 1.533306 0.9653591 1.444601
1.17394 1.484878 1.952328 1.188638 1.617701
1.550621 1.353006 1.274145 1.363588 1.525236
1.598176 1.320092 1.095617 1.436001 2.052794
1.093719 2.550189 1.382602 1.383763 0.8000023
1.232294 2.553734 1.372546 2.268665 2.550721
1.288274 1.621646 1.951047 1.093991 1.819687
1.559147 1.470248 1.282603 1.510812 1.66347
1.142492 2.169858 1.771643 0.9076518 1.121265
1.588015 1.313738 2.214784 2.909293 1.981759
1.330282 1.457786 1.171955 -1.04826 -1.04826
-1.012568 1.654686 1.64025 1.087827 1.838743
2.122913 3.000344 -2.536819 1.897444 -1.048457
1.046037 1.22624 0.8477738 1.957 2.255388
-3.478152 1.557567 -2.543832 1.336789 1.141653
0.9774967 1.302928 2.53863 1.91794 1.91794
-1.00336 1.4656 1.844249 1.73367 0.9637915
2.224625 1.828835 2.077494 0.9506603 -2.402482
-1.505375 1.559564 -2.159684 -1.674503 -1.18116
1.386273 1.510812 2.661541 2.661541 2.661541
2.742754 1.385934 -0.751658 1.668206 -1.214687
1.315482 1.537875 1.455839 -1.687859 1.810159
1.398221 1.340543 2.77924 1.044748
