2.149787 2.513825 2.240881 2.536555 -2.162454
2.848588 2.410843 2.371847 2.767842 2.763811
1.997155 2.370204 2.601567 2.181411 2.67654
2.36443 2.302281 2.272918 2.171698 1.936853
-2.415919 -2.673936 -2.647795 -2.177241 -1.805997
-0.7244117 -2.726089 -1.95227 -2.58219 -2.686546
-1.688757 -2.330515 2.769022 2.142374 2.071327
2.115943 -2.359282 2.775603 2.402942 2.250992
2.340954 2.38471 2.563171 2.86255 2.329425
2.640946 -2.313181 2.611301 2.191418 2.240671
1.980927 2.546048 2.432436 2.038754 2.014711
2.75579 2.12927 2.179901 2.574743 2.363123
3.058131 1.758679 2.505877 1.996766 -2.283794
2.22682 2.331086 -2.065764 -2.088921 -2.536555
-2.31422 -2.342928 -1.671461 -0.2577101 -2.133133
2.218661 -2.647795 -1.816861 -0.385255 -2.474013
-2.81555 -1.997155 -1.635711 -1.649015 -1.59273
2.181285 -0.7429941 -1.996871 -1.936853 2.38044
