1.834406 0.7099194 1.091803 1.476727 0.9939242
1.329432 1.23457 1.155612 1.098571 0.876802
1.057601 -1.608981 1.863447 -1.669234 1.415723
1.617306 1.790848 2.189265 0.9282334 1.590756
1.138919 -1.257856 0.9033305 1.181737 1.067851
1.187915 -1.782023 -3.141764 0.8064863 0.9032268
1.093099 1.381242 0.86994 0.9068377 1.886345
0.8483536 1.289857 1.215689 1.370974 1.309051
1.121376 -1.835825 0.8024325 1.053464 -2.084138
-2.166118 -1.374759 -1.127929 -1.405038 1.370389
-1.759083 -1.205399 0.6500673 -1.474233 1.207027
