1.727831 1.957212 1.671075 1.565515 2.15336
1.74041 1.700046 1.926597 1.964573 2.068929
1.933566 1.758409 1.363242 2.548293 1.821348
2.051148 1.328708 1.289578 1.966547 2.051604
1.932952 1.667241 1.956356 1.925166 1.951775
1.639819 2.16751 2.001643 2.257628 1.885112
1.389907 1.79739 2.284707 2.457878 0.9628962
2.011727 1.236793 1.314544 1.655179 1.035571
1.359131 1.404129 1.493174 1.203587 1.289798
1.382184 1.593164 1.231749 1.929997 1.1873
1.568087 1.239163 1.337598 1.28592 1.095809
1.261683 1.303405 -1.479632 0.9389461 0.9231495
1.055597 2.167879 0.9753944 0.969306 1.104377
0.9945502 1.632063 1.632063 1.262838 1.092989
1.622615 1.138913 1.292912 1.215346 1.117893
1.376132 1.086443 0.9589635 1.246471 1.022558
1.285373 1.79617 1.440868 1.025082 1.211876
1.525497 0.9754229 1.705689 2.630365 1.042883
1.087233 1.498923 1.292869 1.04014 1.210458
2.590245 0.9824924 1.07153 0.8538055 1.275441
1.032648 1.544063 1.387869 1.286089 1.088492
1.596311 1.047346 1.099246 1.339249 1.111101
1.401167 1.238123 0.977454 1.37113 1.486179
1.513513 1.212821 1.567449 1.897468 1.330258
1.403999 1.300106 1.069145 1.409142 1.384479
1.530286 0.9782621 1.164563 1.110536 1.025464
1.170518 1.517126 1.098691 1.315606 1.104736
1.458988 1.183129 1.248146 1.171616 1.339053
0.9716179 1.18872 1.579504 1.6584 1.088205
1.165215 1.093646 1.04003 1.350848 0.9603491
1.0331 1.031036 2.087082 0.8649009 1.405827
1.605379 1.583597 1.664832 1.242775 0.867092
1.694913 1.724359 1.798367 1.556101 1.374709
1.051904 1.199778 1.130796 1.255491 1.237365
1.404129 1.134347 -1.147976 1.451416 1.000584
-1.269791 0.9973754 1.287939 0.9965495 0.944833
0.9475443 -1.086536 1.088145 1.25731 1.070187
1.120849 1.216706 1.246173 -1.557623 1.501985
-1.349308 1.148141 1.121638 1.539519 0.9484863
-6.078546 1.851998 1.025464 1.399971 -0.8914574
-1.284796 1.155801 0.8701292 -1.477465 1.491461
5.924468 1.065635 -1.369739 1.075835 -0.9901901
1.291851 1.455419 1.555926 1.794102 1.2424
