3.184475 2.461204 -2.279456 -1.889587 2.610961
-2.121024 2.108982 2.204806 2.223998 2.322292
2.145054 -1.790854 2.379736 2.023036 2.547946
2.267295 2.50862 3.018945 2.168832 2.875276
2.564399 2.292763 2.084393 2.529044 2.296425
2.766851 2.501071 2.584103 2.686997 2.948296
2.570105 2.952769 1.93501 2.61002 2.49293
2.438404 1.983706 2.33791 -2.478608 3.018703
-2.236126 -2.204806 -3.061563 2.404035 1.959118
-1.986177 -1.752097 2.642078 2.233571 -2.807574
-1.956882 2.430007 1.748399 1.987243 2.345479
1.857353 2.212225
