3.948276 2.356003 1.576505 2.079588 1.533209
1.635165 2.018879 2.013089 1.320214 1.428634
2.091331 1.907482 -2.018099 1.132419 1.75813
1.524302 1.591025 1.812266 -2.460904 -2.061744
1.27993 2.159204 1.430385 1.14155 1.719108
2.045782 1.362572 -1.375798 -1.422929 -1.06964
-2.072527 -2.247529 1.870901 -1.128772 -1.742321
-1.17115 -1.72085 -1.988509 -1.430213 -1.529246
-0.8751082 -2.269481 -1.619116 1.956145 -1.013028
1.281933 1.456325 -1.782062 1.458713 1.863769
-1.534252 2.008698 -1.555709 1.555579 -2.486734
1.973355 2.319901 -1.472525 2.339076 -1.298731
2.068082 -1.976964 -2.523721 -0.9032506 -2.269481
1.757141 -1.639696 -1.092563 -1.347251
