2.701543 2.32649 1.18161 2.93368 2.037237
1.524716 1.863617 2.409204 1.86439 2.183268
2.027784 2.65564 1.810837 1.931929 2.406363
2.598871 2.670145 2.387429 1.673296 2.746155
1.865836 2.193587 2.270959 2.807503 2.591288
2.982988 1.994039 1.618083 1.922166 2.148199
1.682157 1.943542 1.777334 2.26089 2.058269
1.918186 2.65457 2.22622 2.323477 2.18591
2.900795 2.251427 1.892614 1.916018 2.579156
1.97754 2.358109 2.286867 2.117689 1.239224
1.57428 2.388538 2.244367 2.244367 2.112736
0.7120922 2.049641 2.037719 -2.391764 1.040568
2.168732 1.830245 2.104063 1.460497 1.803534
0.3560442 1.410514 1.74526 2.701543 2.395468
3.136237 2.561345 1.906457 0.8985017 2.408978
-0.4950093 -2.341323 1.527549 -2.122136 -1.046156
1.88698 -1.596441 1.99461 2.567827 1.136801
-2.203881 1.791016 -1.717765 0.9615945 1.69271
1.444597 -1.856913 0.657047 -0.1973826 -1.142169
-1.753652 1.940039 -0.5799451 2.251427 2.987164
2.987164 1.725146 2.287685 1.743155 0.6846127
1.609813 -2.071317 2.467002 -1.382519 1.897643
1.865648 1.906116 1.916816 2.094183 1.690723
-1.34587 -1.02675 -1.484929 2.370091
