-3.116342 3.237142 3.007915 2.762997 2.942274
3.055196 3.051267 -2.793372 -2.948204 3.247224
-2.901344 2.85751 -2.552497 -2.968333 3.1681
3.427558 2.891839 -2.927488 2.780079 2.858707
1.160175 2.944262 -2.891968 2.74613 -2.348283
-2.725562 3.015491 -2.939987 3.035256 2.866485
3.026232 2.949618 -2.924651 2.941088 2.758667
2.991393 2.680449 3.239976 3.041465 -2.869092
3.105245 2.933097 2.740893 2.876654 3.10827
-2.728107 2.680855 3.263581 3.053906 3.159874
3.170111 -2.956511 -2.921292 -2.097761 -2.276609
-2.846362 -2.779668 2.758642 2.354281 2.672584
-2.447211 -3.051267 -2.868617 2.317945 -2.704706
-1.820195 -3.023651 -3.023651 -2.826581 -2.589549
2.98978 2.793594 -1.091016 -2.857599 -3.202847
-0.4079509 -2.624382 2.813288 5.254198 3.063934
3.044378 2.972829 2.799943 2.732451 2.737053
2.861618 -2.830888 2.97656 3.490702 2.704085
3.005706 3.102012 2.948959 2.661324 -2.760403
2.868 2.533426 2.882668 2.708737 2.814354
-2.337802 -2.648926 -1.94387 -2.895727 -2.697823
-2.786471 -0.3686028 -2.894092 2.93814 1.965122
-2.953285 -3.089035 1.713505 -1.015283
