-3.039701 -2.727206 -2.541567 -2.663116 -2.838922
5.006987 2.518271 -2.663752 2.648699 2.924062
-2.508083 2.493403 -2.741851 -2.64331 -2.878245
2.375854 -2.629006 -2.45137 -2.244221 2.482552
2.744716 -2.323749 -2.728455 2.759354 2.721517
-1.973413 -2.888442 2.602435 -2.715046 2.472718
2.521161 -2.693561 2.564267 -2.959813 -2.697279
-2.39098 -1.872132 -2.515127 -1.705806 -2.590689
-2.629838 -2.45137 -2.839637 -1.800293 -0.5034227
-5.36377 -2.835055 -1.984344 -2.924062 -2.357838
-2.601971 -2.784185 -2.023269 -2.242794 -1.916211
-2.696412 -2.737777 2.21752 -2.696412 -3.232038
-2.026467 -2.445659 -2.531537 -1.849432 2.393545
2.694746
