3.091856 2.575425 2.840566 2.8951 2.863782
2.736463 2.774918 3.027745 2.63766 2.725698
2.686112 2.37964 2.826709 3.015136 3.291999
2.700177 -2.708016 2.708978 2.800681 -2.673415
-2.147782 -2.136096 2.615847 5.040097 2.908448
2.907278 2.863509 2.788991 2.65114 2.532765
2.668176 2.975811 2.604547 2.657491 2.437465
3.331965 2.527298 -2.982296 2.955796 2.769998
2.46138 2.521046 2.676687 -2.997573 -2.619434
-2.025433 -1.81119 -2.433559 -2.999081 2.687563
-2.725111 2.097744 -2.770126 -2.369023 2.258667
2.502586 2.614379 2.708695 2.47288 -2.721994
-2.436029 -2.849208 -1.949287 -2.617795 -1.176077
-2.79771 1.927309
