3.125982 -2.897645 3.045701 2.747814 2.79902
2.939058 2.629778 -3.077528 -2.933961 1.476239
2.549176 2.428033 -2.232508 2.450592 2.532382
2.619574 -2.811909 2.476149 2.300072 2.313451
2.832043 2.652911 2.343444 2.460559 2.302802
2.673688 2.668927 2.531149 2.811909 2.360049
2.72481 3.023071 2.329479 3.011691 2.483769
-3.094753 -2.628501 -2.747814 -2.355553 -3.148141
-2.708202 -3.077553 -2.242821 2.072225 -2.42564
-2.319725 -2.542016 1.531711 2.722472 -1.963365
2.284885 2.933299 -2.161791 1.715444 2.341091
2.720853 2.191832 2.371876 2.457073 -2.122588
-2.254765 -2.361274 2.580453 1.957489 1.159063
1.268624 1.728489 2.275966 1.916759 2.091129
-1.806383 1.921316 1.834129 1.592543 2.056751
2.031581 2.201961 2.059012 2.242311 1.919649
-2.066171 -1.787349 1.617007 -2.289206 -1.925024
-2.00126 2.017835 2.254765 2.254765 2.720853
2.072225 -1.35189 1.393748 1.472452 1.218306
1.152534 1.034481 1.163973 1.039038 1.174511
0.8929798 1.089696 1.729689 0.9966187 0.9610371
0.9914197 1.256928 1.660302 1.567126 1.067666
1.3715 1.092139 1.522624 1.312009 0.9690031
1.294836 0.9024925 0.9731601 0.8880432 1.000326
1.078966 1.39935 1.139252 1.06237 0.8807224
1.113564 1.217337 1.195474 0.9619178 0.9661672
0.917511 1.169205 1.12771 1.884445 1.514688
-1.232604 1.406822 1.141813 0.9421917 1.804433
-1.073989 1.095418 -1.074114 -1.365921 -1.207752
1.341451 -1.117467 1.390871 -0.961088 1.715444
-1.268341 1.612976 -0.9265761 -1.043589 -1.31149
-1.036272 -0.9734291 -1.240886 -1.19025 1.306793
-1.448901
