-0.5481986 1.578759 2.097915 1.401694 1.593732
1.862578 1.834988 1.912008 1.647618 1.843551
2.030293 1.909304 1.664109 1.600928 1.637044
1.905718 2.402903 1.679051 1.526498 1.456406
2.10622 1.923261 1.665583 1.819775 1.555769
1.687258 1.772845 1.298899 1.835501 1.979641
2.256958 1.65171 2.251824 1.764339 1.798815
1.854759 1.855508 1.444991 1.498752 2.013763
2.818656 1.785458 1.352507 2.225147 1.849896
1.812582 1.481061 1.802475 1.87549 1.835901
1.5414 2.19352 1.871611 1.529338 1.872373
1.659931 0.9529136 1.69013 1.97134 1.995709
1.530269 1.699658 1.798789 2.039725 2.039725
1.700029 1.516051 1.588562 1.827 1.915315
1.97018 1.15094 2.373208 1.55355 1.917145
1.529587 1.916031 1.485286 1.719615 1.58137
2.303272 1.786276 2.039512 1.859785 1.530403
1.899467 1.713141 -0.1670264 1.958682 1.862578
2.035372 1.925813 -0.4453796 -0.9306926 1.713833
1.713833 -0.884416 1.379019 1.854759 -1.190154
2.047493 -0.1983929 -1.228403 1.642352 1.600586
-0.5481986 2.042496 1.417164 0.9529136 1.691301
2.144277 1.41739 2.208727 1.903267 1.672325
1.075275 -1.280863 -1.762261 1.727258 1.933907
1.750429 1.453704 1.735047 2.28347 1.523092
1.969581 1.83265 1.983267 1.983267 2.470741
1.92297 1.657977 1.589576 2.035372
