3.117183 -2.819749 3.000791 1.9415 2.431187
2.626508 1.992827 -2.233312 2.225442 -2.635302
2.179269 1.927053 2.419239 2.449712 2.456923
2.849195 2.254838 -0.6952165 -1.819637 -2.625946
-2.625946 -2.431187 -2.028204 -2.73617 2.756817
8.962981 -2.519601 -2.131481 -2.993279 2.13011
-1.725037 -1.995408 -2.61467 -2.375833 -2.59646
2.363063 -2.823055 1.889241 2.238016 1.965273
2.42757 2.723432 -2.108837 2.068088 1.622123
-2.718544 2.163509 1.97466 2.2045 2.438946
1.964384 2.895281 2.375876 1.915982 2.238826
2.841868 2.388784 -0.7315887 -0.3730968 -3.147837
2.179269 -0.2368889 -2.913594 -0.4678558 -0.7846491
1.927053 -1.180003 -2.858714 -0.3190395 -0.8071721
2.312666 -2.756817 -2.065823 -1.919033 -2.002029
1.190276 -2.301534 -2.301534 -1.690114 2.447165
2.197963 0.3338716 -1.958751 -1.911158 -2.306867
-0.2075875 -1.153466 -1.944221 -2.993279 -1.725037
-0.7174295 2.180033 -2.458668 -2.458668 -0.5235223
2.363063 1.901719 1.994216 -1.616541 2.125547
1.628406 2.050331 2.039336 2.092415 1.692627
-1.893907 1.933404 2.649239 1.803706 1.857248
2.330058 1.714978 -1.933842 1.595948 1.471469
1.922134 2.066905 1.656116 1.17229 1.910799
2.069823 2.156036 1.80296 2.164174 1.731334
2.53383 1.69724 1.711357 2.301112 1.856834
1.903593 2.45746 2.301964 -0.9756082 -0.2634026
-0.3531767 1.943049 2.179269 -2.11597 -1.893907
2.649239 -1.445897 2.536282 -0.2646069 2.330058
-2.409632 -1.788389 -1.327455 1.268567 -1.988713
1.798388 -0.2942701 -1.447664 -1.559697 -0.4644021
-1.99832 -1.99832 2.041908 -2.249647 -0.675393
-2.025025 -2.000855 1.719957 -1.725037 -1.725037
-2.136767 -2.088103 -2.752838 -2.011544 -1.712923
1.846987 -1.867254
