3.084401 3.166481 2.897305 3.132788 3.175026
2.818582 2.923781 -0.1659378 2.67666 2.992807
2.823112 2.888266 2.87703 3.150218 2.979427
2.786148 2.805265 3.123055 2.61424 3.10815
3.134093 2.220985 3.217626 2.631676 2.614407
2.915475 2.734147 2.73237 2.463084 3.164246
2.862742 2.573704 2.571543 2.631934 2.785703
2.865385 2.258869 2.514771 2.871185 2.788043
2.702115 2.725376 2.79613 2.498863 2.547042
2.409987 1.882348 2.279622 2.253025 2.203272
2.745553 2.739772 3.128989 2.409987 1.797559
2.306547 1.867916 2.200671 1.793275 -1.9542
1.698404 2.45255 2.252433 1.630918 2.253025
2.152275 1.975338 1.906899 2.306927 2.33616
2.004481 2.978866 2.978866 1.754174 1.688012
1.730981 1.518786 2.645701 2.67211 2.125878
2.258213 1.702433 1.464577 1.789665 2.338797
1.575848 1.23629 1.865009 0.726479 2.346164
2.645701 2.859461 2.043722 0.3643446 5.299477
-2.008038 1.636606 2.113589 2.367698 1.766927
1.852818 1.753933 2.645701 2.258213 1.55045
1.55045 2.338797 1.84444 1.766678 1.249963
0.6904327 1.691248 1.217506 1.705207 1.677933
1.187009 -2.275343 -1.007868
