-1.964351 -2.272299 -2.48788 2.132619 -2.230763
2.14442 2.299646 2.800461 -2.443656 2.231253
-2.83224 2.657686 2.519492 2.111847 -2.170456
1.931211 -2.328421 1.972555 -2.264015 2.061292
2.733935 -2.035721 -2.58985 -2.327982 -2.739121
-2.695956 1.833115 3.18506 1.67028 2.005419
-2.688368 -2.630596 2.225488 2.677962 -2.04431
-2.164517 2.434706 2.3594 -2.592522 -2.416688
2.302763 -2.642382 2.839154 -3.269625 -2.382535
2.794516 -2.083209 2.084559 -2.179956 -2.097316
-2.905266 -2.132619 -2.578033 -2.828873 -2.660327
-2.227858 -2.329149 2.033669 -2.138066 -2.346175
2.142793 -2.024174 -4.000423 2.111847 2.248779
1.949904 -1.918285 -1.918285 2.507708 -2.938481
-2.29066 -2.539012 2.842366 -7.805589 -2.277686
2.125393 1.519979 1.291855 -2.0132 -2.06354
-2.763566 -2.326304 -2.379193 -1.880613 2.091349
-2.839154 -2.676634 -2.801198 -2.876432 -2.33359
2.089902 -2.014537 -2.179956 -2.921497 -2.967347
-1.98123 1.427155 2.687272 2.570782 2.188157
-2.627362 2.582253 -4.000423 -2.584642
