2.350185 1.194231 2.485 1.095734 2.05854
1.472523 1.195969 1.191505 1.451984 1.115463
1.866486 1.805932 1.876971 1.639279 2.230437
1.428896 2.121526 2.202916 1.755773 1.254303
1.262913 1.972712 1.500083 1.346701 1.524618
1.559783 1.509414 1.191766 2.082503 1.836426
1.552801 1.526258 1.122165 1.490664 0.979215
0.7884813 1.21963 1.163462 -1.64899 2.111915
1.980326 1.183833 1.418689 -2.052841 -1.094164
1.38435 1.878444 0.8380239 -1.892876 2.152617
-1.949289 -2.014022 -0.9576224 1.371056 -1.883557
-2.087601 1.760268 1.323478 2.624981 -1.625455
-1.980326
