2.61596 2.509952 2.046542 -2.522367 1.649373
2.34065 1.974913 1.975594 1.764927 1.667211
2.425733 2.15729 1.92561 2.125532 2.255026
1.995193 2.082445 1.968798 1.852232 1.889515
-1.294444 -2.122938 1.371115 1.583799 1.500463
1.900713 1.238466 2.186043 2.405761 -2.194467
1.128189 1.516235 1.176869 2.548307 1.355727
2.181562 1.544355 2.010341 1.241876 2.063274
1.517948 2.407964 -2.216915 1.614867 -1.761661
1.727434 1.408094 -1.283917 -2.827006 2.173634
1.684594 1.899845 2.020848 -1.834941 -1.486889
-2.104108
