1.368816 -1.794958 1.481709 1.520212 0.7733271
1.326117 0.8346024 1.135956 0.9938907 0.9345407
-2.34321 1.803405 2.481004 2.554175 1.439528
1.683734 0.8702336 -0.9345545 0.7924458 0.8146465
1.485119 1.094252 1.605182 -1.158057 0.9953382
0.8149444 1.03592 1.390101 2.071766 1.100044
1.299096 1.167365 -1.532053 0.9129877 1.049756
1.182308 1.777333 1.451174 1.170187 2.206227
0.7589592 1.507114 1.786832 -1.970904 -0.7757191
0.9551348 0.8262681 0.8149444 1.581858 -1.53821
-1.735212 -0.718886 -1.015844 0.9594313 0.8741983
2.385078 1.091751 -2.249879 1.332281 1.762349
-1.334179 1.951 0.8602028 1.789232 1.641624
1.300091 1.180997 2.233614 1.333793 0.889642
1.043739 1.184388 1.533111 1.2205 -1.068389
0.8813725 0.8738717 1.696977 1.195708 0.9554042
1.316308 1.165829 -0.7216526 0.8965668 1.513191
1.212438 0.7955337 -0.9311539 1.042062 0.9354355
1.278144 1.922703 1.289264 1.177043 1.807076
0.7564295 1.309095 1.011895 -1.651438 0.7298594
1.042296 -2.434317 -0.7889982 -1.399037 -1.414894
-2.458965 -0.9499677 -1.336055 -1.471511 -0.9345407
-1.436264 -2.044135 -0.921346 0.8146465 -1.413466
-1.657774 -0.69061 -0.69061 -0.6966238 -0.6966238
-1.227644 -1.624983 -1.841114 -1.446548 -1.247888
-1.60387 -0.7599308 -1.261089 0.9923845
