-2.654477 2.850022 2.5016 2.768504 2.511206
2.436911 2.603856 2.580386 2.42283 2.764207
2.837267 3.134324 -2.623874 -2.102194 -2.768504
-2.212308 -1.792787 8.922578 -1.985891 2.455171
-1.03371 -2.213658 -2.714144 -2.049833 -2.311528
1.747316 1.569505 2.710796 2.008337 -1.807788
2.341598 3.028394 2.596618 1.991448 2.055261
2.437469 2.360969 -1.917608 2.920792 3.060047
2.376572 2.130789 2.077302 2.212328 2.473749
-2.109207 -1.835429 -1.975898 1.242974 -2.38965
-2.275071 -1.603009 3.002186 2.279088 1.744732
-2.076276 1.989164 1.662111 1.122073 1.448001
-1.173456 -1.499379 1.354491 1.776672 2.632378
2.106277 1.764784 2.13448 1.81324 1.627891
3.19799 1.971295 2.274736 2.290126 1.887882
2.812817 2.472058 2.039603 2.006036 1.685258
2.201107 -0.3526309 -2.145633 1.380701 -0.8709589
2.623265 -1.509646 -0.3027941 -1.911688 -3.002186
-3.002186 -1.659628 1.744732 -1.922263
