0.5942077 0.9355998 1.335172 1.158636 -3.446493
0.6800955 0.8964895 0.8198475 0.9237438 0.6841356
0.7761282 1.481461 1.281167 0.5303869 0.727184
1.166511 1.226832 1.15535 1.098626 1.396012
1.4264 1.285081 1.045196 0.7596594 1.577365
0.7591861 0.8848647 1.323511 1.265563 1.317305
1.03182 1.065635 1.885146 1.072898 1.157881
0.6825937 0.765206 0.9027618 1.042936 1.054985
1.252675 0.7845044 0.7614645 0.5829329 1.393019
1.179078 1.120917 -1.226946 -1.307656 1.216899
0.9480453 -3.446493 -1.449854 0.8110607 0.5794247
0.5794247 0.5942077 0.6881027 1.767647 1.313096
0.6587484 1.818342 1.504955 1.161827 1.063836
1.245467 0.7571348 -1.054983 1.160284 0.598818
