2.446324 1.72931 2.230161 2.775862 -2.884952
2.580359 -2.355755 2.606971 2.837735 -2.507027
2.686261 2.446324 2.42773 -2.21199 2.236235
2.376218 2.698857 3.103243 2.140621 2.251929
2.628107 -2.667299 2.559445 2.340285 2.433238
2.453128 2.611948 2.851445 -2.442035 -2.582001
2.775862 2.645211 -2.580359 -2.552302 -2.815817
-2.025088 -2.720795 -2.144187 -1.807585 2.837735
1.760044 -2.515922 2.721383 2.721383 2.536434
2.161621 2.369844 2.138941 2.212366 2.39018
-2.341083 -2.547784 2.800286 2.611806 2.188856
1.950752 2.648375 2.406058 2.674503 2.097486
2.285666 2.213328 2.386098 2.657006 2.296358
2.221785 -2.015817 2.712181 -2.248887 2.1137
-2.445482 2.539479 2.457843 1.867954 2.745295
2.383983 2.917408 -1.574203 2.138941 -1.966953
2.986506 -2.236235 -2.156469 1.879665 -1.911215
3.103243 1.479022 -2.153548 -2.580359 2.380336
2.324539 2.265753 -2.737128 2.737128 -1.665951
8.80841 -2.374433 -2.125117 2.386437 -2.140992
-2.104949 -1.980765 1.945437 2.205215 -1.79137
2.459494 2.144186 2.383983 -1.607438
