-1.34083 1.174776 1.00958 2.196497 0.9066508
1.15486 1.626923 3.85159 0.9643408 1.300604
1.637875 0.642666 0.7038298 1.148736 0.8844514
0.7091579 0.6049562 0.5796536 0.80575 0.6118922
1.034264 0.6338648 1.116639 1.01148 0.7272612
0.9533246 1.519367 0.7001466 0.8697933 1.415564
1.167619 1.413701 0.9643356 1.030586 1.433251
1.013284 1.414889 1.761936 0.7458858 1.750048
1.145682 1.538401 0.9640347 1.043445 0.8517578
1.018427 0.6623386 0.7052285 0.6219076 1.165107
0.9979216 0.7812433 0.9389564 1.142048 0.9465832
-0.6971403 -1.225033 1.516101 0.8010951 0.7268
-1.323452 -1.630132 -1.675724 -0.9704793 1.148736
0.6014224 2.35495 -0.6579503 0.869439 1.134713
0.4656155 0.7604361 -1.102449 -0.9885768 0.9681065
-0.6712695 -0.888285 0.6741665 0.6741665 -1.709436
0.615059 -1.00571 0.6052609 -1.946773 0.9355202
1.327294 1.020277 1.620285 0.9090067 1.846086
0.9827657 1.201249 1.565147 0.7502745 0.6442558
-2.332668 -1.226422 1.250806 -1.802235 0.7458858
-1.724451 1.603735 1.604737 1.807232 0.6527931
-1.736184 1.174175 1.124304 0.8960919 0.5687442
-1.484631 0.7021655 -1.541504 -0.8992319 -1.676238
0.9442461 0.9669393 -0.7109249 0.6211851
