2.708395 2.839994 2.724297 2.677027 2.302818
-2.250162 -1.91278 -2.797814 -2.594137 2.327639
-2.686763 2.201566 2.191533 2.572935 4.661201
2.804379 2.03802 2.445514 2.524358 2.429684
-2.244128 2.621067 2.762474 2.062366 -1.970298
2.027094 2.658556 2.208071 2.372371 1.894028
1.99405 1.847577 2.42354 2.207913 2.965028
2.356202 2.437251 1.866671 2.316315 2.15032
2.545343 2.708414 2.194935 -2.021345 -2.540444
-2.453392 1.779161 -2.1342 -2.844557 2.29519
2.5464 2.314887 1.917651 2.359147 -2.241977
-2.660327 -1.935727 2.226205 1.934225 2.074304
4.707958 1.955546 2.127205 2.003982 -2.244768
2.515139 1.96511 2.054586 1.880419 2.710601
2.472874 -2.199098 2.061997 2.564432 -1.882493
2.225698 3.814782 2.834641 1.871436 2.326642
2.20291 2.041621 2.152483 2.65836 1.893397
2.110519 2.236589 2.776729 2.746835 2.753307
-1.95352 1.651294 1.805738 2.144936 2.031119
1.942109 1.950181 2.598323 2.205217 2.306899
1.874159 1.98257 2.52434 2.37744 2.879947
1.901311 2.052544 2.630972 2.421421 2.334815
-2.210132 -2.201566 -1.934225 2.255673 2.094922
-1.880419 1.880419 -2.524358 1.794817 1.8567
2.108751 1.720959 -2.457304 -2.013669 -4.700275
-2.575161 -2.071014 -2.327639 1.652176 -2.954088
2.42354 -2.209366 2.50036 2.50036 -2.644689
2.040639 -2.233411 2.511833 2.511833 1.638553
-2.284726 1.797167 2.711758 -1.996632 2.273343
2.586349 2.617514 2.283916 2.335937 2.217645
2.530873 2.287715 -2.207459 2.672661 3.349763
2.409092 1.967276 -1.993162 2.168853 1.825004
1.950181 2.504259
