2.17479 1.557725 1.420235 1.358435 1.59611
1.661467 2.021469 1.126253 1.38468 1.5863
1.618422 -2.03546 1.223418 1.28066 1.34946
1.535458 2.134493 1.203806 1.910547 0.7870408
1.426952 1.94887 1.561895 1.334158 2.126786
2.132664 1.240615 1.459036 1.443454 -1.754812
1.209196 1.301703 -2.063413 1.395147 -1.960028
1.295042 -1.592271 1.271033 1.382048 1.558186
-1.621149 -1.533955 2.021469 -1.420158 -1.549794
-1.566869 -1.566869 -1.30371 -1.766887 -1.356216
1.243486 1.502172 -2.156493 -2.032096 -1.665586
-1.880014 1.322677 2.17479 -2.488502 -1.313416
-1.773631 -1.859104 -2.876548 1.429387 1.651289
1.850901 1.752209 1.361066 1.399739 1.327956
1.624378 1.815773 1.269649 1.195957 2.328424
1.616006 1.3284 1.485956 1.629043 1.441651
1.447173 1.254422 1.576631 1.247753 1.233083
1.428442 1.164954 1.731446 1.495874 1.35097
4.254015 1.182222 1.167919 1.462043 1.495297
1.615504 1.358308 1.368606 1.556461 1.413297
2.159502 1.432188 -1.358435 1.382409 -2.172435
-1.817375 -2.632199 1.684686 -2.040353 1.562636
1.553525 1.553525 -2.240812
