-1.995711 2.585496 -2.114494 3.11388 2.362316
-2.222117 -1.995711 1.781409 1.61048 -1.617389
1.588405 1.780252 -1.993305 1.956114 -1.856932
-1.58074 1.51015 -1.702561 -2.869778 1.75443
-1.812046 1.525566 1.09266 -1.454175 1.539472
-1.688322 -1.763655 1.768651 -1.847561 1.417973
1.609912 -1.656641 1.679601 2.195929 -1.895273
2.478484 2.771857 -0.4370548 1.61048 -1.783168
-1.495272 1.800616 -1.68631 1.786721 -1.860059
-1.733128 -1.639084 -2.350078 -1.677374 -2.422207
-1.734408 -2.085017 -1.846444 1.894174 1.3574
2.480763 0.4578976 1.113907 -1.897145 -1.616441
-1.248248 -1.42132 -0.317945 -0.3922954 -1.944795
-1.944795 -1.959414 1.987198 -0.611228 -0.8721963
1.372988 -1.16139 -2.05968 1.278454 -1.653727
-1.978824 -1.732009
