2.662963 2.371274 -2.798883 2.61255 2.247842
2.464055 2.500368 -2.62413 1.416495 2.530921
2.473777 2.198032 2.792992 2.464055 -2.69382
-1.45037 -2.513029 -2.337898 1.91824 2.537726
2.211556 2.096436 1.989524 -2.69382 2.192607
2.35354 -4.750085 -1.827511 2.33624 -1.686595
-1.863411 -1.319496 1.687807 2.400835 1.500565
1.207683 2.142719 2.166241 1.513171 1.685697
1.062167 1.471246 2.003341 2.043821 2.140267
2.501821 1.142898 1.703605 1.862149 1.540482
2.145387 2.206558 -1.602618 2.074873 2.349329
1.977878 1.659569 1.634117 2.454629 2.225683
1.392225 2.299396 2.214715 1.697625 1.750602
1.561398 2.604142 2.094497 1.978813 -1.723267
2.39816 2.250517 1.72901 -2.558954 2.76797
1.668749 1.159285 1.329677 1.68356 1.470254
2.11112 2.384417 2.076587 1.356561 1.67368
2.272302 1.759014 1.654624 1.582288 1.388687
1.663671 1.692335 2.228141 1.538783 2.055966
1.62446 1.698623 1.402619 1.804805 1.316684
-2.800346 1.101707 -1.84107 -2.821392 2.35354
-1.470224 3.309249 2.077281 2.080061 -1.011464
-1.653422 -2.67706 -0.9675299 2.464055 2.464055
-1.974457 2.355533 2.581772 1.598943 1.386589
1.501342 -1.606551 2.103453 -1.478661 1.142466
1.501352 -1.319496 1.692335 1.877678 1.702111
-0.964735 -1.713426 1.67368
