2.220105 2.346959 -2.553767 3.11521 2.11657
2.41598 2.547846 2.251364 2.448251 2.498662
-0.2973921 -2.145924 -0.3252227 2.364784 -2.203411
-0.9455701 -0.5445201 -0.5445201 -2.230553 -0.8017174
-2.029812 -1.721679 -1.2135 -0.1972812 2.547296
2.512987 -1.673255 -1.799682 2.377412 -1.863206
-0.2510969 -2.184172 -1.462379 -2.255484 2.676646
2.828247 2.453116 2.319393 2.380426 2.210148
2.279149 -0.7060278 -0.4439252 -0.4461012 -0.4163232
1.894676 -1.480713 2.786766 2.356136 -2.115093
-2.17086 -2.184445 1.955803 -2.184172
