1.472425 1.239656 1.470963 1.665397 1.686898
1.86251 1.491715 1.665497 1.799533 1.554388
1.638595 1.716115 1.677445 1.178881 -1.690428
1.331389 1.664766 -1.693498 1.839236 1.366245
1.664981 1.386662 -1.475131 1.042265 1.75259
1.395891 -1.822492 -1.623012 1.889623 -1.731282
1.745784 1.313066 1.600489 0.92403 1.467138
0.2526773 1.995434 1.748642 1.893624 1.314743
1.15919 1.526362 1.925909 1.243002 1.553361
1.516927 2.074185 1.778621 1.164819 1.580689
1.434071 2.132064 2.234429 1.53765 1.737625
1.964186 2.111248 1.356242 1.652001 1.795305
1.80564 1.677214 -1.956433 1.469395 1.534678
1.939694 1.08115 1.585021 4.889047 1.766226
1.512402 1.569595 1.482592 1.502573 0.7502911
1.546361 1.86251 1.778404 1.430791 1.396109
1.627598 1.776553 1.458059 1.497882 1.576162
1.92744
