-1.465379 2.444668 1.891804 1.756293 1.50296
2.17242 1.561268 1.834206 1.680544 1.791064
1.64306 1.751511 1.551636 1.40624 -1.619804
1.729221 1.553839 1.548642 1.579757 -2.139921
1.76699 -2.593272 1.741828 -1.548642 -1.74174
-1.181687 1.908196 1.932618 1.203234 1.813759
2.146068 1.044147 1.287663 2.04481 1.686637
1.836978 1.708567 1.783095 1.630769 1.913558
1.962473 1.604628 1.736391 1.888212 1.85457
1.822886 1.614368 1.198154 1.629075 2.177815
1.367649 1.840802 1.894545 1.635182 1.40892
1.703653 2.093444 1.116383 1.77053 2.249788
1.67691 1.027139 1.781348 2.159105 1.742905
1.53458 1.541649 1.671574 1.844576 1.832119
1.694299 1.500386 1.892295 1.582922 2.834746
1.452392 1.393816 1.861167 1.761865 1.636252
0.9844202 4.939642 1.745982 1.227353 1.721654
1.562345 1.560686 1.674908 1.990018 1.364486
2.242247 1.65956 2.009551 2.008008 1.34076
1.650631 2.171143 1.557121 1.499929 1.630194
1.417015 1.456508 1.337739 0.7814913 1.904052
1.424483 1.74012 1.071599 1.849472 -1.898712
-1.898712 1.898712 -1.381232 1.64306 -0.4642407
-2.008109 2.009551 -1.97653 1.931171
