1.966191 2.431378 2.104326 -2.077648 2.584709
1.767468 2.431378 -2.702048 -2.614864 -1.899656
-2.356487 1.966194 1.143608 1.706377 2.773616
1.262734 -2.118943 -1.898205 1.868759 -1.799144
-1.301803 2.86969 -0.9888182 -1.994017 2.431378
-1.207164 -1.716151 -1.033764 -1.047935 0.8850819
0.8354636 1.373276 1.478464 0.6292769 1.104039
-1.233164 0.7747105 1.394498 1.624157 0.9467114
0.8906975 1.090036 -1.680062 0.7710237 1.08778
2.2384 -0.6904112 1.083264 0.7037405 1.172847
-0.9810935 1.572843 1.043935 1.450152 1.388768
-1.195022 1.1582 -1.090537 1.013599 0.7667526
1.20492 1.585748 0.8486725 0.7662236 1.123364
-1.397127 1.043897 1.816303 -2.268992 1.21685
1.082245 -1.235323 -1.117253 1.584898 -1.393028
-0.8595105 -0.7303291 -0.585781 -1.114053 -1.236339
-1.013632 -1.059333 -0.7682495 -1.255948 1.175267
-1.003298 -0.8508486
