2.507257 2.171722 2.6052 2.440382 2.532943
2.296896 2.252213 2.165432 2.298022 -1.537557
1.550686 1.493322 1.715819 1.727765 1.914682
1.683024 1.677335 1.467759 1.66839 1.326267
2.481406 2.079802 1.423206 1.450219 1.661637
1.584906 1.960042 1.684802 1.550848 1.489616
1.984414 1.792283 1.401122 1.824073 2.364022
1.923341 -2.383255 1.429578 1.893148 1.755744
1.922025 2.347704 1.773436 1.987161 1.599861
-2.701726 1.772622 1.416975 1.706629 2.401399
1.847683 1.83371 -2.137026 -2.302445 1.615688
-1.673022 1.254686 1.82285
