2.275715 1.835544 1.96172 2.17862 1.196563
1.119159 1.642512 1.829485 2.379341 -0.9342785
1.985602 1.291194 -1.781304 -0.67009 -0.7135716
-2.548526 -1.280089 -1.718359 -1.016358 1.038805
1.013401 0.6368709 0.5694519 -0.7237365 0.831074
0.9512676 -0.6773449 1.148184 0.6848217 0.6105408
0.8914542 -0.6810302 -0.6575241 -1.250931 -1.11271
-1.635999 -1.312478 -1.552707 -1.040176 -0.652227
-1.029907 1.133312 -0.7758537 -1.282692 -0.6933682
-0.9726534 -0.6951176 -1.289576 -1.093956 -0.8727381
-1.12802
