3.037154 3.170723 2.943045 2.856842 2.788877
2.640903 3.132332 3.086238 2.584381 2.708152
2.211285 2.823547 2.298573 2.338034 2.781471
1.803672 1.859026 1.872934 1.945438 1.395068
1.858773 2.24565 1.804752 2.49922 1.986637
1.559899 1.925304 1.192318 1.889966 1.98798
1.750917 2.013474 2.121241 1.422404 2.397181
1.600413 2.140792 2.576025 1.789614 0.769879
1.111353 2.016119 1.319202 1.319202 1.811401
0.9262375 1.602503 1.985072 1.588827 4.553829
1.752712 1.516008 1.73615 1.937126 1.249185
1.91437 1.574551 1.429876 1.746867 1.712536
1.737044 1.714189 1.740502 1.735117 1.727242
1.989424 -0.4980535 1.429876 0.8193268 1.859792
1.754473
