0.7215852 1.061547 0.893509 0.8516226 1.133299
-2.148063 1.063047 0.713928 1.033626 0.9547631
0.6442807 0.9831807 0.9810528 0.9233719 0.5714738
2.002114 0.868054 0.9323375 1.562975 0.9247541
1.163447 0.9620951 1.512972 0.8262454 1.148175
1.171667 0.8037289 1.154671 1.158223 0.9775011
1.098894 -1.406387 0.7228773 0.9767585 0.8776963
1.584649 0.6032325 0.9326881 0.9308418 1.355297
0.8579221 0.9052904 0.9180288 0.5890627 0.5767942
0.6658733 -1.933106 0.4112565 -1.201085 -0.773909
0.7215852 1.709651 0.6287234 -1.301201 -0.7228773
-0.6672521 -0.9215748 1.173163 1.786096
