2.82093 2.387722 2.315421 -2.026291 1.691788
2.491945 -2.753978 2.55439 1.922131 -2.77864
2.633413 2.134452 1.988089 2.314256 2.202188
2.042057 2.586532 2.630866 2.402381 2.33515
2.482777 2.446101 2.73783 2.254956 2.513958
2.398064 2.948595 2.122994 2.930599 2.487244
2.311912 2.244793 3.084795 2.108285 2.329683
3.211123 2.116628 2.128149 2.997838 2.502367
3.652291 2.22574 2.294725 2.524204 2.295502
2.699792 2.267141 2.084717 2.244119 2.055073
-3.067496 -2.018979 2.227555 -2.202188 2.981829
-2.885586 -2.402381 -2.560891 1.775782 2.140456
2.432994 -2.787437 4.001903 2.33515 -2.662562
-2.694252 2.55439 -2.646219 2.318768 2.215133
-2.398692 2.761056 2.761056 -2.974984 -2.769334
1.922342 -2.637903 2.352246 -2.737857 -2.575008
-2.147697 -2.518073 -2.819231 -2.390176 1.884681
2.164804 -2.728302 2.084717 1.806055 1.86498
2.408325 2.714216 2.334085 2.453335 2.426494
2.432994 2.116628 2.746393 -2.625577 -2.32978
