-2.586143 2.381313 -3.26257 -0.2037001 -1.796044
-2.843457 -2.551081 -3.104259 2.514657 2.470602
-1.340682 -1.816746 -2.56274 2.775469 -0.3689655
-2.743643 -2.421923 -2.54075 2.736719 2.736719
-2.615357 -1.988147 2.694747 -2.685109 -2.37407
-3.104259 -2.12567 -2.175987 2.758184 2.371907
-1.655898 -2.0731 -1.979558 -1.979558 -2.194379
2.27217 -2.618108 2.077033 -1.013156 -2.285138
-2.267186 -1.627705 -2.641924 -1.680805 -3.104259
-1.832165 -1.792492 -1.258145 -2.494495 -1.888586
-2.215923 -1.361953 -2.17404 -1.875401 -1.274808
-1.638745
