2.546141 2.550345 -2.950242 2.756811 2.829971
2.581699 -3.052577 2.862014 2.862014 1.776764
-2.506026 2.968366 2.750896 2.363353 2.202963
2.422624 2.243174 2.455814 2.64655 1.97799
3.099228 -2.90476 2.31968 -1.923499 1.983195
2.389832 -1.525604 2.862014 1.977141 1.664904
2.968366 2.968366 2.046276 1.945983 2.848459
2.541133 2.055698 2.301289 -2.635556 -1.922224
1.646288 1.988033 1.963215 1.742092 1.853411
2.120301 1.898939 2.001108 2.1657 -2.173433
1.820124 1.94277 1.888659 2.06552 1.820124
2.003455 -1.821867 -2.026752 2.20747
