0.7790075 0.6031642 0.6608719 1.993816 1.359899
-2.329505 2.28942 1.058397 1.395631 -1.365335
0.7884094 1.120253 1.120253 1.287746 0.9484631
0.7685978 2.473166 0.8246853 0.686577 2.91063
1.1496 0.8649722 1.141628 1.881717 1.226804
0.727328 1.183558 1.099513 -0.8336716 1.635633
1.673411 1.097373 1.192802 0.8270127 -1.77537
1.256141 0.8897817 0.6715563 1.237783 1.005583
1.199445 0.9966651 0.8906757 0.8991716 -2.384627
1.264845 1.49446 -0.9334182 1.071245 1.328971
2.422897 1.006731 2.663648 1.087935 -1.106759
-1.200316 -1.012825 -0.9189626 -0.7818547 -0.7818547
0.7790075 0.9502905 -1.104672 -1.409135 -1.1613
1.1613 1.183558 0.8666535 1.385923 -1.479705
1.066154 -1.360869 -1.02315 -0.6460822 -1.372776
-1.372776 2.755621 1.307325 -0.9117995 1.493509
1.561975 -0.9220014 1.117837 1.005583 1.29756
1.17971 -1.337425 1.039121
