2.42268 2.327448 1.768541 2.197683 2.708647
1.806075 1.954803 1.653877 1.84962 1.565934
1.898096 2.4617 2.215023 2.199913 1.787791
2.510746 2.508319 1.895758 1.389682 2.33572
1.630401 2.043662 1.537407 1.771398 1.967102
2.221329 1.818953 1.596754 1.25298 2.397597
-2.362986 1.806075 2.056679 1.570816 2.235157
1.465585 1.947849 2.479673 1.639858 1.415609
1.521353 2.288657 2.338971 2.367589 2.284172
1.765063 2.270322 1.986948 1.928613 2.290974
2.089401 2.015 1.958282 2.084173 1.841102
2.086576 2.443277 2.200722 1.527643 2.394889
2.136398 2.421815 1.632782 2.74099 2.168146
2.392319 1.972761 1.619301 2.629774 1.63862
2.511531 1.871507 2.202445 1.630401 1.770797
1.683459 1.692847 2.154367 1.832162 1.558902
2.429976 2.042609 1.802538 1.508929 1.900144
1.951979 2.011472 1.58969 3.182592 2.060482
2.187999 1.639858 -1.984499 1.231393 2.210961
3.300394 -2.305127 1.470278 -1.631834 1.700333
-1.901254 2.002132 -1.746506 -1.748304 1.404709
2.231957 1.545336 1.491684 -1.484604 -2.048153
1.742731 -1.55229
