0.7642655 1.091385 0.8445952 1.036652 2.395828
1.093223 1.275673 1.003881 0.991046 -1.40881
0.587217 0.6443549 1.172639 1.58411 0.7748216
1.034165 0.7677998 1.82178 1.416698 0.6288915
0.4939419 0.7902831 1.479689 0.8175521 1.19309
1.568578 0.6657806 1.245457 1.280046 0.8769345
1.218235 0.6318028 0.7814641 1.044868 1.389816
1.34949 0.7789367 1.526702 -0.915082 -0.8316159
0.9689505 0.6334728 0.7000318 1.353699 -1.06477
0.9218913 0.9228144 0.7361146 1.226432 1.079096
1.635224 0.6148165 0.7788029 0.8978016 1.519243
1.355848 1.097504 0.8318455 -1.317864 1.310677
1.007203 1.270015 1.254791 0.5452062 0.8031921
1.854281 0.7556858 0.9090434 0.7388997 0.9185801
1.575592 0.8751933 -1.036236 0.8068547 1.11906
0.672836 1.16581 1.409067 1.274738 0.8711239
0.8540709 0.736547 0.8041539 1.225131 0.8487792
0.8515533 0.8740548 0.8564342 1.506031 0.7018486
0.5945093 1.634556 1.495731 1.279245 1.212767
1.029196 -1.400456 -1.628379 -0.8911225 0.8167491
-1.404033 1.440542 0.6760369 -2.262446 -1.49179
1.257882 -1.100267 -1.133805 1.58411 -0.613609
-2.033964 -1.003832 -2.304566 -0.7643896 -0.9188679
-1.371331 -1.038445 0.8813304 -1.290633 -1.346257
-1.006573 -0.7870604 0.6202201 -1.564205 -1.157773
-1.201465 1.820645 0.8401841 -0.9662262 -1.610343
-0.65073 0.7642655 0.4966235 -1.483234 -1.063583
0.7766387 -1.981382 1.487466 0.9770014 -1.249093
-1.571137 -1.433505 -1.155808 -1.216111 1.452365
-2.527291 -1.54469 -1.715347 -1.381365 -1.745044
1.838788 1.161252 -0.7560188 1.662478 0.8848112
-1.026874 -1.572154 -1.832318 -0.9566388 0.8890876
1.020261 -1.123512 -2.604835 -1.026331 0.8361118
