3.393663 5.433729 2.111482 3.393663 -1.7488
1.397612 1.858048 1.488001 1.653579 1.500623
-1.538799 1.320332 0.626542 1.007989 1.324762
1.936164 1.691097 1.811145 -1.679232 1.492646
-1.72596 -1.726081 2.451357 -1.49422 -1.489242
1.877686 0.9997785 2.498728 0.8626509 0.9992045
1.10283 -1.552971 3.828579 1.410872 1.741266
1.454085 0.8967601 1.231189 1.147745 0.8063549
0.7578334 0.8564296 0.9971115 1.325039 0.9607652
1.522176 1.58361 0.8357618 -0.9769173 1.822221
1.323711 1.113999 1.516303 -1.232989 1.512105
1.188039 1.559288 1.346111 0.8693836 1.031036
1.873382 0.7258614 -0.7619323 0.9464219 1.012716
1.221641 1.210777 0.880716 1.029712 0.6978984
-1.241884 -1.09652 1.245652 2.294226 0.6923225
0.9778276 -1.228696 0.9971115 -0.6487055 -0.6487055
0.626542 -0.6765304 -2.087432 1.092446 1.007989
-1.981983 -1.987341 -0.9688131 -0.8131364 1.813928
-1.702942 -0.9997785 -0.9997785 0.9997785 0.8131268
0.6878046 -0.7621163 -1.166875 -1.023004 -1.011879
0.7670627 -2.410161 -0.8156571 -0.8252759
