2.704421 1.881342 1.734079 2.683465 1.019719
1.026339 0.8573162 1.029913 1.496192 2.170596
1.119741 1.003405 1.047723 1.227467 1.113718
0.885628 1.605811 0.9501688 1.559507 0.8672083
-0.9646524 1.17463 0.9714294 1.691566 0.9689385
1.433729 -1.328421 0.8263547 1.552003 0.9264461
1.050769 1.227102 0.9730033 1.311715 0.9427614
1.006044 0.9267111 1.071248 1.039509 1.153156
1.401096 1.188889 0.9610024 1.692876 1.008154
1.76968 0.8679033 -1.246023 -1.547525 -1.267424
-1.843243 -1.081062 0.9916835 -1.032983 -1.822921
1.239373 -1.090536 -0.8869836 0.9155184 1.34721
-1.324551 -2.139109 0.9677443 -1.470537 1.300355
-1.023749 -1.445685
