2.496587 2.306034 2.335627 2.047435 2.324115
2.280116 2.356202 2.739269 2.461618 2.558885
2.365323 1.761855 2.136376 -2.045076 2.056564
-1.611369 2.219927 2.70198 2.224293 2.385679
2.283527 2.123482 4.285431 1.551366 -1.315805
1.063745 1.950119 1.223341 1.336451 1.137445
1.159597 1.251512 -1.210723 1.931429 1.788321
-2.229156 -1.330727 1.436254 -1.725108 -1.733225
-2.117069 -1.388125 2.905309 1.559826 2.624364
1.492297 1.557579 1.968166 1.617085 1.325474
-2.243866 -2.275489 -1.725108 1.54851 1.388125
2.405313
