-1.547383 2.063143 2.433074 1.887114 2.263542
-1.946086 -1.881299 1.355147 1.355147 1.320689
1.930348 1.348517 1.131438 1.649503 -1.796624
2.303836 1.450587 0.9481564 1.401156 1.897
2.221064 1.360504 2.105968 1.358152 2.041218
2.003987 2.349644 1.037685 1.447481 1.572298
1.33162 1.464035 1.92982 1.773482 -1.344899
1.238334 1.325686 1.355715 1.764974 1.52655
1.73573 2.152854 1.074319 1.22608 2.008312
2.132321 1.605113 0.9619503 2.347471 1.895821
3.188552 1.515386 1.428325 1.727943 1.849992
1.806338 1.669366 1.850854 1.772292 1.592609
2.634098 1.59287 1.358366 1.439667 0.994116
1.790926 1.156965 2.58157 -2.452966 2.120121
-2.055754 2.626873 -1.614576 1.540668 1.540668
0.8362065 -1.360504 -1.805858 1.049543 2.063143
3.364855 1.447481 -1.002123 -0.8966187 2.238599
0.8814568 -2.159336 2.285453 -1.809033 -0.8435929
-2.296705 2.027903 -1.594371 -7.988764 -1.483364
-1.605035 -1.228539 1.696872 2.024174 -1.420533
-0.9306625 1.792111 1.562825 -4.833234 1.034392
1.94136 2.36185 0.9002459 1.026684 -1.949989
2.226133 1.496875 -1.225096 0.7822333 -1.22638
-0.9983652 1.026684
