2.263753 2.392291 2.73879 -2.858454 2.170721
2.818952 -2.457935 -2.368372 2.079576 2.740965
2.384098 2.756483 2.616929 3.238133 3.238133
3.238133 -2.346771 2.474608 -2.714498 -2.34179
-2.502807 -1.282958 -2.614184 -1.913621 1.816248
-2.226708 2.904446 2.336679 2.296384 2.714498
1.931963 2.477116 1.8304 2.746329 1.871563
2.424272 2.219095 -1.373686 -2.162096 -2.207396
1.497838 -1.820684 2.58227 -2.58227 2.370793
1.78618 -2.167391 1.61288 2.075763 2.017032
-1.790189 1.795576 1.228132 1.375925 1.863891
1.603604 1.736715 1.663925 2.524403 1.933637
1.576691 1.576691 -2.070039 2.491109 2.202124
2.140843 2.071387 2.105355 1.471962 1.254219
2.259329 2.244997 2.196989 1.165319 2.201099
1.703401 1.673901 1.644338 1.88341 2.443445
2.69583 0.8316728 1.822913 1.411554 -1.076265
1.8304 1.54572 -1.001012 1.616831 1.518155
1.897787 1.262091 1.163991 -2.677385 1.406767
-2.355768 2.474131 2.340145 1.668741 1.736515
1.437488 1.225947 1.828022 1.831233 2.189517
1.489618 2.793112 2.185527 -1.249933 -1.820684
-1.720654 -1.263103 -1.249086 -0.9695196 -2.888268
-1.092537 -1.887076 -2.457935 -1.394472 1.017581
1.836581 -1.24299 -0.8598019 -2.092197 2.219095
1.613923 -1.840466 -0.8440831 -1.449578 -1.108823
-2.627623 -1.584775 -1.192585 -2.466538 -1.947885
-1.065056 -2.006111 -1.893695 -1.877221 -2.610585
-1.558512 -1.135797 -1.543372 1.543372 -1.445584
-1.720101 -0.9945598 -1.856839 -0.915933 -0.8953923
-2.108593 -1.885535 -1.461041 -1.400777 -1.266122
-1.210952 -0.8136853 1.431508 -1.023949 -1.590155
-1.299999 -1.60118 -1.233128 -2.371086 1.71008
-1.828022 2.591542 2.591542 -2.591542 -1.137838
-1.70244 -0.9387852 -1.648602 -1.424461 1.76642
1.168648 1.757954 1.348519 1.214374 0
0.8228724 0.8753778 1.54604 1.860989 1.44252
-1.372689 2.364473 -1.108704 1.031115 0.7313322
1.871508 -2.154662 2.091251 -1.037589 1.034498
1.047925 1.025093 -1.156671 -1.266122 -1.897787
-1.489618 -0.832432
