1.680098 2.669687 1.701331 -2.246994 2.784833
2.570091 1.750547 -3.024483 1.476239 2.174376
-2.094275 1.21885 2.586517 2.189085 -1.857898
-2.094599 -2.019293 1.938904 1.85756 1.301417
2.300202 1.802285 -2.502226 1.584535 1.512963
-1.93883 -2.117137 -2.247584 1.694068 -1.199095
-2.227486 -1.904291 -2.050843 -1.996945 -2.218145
-1.522997 -1.953671 -2.571532 1.660448 -2.074198
-1.72734 -1.857898 -2.019293 -2.047624 -2.10232
-2.136267 -2.088527 0.8308005 1.256869 0.8455096
1.237719 1.173611 2.174376 1.628079 1.553469
1.198099 0.8161714 0.7567003 0.9570243 1.176736
1.157043 0.8822162 1.94626 2.506701 0.9187169
1.540418 -1.17876 1.832434 1.090262 4.048138
0.840568 1.026447 2.13539 1.102802 1.131027
1.526931 1.044349 1.100186 1.086679 0.9197348
-0.9197348 0.7939133 1.013745 -1.125825 0.8256182
1.512963 -1.521707 -1.231197 1.21885 1.21885
1.478995 1.162873 1.041895 -1.971781 -1.135486
1.271742 -1.100186 0.9112582 -0.803999
