2.4862 2.723259 2.281025 2.508931 2.314855
2.689108 2.589567 2.387375 4.582388 2.275261
2.539136 2.568978 2.507321 2.073412 2.15369
2.234312 2.45902 2.123784 -2.480745 2.432027
2.226568 2.460269 -2.552563 2.34613 2.002919
2.265094 2.298818 2.516434 2.518889 -2.056836
-2.507321 2.849603 -2.587393 2.609388 -2.697848
-2.697848 1.654024 2.210538 1.188828 1.830782
2.390206 2.193615 2.082024 1.353931 2.079287
1.147594 1.214501 1.654321 1.234854 1.479565
1.645732 1.738153 1.515249 1.476016 1.633244
1.335493 1.869978 -2.282203 0.8960239 1.645732
1.777554 -1.650237 -1.208512 1.250283 1.33212
1.803016 1.422845 0.9619033 2.505502 2.002748
1.263355 1.704106 0.8156109 1.350883 1.444753
1.615224 1.419253 1.979819 1.2808 0.9845066
1.272193 1.551725 1.402228 2.505502 -1.536635
-1.208512
