-1.644596 2.615189 1.50212 1.977535 1.677214
2.249253 1.590206 2.627372 2.216949 1.974613
2.307706 2.67105 -1.494744 1.637748 2.262009
1.370298 2.826519 1.827547 3.090713 1.857056
1.574283 2.048732 1.881917 1.802761 1.601782
1.826181 -1.692709 2.774606 2.140433 2.405326
2.624342 1.468567 1.586551 1.602404 3.272653
-2.272419 2.367175 2.308785 1.974613 2.199106
2.249096 1.44085 2.86235 1.676807 2.190263
-1.89367 2.159404 0.8518478 0.9071294 1.568575
0.8075691 0.9355829 0.8212613 1.359173 0.5391734
0.9328423 1.029342 1.927659 2.02745 0.9940686
1.096474 1.026323 0.9401256 0.9980064 1.536608
0.7547171 1.146589 1.07829 0.6477652 1.01567
1.157805 0.8127699 1.454648 1.090242 0.6392459
0.898108 1.183479 0.7165389 1.321703 1.151643
2.293776 0.7881743 0.9004211 1.307183 1.278591
1.466892 1.628793 0.5359154 0.627544 0.5721905
1.023418 1.398221 0.8957386 2.18109 0.6423793
1.097714 1.232397 2.609327 1.233621 0.8206264
0.8090426 2.291073 1.991522 0.9441882 1.688873
0.8191506 0.7662363 1.749381 0.9977036 1.210485
0.6731772 0.5834915 0.9421339 1.031658 2.458745
1.043776 0.8692974 0.7783883 0.6007466 2.052234
2.285107 1.344347 1.243563 0.7337925 0.5236273
1.047866 1.88939 -0.9319403 0.5893424 2.887707
0.8574344 1.556419 1.003655 0.8981121 1.520367
0.9535513 1.14859 1.588153 0.9719739 0.8269253
1.20887 1.283969 0.6810647 0.6384852 0.7078721
0.908994 1.213836 1.014013 1.204032 0.7759327
0.6694465 1.723655 1.408862 0.936059 0.800175
1.184363 0.8772904 0.8125996 0.7724233 0.7401724
1.532467 1.388892 1.081809 0.6343031 0.908235
0.9680789 1.02537 1.299246 0.9382994 1.384672
0.5343873 1.582039 1.004658 1.571033 0.5850134
1.132428 0.5226625 1.214072 1.010832 1.205113
0.9055373 0.9285568 1.224885 0.7724398 1.059619
0.9112789 2.064295 2.157458 1.07268 0.6907238
0.6932759 1.585691 0.9891461 1.622214 1.063831
1.241632 0.5698997 2.083219 0.5798715 1.179575
1.066014 1.132526 1.800305 0.8858417 1.052764
0.7260543 0.7867275 1.065197 1.128883 1.581273
0.6487658 0.8545701 1.092275 1.177906 1.467617
1.277295 0.8177695 1.003885 1.631032 0.6144136
1.132257 0.7364001 1.323141 0.8062017 1.30612
0.8717001 0.5265708 1.648264 2.485244 0.519378
1.552446 0.6682318 1.547445 0.6250863 0.8191506
2.458745 -1.018539 1.230229 1.756259 -1.085476
0.9460302 0.9460302 1.645545 0.9372579 -1.163265
0.7121808 1.468966 0.7636254 0.8287129 1.065197
0.6121445 1.123789 1.404182 -2.662308
