2.196176 1.133532 1.771226 1.305267 1.775675
1.803354 2.171029 1.902395 0.9032082 1.406759
1.7098 2.130542 1.250856 1.127782 1.592884
1.762084 2.188187 1.561412 2.091056 2.446016
1.922217 2.260871 2.263783 2.131731 1.083004
2.019295 2.419536 0.8792885 1.704616 1.520505
2.454806 2.218197 1.008953 -1.777605 2.391984
1.889965 0.818696 2.070621 1.979521 1.795653
2.323741 -2.553116 1.719209 1.505575 1.030062
1.305542 1.999781 1.225125 1.984925 1.582244
-0.932369 1.253743 1.681654 1.16801 1.900488
2.684734 1.356355 1.386033 2.339644 1.824168
1.589696 1.170615 4.456128 1.844426 1.595377
2.28247 1.842455 0.9905736 1.342863 2.969117
1.721327 1.700002 1.444481 -1.784789 -1.396438
-2.718296 -1.917857 0.9118444 -1.513816 -0.9724414
1.845964 -1.026849 3.147389 2.37719 -1.394032
-2.824659 1.783666 -1.957462 -2.428029 2.428029
-1.250276 1.592769 -2.874313 -2.076448 -1.237674
-0.8605983 1.75651 -1.75651 0.900357 -2.468175
-1.803035 1.369936 1.369936 2.332682 2.127831
-1.104548 -1.716766 -1.623523 1.523842 -1.835919
1.462141 -1.959146 2.605698 2.605698 1.152121
-1.153902 2.128529 1.121524 1.669394 1.406069
1.653447 1.032799 0.8338056 0.7260175 -1.144879
1.144409 1.173658 0.7313322 1.285682 1.039485
1.460916 1.548357 0.9077435 1.627447 0.6191404
1.659576 0.9453975 1.725024 1.286026 0.9561363
1.422318 0.9658825 2.410516 1.158535 0.6767076
0.9933647 0.7697359 1.477043 1.861339 1.669729
0.9391295 1.854524 0.7987427 1.830401 1.050709
2.158247 1.654487 1.600619 1.432907 -2.311474
0.8349603 1.331293 0.8014002 1.423711 1.070078
0.664938 2.056093 0.8563943 0.995956 1.095264
1.289972 -2.568574 1.394204 1.19964 1.302127
-1.566839 0.9189537 1.275399 1.00067 1.469938
1.664586 0.9745843 1.410625 0.9762483 0.7123341
0.6317236 0.9703369 1.283822 0.8311514 1.495484
1.206774 -1.58886 1.830495 1.104601 0.92815
0.8169017 0.9774416 1.092114 1.486628 0.6371809
1.803054 2.206514 0.7970428 1.845219 -0.8490145
-1.132798 1.320697 1.872212 1.238362 1.473474
0.9366504 0.9176857 -0.8984777 1.630896 1.641229
0.9743304 1.103263 1.119431 1.456824 1.571567
0.8566654 0.9242133 0.9143139 0.5687151 -0.8023641
-2.334872 0.8233297 -1.340469 -1.917857 -1.917857
1.991833 -0.7726744 1.138602 -1.801206 1.559567
-1.621691 0.6444188 0.890826 -1.640543 -1.888039
-1.62326 1.294893 2.484931 1.245639 -1.623523
1.611071 -2.187942 -1.170615 -4.456128 -0.8608457
2.28247 1.534722 1.331014 -1.836661 1.353087
-1.669394
