-3.293331 -2.489074 -2.415656 -3.102834 -2.437781
-2.030408 -2.226962 -2.508281 -2.565905 -2.417683
-2.512999 -2.300046 -2.848926 -2.254364 -2.905887
-2.912594 -3.293331 -2.385326 -2.816531 -1.862673
-2.287896 -2.644836 -2.644836 -1.432107 -2.755814
-3.294181 -3.294181 -2.54235 -1.377944 2.41702
1.450186 -2.492734 -2.032129 1.750004 -1.964865
-2.300219 -1.646544 -1.998854 -1.377944 -1.812932
-1.479581 -2.565905 -2.141553 -2.16523 -1.432842
-1.409189 -2.483545 -2.213464 -2.285368 -1.270062
-1.270062 -2.099526 -2.15477 -2.43033 -2.43033
-2.807305 -2.302919 0.9998909 0.6645137 0.7624356
-0.9085667 0.4718628 -0.6839183 1.092515 1.148992
0.6102347 -2.575419 1.56344 0.810736 -0.8352679
1.219082 0.7831016 1.025649 0.95561 0.8028337
0.6032325 0.9260229 1.758232 0.917511 0.9138932
-0.9611009 1.59068 -1.414336 0.5830226 0.7420699
-1.427176 -1.510324 1.34063 1.538954 -1.25392
0.41925 -0.7707701 -0.8682212 -0.7665445 -2.587615
-1.298307 -0.6107772 -0.7869612 -0.7869612 -1.639906
-1.52619 -1.801989 -0.7411942 -1.457596 -2.55191
-0.3815023 -1.165608 -1.760117 -1.830623 -0.6884523
-1.410569 -1.19352 -1.734903 -1.093976 0.6140667
-1.412394 -2.641847
