3.141232 3.014691 5.174172 3.117225 2.750242
2.694446 1.510395 1.742513 1.48906 2.408738
1.897947 1.706003 1.911621 1.826353 1.974588
1.929612 -1.790498 -1.468532 1.165299 -1.279085
-2.392318 -1.699485 -1.452064 2.408738 1.600927
-1.570344 -1.500784 2.306163 -2.288504 -1.36295
-2.441883 1.990411 -1.98465 -1.468364 -1.973049
-1.83396 1.95152 -2.182131 -1.335365 -1.307193
-1.436027 -1.627685 2.529045 -1.125176 -1.181381
1.40186 -1.200728 1.098318 0.9480221 1.236192
1.239428 1.335392 1.59771 1.498599 1.578786
1.307634 1.031602 1.283401 1.343007 1.278984
1.451166 1.041019 1.03453 1.69343 0.9015316
0.9312317 1.132424 1.195961 0.9222162 -1.1267
-1.378941 -1.386416 -1.420804 -1.394468 -1.304297
-0.9894646 -1.216619 -1.049183 -1.271938 -1.178749
-2.608631 1.07949 -2.136232 -1.811516 -0.9131025
-1.376149 -2.395599 1.358154 -1.578786 -1.906219
-0.8551203 -2.184341 -1.204361 -1.599604 -1.242507
-1.441002 -1.171158 0.9852696 -1.532261 -0.9921446
1.024077 -1.341201 -1.794113 -1.382949 -1.532282
-1.17339 -1.955828 -1.956492 -1.839687 -0.9042859
-1.134852 -1.609436
