2.268066 2.459704 -2.362574 1.991001 1.881622
2.293531 4.353649 2.509715 -1.796203 1.994265
2.423431 2.330703 2.291446 1.565025 1.542409
1.591752 1.581305 1.928723 1.651294 2.450315
-1.94516 1.363898 1.936282 1.954271 -1.571978
1.66508 1.352372 2.144631 2.376446 1.715142
2.675205 2.279614 2.280074 1.291223 2.328837
2.283411 2.104962 1.772791 2.050209 -2.289214
-1.274516 2.348044 -2.207192 -2.434686 -2.605872
2.268066 -1.781394 -2.446488 -2.054397 -2.170302
1.418567 -2.020097 2.283411 1.555579 2.379803
1.731114 1.460146 1.444903 2.020504 4.623364
1.373799 1.411214 1.566011 1.584517 1.693315
2.200695 1.601835 1.93595 1.408215 2.445078
2.114069 1.731758 1.534192 2.076722 1.503333
2.186071 3.590228 1.908965 1.785025 2.159018
2.357321 1.148447 1.940405 1.54752 1.834713
1.651294 1.555965 2.081351 2.158082 1.176705
1.425141 2.636524 2.46771 1.908641 2.348569
2.384179 1.505661 4.269103 1.764871 1.285621
2.644159 1.750878 1.770536 1.685768 1.61291
2.256809 2.292001 1.873556 1.719491 1.533358
1.220511 1.861967 1.759515 2.550333 1.566305
1.604703 1.62655 1.964156 1.872675 1.835562
1.950293 -1.991001 1.262124 1.460146 -2.240255
-1.572466 -2.520746 -1.882679 -1.411214 -1.901586
1.713436 -1.817608 -1.408215 1.408215 -2.555668
-2.134629 -1.56592 -1.165279 -2.257725 1.334455
-1.281855 -3.003113 1.454753 2.812373 -2.14689
4.218742 -1.9799 -2.097066 -2.529255 1.599931
2.6908 -2.35142 -2.575677 -1.154919 1.154919
1.146323 -1.808128 -2.689333 2.096084 -1.910958
-1.770536 -1.360871 -2.292441 -1.414213 -2.125336
2.376446 1.695347 -1.406309 -1.517296 2.280074
2.18631 -1.858016 -1.940003 -2.283411 -1.332483
-1.733546 2.100786 1.006332 1.006332 1.025595
-1.523219 -2.192241 1.061581 -1.606065 -2.319365
