-2.59843 -5.160956 2.825681 -2.941395 -2.926202
-2.925564 2.924835 2.541591 -3.343907 -3.02938
1.305169 1.006521 -1.059125 0.7394973 -0.8720211
1.24756 -1.71655 1.082622 -1.083281 2.226424
-1.556679 1.512747 -1.444918 0.7445915 1.343965
-0.8739557 1.075409 0.8780626 0.4554853 0.8485669
0.8545104 0.6026527 0.7565893 1.432237 1.354757
0.3836956 1.643418 0.8308937 0.5041719 1.340049
0.5715427 1.277302 0.7896362 1.03161 1.218382
0.9770526 1.174776 0.7391446 -0.9200737 2.040297
0.6439606 0.686637 1.71655 0.9278119 0.8294621
-0.4950613 0.5954796 0.7874603 -1.128006 -1.090186
-1.432463 -0.6260314 -1.614119 -2.048306 -2.057152
-1.171128 0.7920477 -1.446472 -1.381216 -1.454001
-1.227473 -1.865156 -0.7554915
