1.8877 2.067813 1.530697 1.781658 1.420557
1.385236 2.298179 1.85904 1.208951 -2.161333
1.99429 2.066049 1.759212 2.20331 -1.590288
1.467864 1.057306 1.309356 1.759012 4.633569
1.535375 1.043867 1.41753 1.599084 1.581879
-1.254927 2.054128 1.650867 1.538417 1.329462
1.896981 1.432012 2.10291 1.744569 1.466198
1.122273 -1.336954 1.237004 1.63432 1.797167
1.407201 1.992248 -1.927587 1.122755 1.13964
2.526454 1.845705 2.146507 4.207407 1.577954
1.061581 1.147803 2.3334 1.322869 1.415417
2.122964 -2.207981 1.709821 1.503401 1.087415
1.772951 2.460666 1.359537 1.36859 2.05993
1.671384 -1.718043 1.713906 -1.314291 -1.314291
-1.032381 -2.093356 -1.387074 1.567414 1.908817
1.206224 1.781658 -2.044103 -1.129536 1.397629
1.103771 -2.380357 -1.412848 4.248993 -2.319743
-1.859528 -0.8181318 -2.689961 -2.01577 -2.187254
-1.593008 1.643985 1.985428 -1.491702 -1.081795
1.950459 -1.30642
