3.234134 2.408002 2.107365 2.82568 2.399251
2.211464 2.560597 2.566226 2.819529 2.161669
2.333693 3.45726 2.380694 2.338181 4.778386
2.518711 2.40829 2.4556 2.519686 2.839146
2.545531 3.108352 -4.343013 2.820187 2.624753
2.686681 1.609677 1.771964 1.795875 1.895141
2.620247 2.093163 2.370718 2.445233 2.849837
2.12155 1.592513 1.945992 2.089905 2.36371
2.225486 1.970741 1.983154 1.632973 1.595155
2.591214 2.570158 2.257305 2.545186 2.032161
1.889879 2.086123 2.194776 2.371667 2.191127
1.96303 2.113865 1.89375 2.554905 1.942035
1.926948 2.136683 2.334616 2.307808 1.753849
1.671453 2.197482 1.443914 1.734423 2.317984
1.447222 2.145089 2.137711 2.125563 2.118665
2.770453 2.013908 1.863132 2.211937 2.503046
1.664344 2.462995 1.822847 2.485855 3.669463
2.062099 2.264607 2.429835 1.72684 2.205089
2.30104 2.617912 2.581532 2.154927 2.081085
1.716989 2.468537 2.323321 2.170074 2.396379
2.057183 2.264441 2.553802 -2.743463 1.820054
1.47226 2.797649 2.334732 -1.727798 1.624266
2.339347 2.744411 -2.06366 1.752482 -2.990505
-2.161669 2.191661 2.191661 1.505065 -2.597948
3.45726 -2.032161 1.449359 2.639569 1.846151
2.393036 -4.343013 2.199683 2.595382 2.595382
-1.413429 1.327787 2.084349 2.585856 2.379647
-2.187155 1.356544 -2.183981 2.169903 1.494584
-1.392869 1.23068 1.502544 1.502544 1.393806
2.231339 -2.115605 1.438172 1.368083 1.75981
2.357272 1.399087 1.284253 1.262771 2.327417
0.7218884 1.445273 1.870289 1.381337 0.984488
1.778005 0.9075188 1.829954 -1.999171 -1.999171
1.663143 2.415355 1.855282 2.903361 1.746019
1.183245 1.199892 1.008381 1.426681 1.988783
0.7785011 1.793993 1.650131 1.167346 1.467258
1.851131 1.438557 2.134873 1.20362 0.8344224
1.70236 1.914303 2.234746 2.040145 1.477324
2.406377 1.022451 1.414487 1.799155 1.657275
2.364673 1.377423 2.082856 2.156772 1.506767
0.8257957 2.170725 2.295111 1.319641 1.836288
1.299582 1.405011 2.286414 2.187422 2.002479
0.7649994 1.501695 1.015843 1.512527 1.450674
1.50019 0.7186477 1.229143 2.277816 1.948775
1.906728 2.133137 1.009467 2.217779 1.692464
1.573515 2.229082 2.162532 1.198319 1.608785
1.121851 1.588297 1.862048 1.523604 0.7624588
1.176381 2.476388 1.825978 1.995868 1.649605
1.658795 2.397824 1.550987 1.163382 1.132902
0.839188 0.9254738 1.421549 2.806521 0.8349354
1.085156 1.481541 1.148243 1.301877 2.083107
1.28501 0.9940549 1.524712 1.373088 1.13214
1.318365 2.26823 1.936773 2.532216 1.225713
1.872319 1.898864 1.358084 2.606433 1.315855
1.518465 2.580179 0.9152957 2.30965 1.024065
1.742285 1.997896 1.268276 1.600266 1.100424
1.516576 4.305748 1.740422 1.522999 1.661878
1.597996 0.988211 0.9827572 2.214629 1.797058
0.9180624 0.9092289 1.462463 1.295336 2.042157
1.477814 1.319084 1.615259 1.75981 1.391534
1.399087 1.399087 1.470628 1.01526 -1.833859
2.370718 2.541108 1.608372 1.427456 0.9154811
1.028664 1.939016 1.414487 3.45726 2.371667
1.458822 0.9339731 1.319641 1.670626 1.501695
1.902849 1.89375 -1.252878 1.902252 0.8563775
-1.875319 1.746132 1.289554 -1.840027 1.069921
-0.9589755 2.013908 -1.332319 -0.9408431 2.093801
1.411232 -1.074156 1.074156 -1.107954 1.427129
1.474608 1.474608 1.47381 1.661335 0.6359264
1.898955 1.494584 2.608482 2.608482 2.608482
1.23068 2.743463 1.597996 0.8866437 1.863178
1.506406 1.727922 1.438172 1.152458 -1.122698
1.075733 1.451782 -2.502509 1.539891 1.172966
1.013324 0.9690349 1.215751 1.537223 0.8916899
1.495698 0.8859334 0.8717062 1.299553 1.621719
1.080272 2.6321 1.359129 1.207685 1.321278
0.9631851 2.757166 1.258625 0.8443997 1.284418
1.838969 1.616336 1.615309 1.297801 2.398434
1.875784 0.9761586 0.9864498 0.795713 0.9563503
0.6882727 1.008671 1.315521 1.662862 1.590389
1.162803 1.144866 1.345737 1.829763 1.122797
1.160189 1.545404 1.715021 -1.525053 1.143423
1.289575 2.636949 1.478473 1.429841 1.710784
0.9661167 2.008642 1.215524 0.9566478 -1.895251
1.043315 1.240089 0.8568457 2.034614 1.877861
1.933888 1.068519 1.463743 2.493896 2.236394
2.234093 2.099546 2.061164 1.185667 1.148793
1.032933 1.475501 1.558473 1.117634 1.692893
1.11211 1.067051 1.461561 0.9075188 -0.8051565
-1.505715 -1.61016 1.970741 -1.75882 -1.692425
-1.732838 1.226588 -1.923382 -2.012799 -1.635397
1.439349 1.318365 1.024065 1.100424 4.305748
-1.902257 1.23068 2.654212 1.117634
