2.473329 2.529625 2.619694 2.356434 -2.537734
-2.434006 2.419602 -2.62868 2.789563 2.679517
3.008574 2.422111 2.380679 2.837982 -2.842655
2.508692 2.498401 2.902032 2.496626 2.605788
-2.833018 2.736484 -2.733225 -2.62868 2.619694
-2.609113 -2.51445 -4.703433 -2.757963 -1.708408
-2.765848 -2.765848 1.914361 2.642485 2.324024
2.955682 2.284442 -2.370682 -2.350388 -1.492167
-2.458401 -1.986757 -1.906733 1.147619 1.859915
2.288876 0.8417008 1.121966 1.951397 1.18093
2.040837 1.837014 1.120288 1.771373 2.320287
1.021358 1.320323 -1.817174 2.304546 1.917531
1.193478 1.339798 1.672199 1.955663 1.77006
0.9824384 1.22836 1.492971 2.902032 1.902592
0.9364753 1.291599 2.462291 2.059057 1.667141
1.449365 1.048945 2.801532 1.506799 1.460449
-1.426608 -3.032852 -3.032852 -1.230389 1.914361
-1.233205 -1.318192 1.269178 -0.9481669 -2.484446
-1.703789 -2.405857 -1.813485 -1.484979 -2.142507
-1.697863 -1.697863 -2.036161 -1.225731 -1.517046
-2.076066 -2.076066 -0.9853325 -0.9853325 -2.624311
-2.624311 -2.624311 -1.256767 -2.064684 -2.009469
-1.221686 -1.916214 1.479884 0.9991804 0.8803923
1.03819 1.146441 1.124581 1.122339 1.292743
1.077425 1.65253 1.56189 1.07147 1.465132
0.7720118 1.564427 0.8003109 0.845916 1.053762
1.388276 0.8759947 1.488352 2.42648 0.9513239
0.9143888 0.7706483 1.755399 1.663454 1.411449
1.22945 1.354202 1.417609 1.177946 0.8988305
1.437753 1.353769 0.9955627 0.8603315 1.299766
1.040322 1.395169 1.194173 0.8990522 0.8079515
0.9282411 1.173392 1.322882 0.9203212 1.46387
0.8575861 1.38157 0.9262123 1.654289 0.905659
2.026745 1.609769 0.971972 1.584385 0.8434789
0.9088311 1.369272 1.000758 1.003884 0.9527678
0.9225137 1.047691 1.147807 1.187966 0.7808205
1.117163 0.9038027 0.741456 -0.8055982 2.062104
-0.7486787 0.7531533 -0.7720118 -1.406522 1.914361
1.914361 -2.182678 1.269178 -1.810424 -2.079692
1.936642 -1.035228 -1.035228 -1.388254 -1.785954
-1.498007 -0.6327266 1.108799 -2.142507 0.763153
-1.65295 -1.700549 1.037146 -1.470838 -2.462291
-1.986757 -1.873466 -2.046165 -1.256767 1.727789
-1.588828 -0.9087587
