-1.121345 1.080356 2.04028 1.576486 1.677713
-1.255628 2.053487 -0.8718205 0.9891447 1.00012
1.438388 -1.393267 -0.8067018 0.7249221 1.198528
0.7358205 1.04248 1.269822 -2.412069 1.391943
1.64317 1.663706 1.343548 0.7663512 0.8224874
1.414565 1.474269 1.564154 1.349912 -0.9719294
-0.9646675 -0.9713083 -1.869867 -1.169983 -1.010825
-1.409667 -0.6686882 -1.472306 -1.074251 -1.063912
-1.688781 -1.28895 -1.68646 -1.59802 -1.028665
-1.021471 -0.8792549 -0.917031 -1.011593 -1.701808
-1.255628 -1.650281 -0.9141912 -6.004943 -1.65718
-1.63516 -1.121345 -0.8049389 -1.48469 -0.9728974
5.856538 -2.313287 -1.246376 -0.972346 -1.070109
-0.9979203
