1.973331 1.752642 2.026169 1.800108 2.206694
2.532439 2.882865 2.539819 1.593654 -1.432689
2.127852 2.160655 1.924554 1.660916 2.616421
1.982668 1.134646 1.735143 -3.021007 2.468499
-1.138042 1.182918 1.950017 2.173388 1.403393
1.209616 1.454472 -1.292249 2.241006 0.9337746
1.445636 1.526653 -2.429873 1.616174 1.871307
1.831417 1.645642 1.730252 0.9391612 2.106579
1.825626 1.352462 1.019428 -1.692644 1.394562
-1.950017 -1.75417 -1.152388 -2.169342 -1.703746
-1.115749 -1.215312 -1.074544 -1.177907 1.616174
-1.121829 -1.134701 -1.036468 -1.498818 -1.432689
-1.138042 -1.035022 -1.596848 1.573997 -1.554532
-1.384065 1.68784 -1.133203 -1.373979 -2.549515
1.084623 0.9707087 1.540264 1.358287 1.207732
1.476097 1.290534 0.7112366 1.045395 1.226444
0.6785769 1.215481 1.320865 -0.8948312 -5.965597
-1.200947 -1.076605 -1.165703 -1.605506 -1.079241
-1.496003 -1.028064 -2.072767 -1.769158 -1.736846
-1.554003 -1.410075 -1.12772 -1.808643
