-2.740194 2.449253 2.742014 -2.596276 2.496136
2.577816 2.62839 -2.397266 2.58177 5.393476
-2.75435 -2.426588 -2.698179 2.359127 2.515933
2.803669 -2.63357 2.726528 -2.643446 -2.977672
-2.659226 2.499899 -2.122666 -2.22056 -2.221636
-2.455431 -2.359128 -2.19546 -1.332517 1.947593
-1.779531 1.225983 1.495525 -1.523767 1.983986
1.420254 2.398294 1.720954 2.067025 -1.488985
1.975395 -1.979286 1.060568 2.013159 -1.249084
1.972126 -1.377972 -2.906579 2.205718 1.678369
-1.629482 -1.99177 -1.497054 -1.925344 -1.349542
-1.786685 -1.732216 -2.286796 -1.948768 -1.201165
-1.981384 -2.670066 1.222447 -2.027116 -1.177251
-1.837403 -1.54896 1.077036 1.090034 0.9300159
0.9481305 1.385103 -2.296082 1.105882 -1.693895
1.587868 0.6587901 1.307903 -1.090367 0.9834947
0.8479568 1.071177 1.974828 1.956234 1.120689
1.113809 -1.012642 1.470218 1.359926 1.002074
1.192762 1.14986 2.016013 -0.7892196 -1.204949
1.083975 0.9274401 0.9012097 0.8121275 -0.8246434
-1.925344 -1.06953 -0.7332559 -1.720954 -1.090585
-0.9391295 -1.140266 -1.327312 -1.327312 -1.232345
-0.9377926 -2.670066 -0.8941913 2.185067 -1.352012
1.761581 1.892697 2.267247 1.515729 -1.9413
-2.130911 -1.842618 -1.456533 -2.126236 1.593144
-2.142167 1.560935 -1.963648 -1.529452 -2.178367
-1.480457 -1.563373 -1.146174 -1.683564 -2.134468
-1.736486 -1.519988
