2.33224 -2.202827 -2.074988 -3.098521 1.53231
-3.232303 2.162658 2.425164 1.943235 1.468409
2.100334 -2.627635 -2.066934 -1.78928 -2.10949
-3.020434 -2.245263 1.652407 1.767123 1.21315
1.545396 2.814805 1.943504 1.530062 1.615325
-1.785137 0.7014473 1.338598 -1.719711 -0.9175352
-1.717643 0.7560459 0.5465398 0.5862897 0.8964343
0.4288333 0.9540169 1.12848 0.5644596 1.107285
0.976616 1.249502 1.114563 1.150923 0.935102
0.8710131 0.6405823 1.884758 0.9970855 0.9127917
0.7160129 1.548708 -0.8891518 1.018364 -1.199654
-0.5936823 1.424709 0.7464043 -0.78392
