2.479111 2.795942 2.063698 -1.800475 -2.499992
0.9528602 -1.046922 1.367194 1.689294 1.895032
-1.377546 2.446994 1.643196 2.247198 1.335233
1.194192 1.091738 0.6728141 -2.471136 1.453837
1.352535 -1.445875 2.219219 -1.754628 -1.181895
2.178729 -1.800475 -1.609927 1.921328 -0.7716731
-1.320097 -1.787822 -1.241966 -0.6258772 -3.037551
-2.207352 -1.586491 -3.20488 -1.53756 -1.693926
2.169536 1.139537 -1.113707 -1.441052 -1.292616
1.745394 1.853592 1.922813 -1.981696 2.047138
-0.895836 -2.043345 1.434383 1.598579 -1.486091
-0.8956063 -1.77791 -2.615962 -2.615962 -1.580626
-1.975046 -0.8065056 -1.579641 -0.9906763 1.555016
1.973933 1.030679 0.6142503 0.8283597 1.166499
1.809711 2.065263 1.681333 0.9691925 1.029121
1.22445 1.256807 0.9698472 1.129366 1.272074
1.05066 1.757738 1.060505 1.375992 1.541152
1.624997 1.025443 0.844005 2.331404 1.252528
-1.239019 1.370764 0.788161 1.134267 1.599961
0.9893917 1.502022 1.929828 0.8558277 1.235423
0.7873513 1.013458 1.108597 -1.031013 -0.9213456
-1.921328 -2.05039 1.177719 -2.319725 -0.7815176
-1.417808 1.271011 -0.7560091 -1.365142 -1.350235
1.162121 2.214651 -1.376962 1.352535 -1.342289
-1.601114 -0.9513006 1.254589 -1.373007 -0.8272251
0.9273727
