2.798689 2.295506 2.823009 2.814659 2.456224
2.757035 2.765889 -3.072286 -2.562387 -2.046521
-2.490135 2.995924 -5.034188 -2.655192 -2.487558
-2.070309 -2.745951 -1.5757 -2.622125 0.9484631
1.016241 1.171902 1.015003 0.9774822 0.8567965
1.284814 0.9056891 1.779814 1.101312 1.101312
0.8955322 -1.348032 1.338803 0.9746368 0.9141978
0.6975323 0.7125656 0.6762044 1.725826 2.556832
1.357069 1.429221 0.7911682 1.389988 1.4879
1.133906 0.8414109 0.8946082 0.8967708 1.054057
1.089762 1.332306 0.7957275 1.276439 1.475748
1.721853 0.7305179 1.229831 1.706436 1.108246
1.222677 1.819404 1.594937 0.8693111 1.104614
1.736207 1.416999 0.8208563 0.7996988 1.13714
0.7317336 1.665893 1.459861 1.291546 1.014478
1.229972 0.9431585 0.8460847 1.370787 -0.8846724
-1.786221 -1.155285 1.504053 -0.9313041 -1.534343
-2.108299 -0.7928447 -0.8184506 1.418736 1.099966
-0.8897602 -0.7592046 -1.146279 1.099705 -1.715738
0.934728 -1.479538 -0.9521519 -1.048359 -1.16549
-0.8116062 -1.434453 -0.7328791 -0.7761282 -0.9995573
-0.8474458
