3.036925 2.683064 2.671549 2.69117 2.686646
3.030256 2.405571 2.675377 1.990027 1.888361
1.154502 1.451481 3.872388 1.024554 1.376775
1.514785 0.9318989 0.8696243 0.7067436 1.035795
0.7798948 0.9073561 1.341947 1.341947 0.8314555
0.8367553 0.73429 1.368569 0.9261913 0.7957749
0.94021 0.8769938 1.367385 1.07905 0.7379263
0.9547986 0.9756244 1.348492 0.9657585 0.9828436
1.363587 1.081637 0.906192 0.7344227 1.548037
0.9990024 0.8738674 0.9385671 1.082594 0.9060394
1.303152 1.151717 1.293875 1.132705 0.8467034
1.349477 1.173707 1.250403 0.825403 1.221369
1.359358 1.187806 0.9076607 0.9474554 0.8570317
1.816013 0.8172458 1.529434 1.46895 0.9677415
0.8975616 1.174308 0.8693632 1.078913 1.075716
1.304605 0.7310066 0.862502 1.241251 1.196657
1.123411 0.4800387 -1.202162 0.9640207 0.7176468
1.042145 1.420713 1.218486 0.8855546 1.03559
1.583017 -0.9256892 0.8895039 0.9828436 1.175606
-1.375835 0.9691502 -1.995438 -1.216956 0.8172458
1.634707 0.7871796 1.082601 1.078913 0.7508459
0.8811479 0.9506972 -1.637858 1.164363 -0.9650412
-0.8542583 0.8590002 0.7552804
