2.893061 2.117183 1.598529 2.300859 2.444302
2.099872 2.334002 2.214824 2.289708 2.573843
2.966079 -2.784708 2.415602 2.444616 3.044081
-1.727851 2.670894 2.139759 1.720256 1.734508
1.525428 -0.9593701 1.813652 0.9636175 1.140979
1.975004 0.8106477 1.533789 1.068912 1.949918
1.474997 0.9992553 1.244753 1.040449 0.7883411
1.216608 1.030523 1.175278 1.175898 0.9303772
1.295364 0.9720067 -1.600229 -1.198764 -1.015221
1.468456 -1.447697 -2.064812 0.9219243 -1.310144
1.542328 1.171461 0.8448313 1.776745 0.9323639
1.06149 1.239456 1.316483 0.8014023 0.8719138
0.7189959 1.178251 1.533789 -1.883333
