-1.80649 1.740577 1.219535 1.847275 0.7662233
0.7404746 0.8006674 0.9371212 -0.7008929 -1.990949
1.602934 1.451666 -0.8718525 2.117458 0.7036923
0.7893609 1.175476 0.8019371 1.19082 0.9451771
-1.182251 1.41313 1.094711 2.079581 1.715368
1.38226 1.707584 1.462859 -1.916515 1.188968
-2.827373 0.9012616 1.359877 -1.711731 -2.195166
-0.5334581 0.8985111 1.847275 -1.406048 -1.406048
-1.585508 -0.9159312 -2.03162 -1.312433 1.173897
-0.8228294 -1.099199 -1.196239 -0.9432651 -1.653315
-1.863118 -1.215628 -1.113742 -3.337918 -1.716409
-2.158005 -0.8093892 1.04163 -2.13929 -1.440258
-2.117458 -1.485835 -1.655101 -1.576685 -0.9737242
-1.114296 -1.823548 -2.165553 -1.161686 -1.525133
-1.435666 -1.631512 -1.588711 1.430497 -0.8271328
-1.471735 -1.830394 -1.165011 -1.629976 -1.99208
1.321096 -1.232649 -1.025728 -1.787655 -0.8645064
-0.7398113 -1.612004 -1.298278 -1.265772 2.694728
-1.140572 -1.744757 -1.133886 -0.9695598 -1.157985
-0.8221071 -0.6898468 1.30298 0.5641392 1.453494
0.6625187 1.991838 1.114515 0.7766639 -1.124295
-1.713237 -2.165025 -2.322152 -1.021028 -1.372443
-0.7008929 -1.677166 -2.01599 -1.33643 -1.559504
-1.576736 -1.157689 -1.623798 -2.396708 -1.215083
-1.592243 -0.7398113 -1.836692 -0.9874885 1.720389
-1.418115 -1.597995 -2.123779
