1.606205 1.284603 1.330621 1.731721 1.487223
1.069798 1.366109 -0.8303239 1.279616 -1.07502
1.838412 -1.589891 1.448802 1.154835 -1.950705
0.8293194 1.340198 0.9559833 1.100025 0.8007136
0.994067 0.7729947 1.918448 0.7100145 0.9672183
1.664022 0.6573542 0.9619513 0.7462923 0.7882273
0.8628534 0.8044394 1.009998 1.361348 0.6221897
1.637841 1.916701 0.7095991 -1.061438 1.172186
1.010297 1.000758 1.154835 0.9997843 1.488859
0.9303191 0.7439065 1.112423 0.6356231 1.134869
1.682302 1.392554 -0.8242962 -1.257817 -1.170661
-6.08954 1.784642 -0.8849483 1.427008 -1.981611
1.154835 -1.306752
