2.976605 2.880093 -2.862308 2.861161 2.652253
-2.826394 -2.900159 -1.5583 2.858352 -3.171575
-2.819021 2.687751 -3.091416 2.43866 -2.84695
2.614762 2.966249 -2.523625 -2.6196 -2.818995
-2.890761 -2.96828 -2.679158 -2.957757 -1.722604
-2.768107 -2.291902 -2.181504 2.684174 -2.96828
-2.369593 2.145903 2.510388 -3.047581 -1.971723
-2.497238 -2.494097 -3.171575 -2.580893 -2.567262
-2.412566 -1.858693 -1.610123 -2.793204 -2.472216
-2.411237 2.032724 2.069193 2.163781 -2.859359
-2.719087 -2.840159 -1.834822 -2.262006 -2.755594
-2.219366 -1.997534 -2.282613 2.586372 -2.230338
-2.872488 -2.222565 -1.716444 1.317753 0.9867453
1.906561 1.056096 1.661773 1.29679 2.322672
1.56563 1.661396 1.228733 1.429945 2.055336
1.041265 1.255664 1.233889 2.013234 1.319331
1.54213 1.331827 1.011951 1.323042 1.281898
-1.820314 -2.339488 0.8198169 1.670647 1.081967
1.32179 -1.71292 -1.991152 -0.9736148 -2.077905
-2.077905 -1.502429 -1.116262 -2.317649 -0.6747764
-2.243198 1.041265 -0.9006441 -1.204693 -1.044045
1.664977 2.553927 -1.191539 -1.312791 -1.411672
-2.793204 -1.167068 -0.9494281 1.472883 1.041692
1.408947 1.214573 1.207051 0.9846898 1.345206
0.982162 1.436284 0.9373922 0.9690989 1.302477
0.9926811 1.141042 1.236963 1.007935 1.218314
1.097158 0.9825388 -1.294232 -1.457404 1.358848
-1.459499 -1.459499 1.254424 -1.002576 -0.6746628
-1.670647 -1.036018 -1.067389
