2.639814 2.588413 -3.046602 2.128328 2.0522
2.009409 -3.046602 2.42262 -3.046602 -2.686334
2.42262 1.902066 1.617122 2.345936 1.766206
2.485243 1.44703 1.16883 1.13307 1.515954
1.002822 0.88899 2.407469 1.51737 1.753913
1.132902 0.8803992 0.9567242 1.530197 1.456675
1.447995 1.721721 1.670033 2.471426 1.933241
1.574427 -1.634672 -0.8690624 -1.396733 1.637342
1.119084 1.311809 1.212962 1.983836 1.773682
2.124039 1.478226 1.057041 2.135345 1.484481
1.527759 1.638216 1.516316 2.202624 1.734068
1.302701 1.994211 1.44703
