1.564045 2.182926 1.383307 2.067627 -1.595299
1.811445 1.481287 3.390125 1.955802 2.011844
1.686957 2.71007 1.765974 1.880536 2.063932
1.950181 1.316822 1.859335 1.892559 1.874301
2.430714 2.090468 2.457638 -4.571986 1.880442
1.482828 1.61291 1.309143 2.767162 1.896394
1.308761 1.58715 1.793568 1.295528 1.702268
1.39091 1.979632 1.976446 1.564045 -1.788297
-1.834674 1.383307 2.134504 -1.595299 -2.473126
2.245588 -1.389813 -1.949704 -2.596624 -1.715725
1.416553 -1.767987 -2.912517 1.381514 -2.264447
1.557815 -2.098908 2.054297 -1.647489 -1.6308
-1.48368 -2.095506 -2.018247 -1.230909 2.216829
-1.470068 2.177091 -1.7218 -2.20838 -2.129913
-2.136417 -1.929725 1.34892 1.520071 1.558511
2.096042 2.665785 1.882367 1.488542 -1.486116
-1.772546
