1.904692 1.842315 1.561966 0.7319315 1.10134
1.432822 1.520807 1.763497 1.471861 1.897647
1.782567 2.054199 2.236198 1.043387 1.811124
2.553877 2.003931 -1.425577 1.027483 1.432822
1.098814 -2.087918 2.011052 1.309274 0.919966
1.001044 0.662365 0.7810903 1.354147 1.061484
1.06573 1.217752 -2.481749 2.241441 1.21772
1.506158 3.963895 1.663256 1.069902 1.086963
1.460835 1.367239 0.8540939 2.314609 1.030859
1.247591 1.22835 1.928207 0.8607685 0.8487234
1.904382 1.873524 1.160856 0.7653459 0.9063612
1.278685 0.8446731 1.015053 0.6124838 1.013811
1.304385 1.596193 1.607613 0.9293291 1.136874
1.578503 1.80127 0.7202223 1.118992 0.7470235
1.234428 0.7376134 2.63285 0.9870191 1.410267
1.131526 1.440489 0.7752644 1.506199 1.18744
1.140079 0.9027191 0.6893521 1.623027 1.387397
1.415762 0.772487 1.201432 0.7688157 1.588356
1.250693 1.016072 1.084171 1.263822 0.8340525
1.757305 0.8218842 0.8480163 1.922039 1.409386
1.872007 1.5406 0.8682726 0.800364 1.082088
2.36162 0.7409346 1.548253 1.279894 0.9044988
1.021072 1.571457 1.310399 1.136059 1.093969
1.520404 0.8781751 1.206371 0.9821036 0.8553849
1.025464 1.838231 1.587328 1.442915 0.8599782
1.164883 0.7458858 1.55391 2.151774 0.7866112
1.066096 0.6812813 1.443022 0.8511794 0.6583556
1.326084 0.8027608 0.7709292 0.9646807 1.122957
0.8154665 2.176029 1.602935 1.131676 1.054803
0.9550228 0.8861045 0.9611476 1.594665 0.9511299
0.9425545 0.9060552 1.025467 0.8172458 0.817801
1.52326 1.051211 1.011463 1.550291 0.7825232
1.246057 1.43586 1.110643 0.9616923 1.279429
0.8086962 1.017344 -1.972449 0.7440644 0.756474
1.609506 0.7090654 1.904692 0.892041 0.7857226
1.528682 0.6221114 1.185109 -1.425577 1.393288
1.22835 0.7664559 -0.8886616 1.333669 -1.327764
2.540921 0.9928151 -1.358231 1.579361 0.8773303
0.8773303 1.114537 1.228743 0.7587932 -0.7587932
0.7269643 1.058702 0.7319315 -1.10134 1.025675
1.166096 -0.9026448 1.834433 -1.872007 -1.354811
1.008682 0.8525853 2.148325 -2.322046 2.322046
0.9972629 0.7829924 -1.218552 -0.9513848 0.9431195
-1.481639 1.56116 1.426782 1.782567 1.180812
0.7179569 1.386944 1.081699 1.081699 1.138168
0.8861045 0.6654776 1.655753 1.266571 -1.016803
0.7540658 1.702801 0.8691968 0.964779 0.888302
0.9380953 1.530673 1.158739 1.523447 1.051211
2.625859 1.144473 0.8075216 0.7039257 1.398922
