2.312792 2.401146 2.597315 2.609422 2.677302
2.823308 -2.414841 -2.165682 2.138458 2.453265
1.340637 2.600914 2.22671 1.413401 2.10012
-2.488978 1.966317 -2.504597 -2.987271 1.437592
4.709034 1.647328 1.528863 1.241497 1.803169
1.969575 1.10465 1.69752 1.666675 2.333286
2.107708 2.253696 3.502915 1.894624 1.648839
1.618728 1.783837 1.876739 1.942109 1.346512
1.731264 2.102436 1.732028 2.72491 1.918518
2.39901 2.636222 1.854899 1.834113 1.308761
2.029216 2.302548 1.199472 1.767375 1.134627
1.625803 1.61634 -2.635188 1.611728 1.127802
2.096904 -1.643572 -1.747397 -2.215679 -1.974483
-1.382227 -1.288677 2.54006 -2.826967 -1.812991
1.679694 -1.534365 -1.613393 -3.039061 1.135835
-2.172492 2.426162 -1.615145 -2.580322 -2.69079
-2.667032 2.407632 1.885289 1.885289 -2.458577
-2.117603 1.787051 1.515618 1.416864 1.589788
2.491807 1.721294 1.657363 1.694836 1.764363
1.881383 2.381724 1.873621 1.728188 1.752106
-1.860545 2.314952 1.789699 1.692616 2.14169
1.681738 -1.751882 -1.552265 -1.946667 1.942109
-2.72491 -1.764175 -1.434572 -1.460995 -1.906807
