1.972783 2.285032 1.890568 2.255574 2.41713
1.349741 2.381302 2.711187 2.951992 2.239908
-2.230599 2.888493 2.686185 2.191212 2.736672
1.963026 2.547506 2.234512 2.795099 2.223286
2.191716 -1.927275 2.352309 -1.989032 -1.872223
-1.056401 -2.727273 -2.296062 -2.238254 -2.116339
-2.363691 1.244894 1.411533 0.8862014 1.297522
1.153358 1.884437 0.9416072 1.750013 1.525505
-0.9954518 1.02939 1.313536 0.9831813 -1.715469
1.487437 1.922509 0.748156 0.8981526 0.9470135
1.181806 1.663998 0.8199106 1.772331 1.2473
2.582078 2.600331 1.263032 0.9942336 2.646904
1.349056 2.463365 1.074523 1.250181 0.973038
1.143595 1.586746 0.7442374 1.212172 0.8749444
1.565577 0.9398317 0.8130302 1.11849 1.292611
-0.8828592 1.496391 0.8865247 0.757862 0.934546
1.286344 1.403809 1.028824 0.7622225 1.308891
0.7503249 0.84869 1.137028 0.6854206 1.251691
1.637874 0.9923197 1.086617 1.27641 0.9553007
1.28557 1.921489 1.054345 1.146661 0.9044013
0.92598 1.085648 1.236737 1.226498 1.962188
2.133967 0.9961069 1.525408 0.9896056 1.263357
1.403835 0.8861941 1.838927 1.410808 1.229466
0.7902806 1.003369 1.423568 0.9118075 1.638358
1.625343 2.073884 0.9164705 0.8820684 1.386611
-1.493002 1.146909 1.956182 1.61662 1.249484
1.035393 1.359467 2.0539 1.218346 1.033179
0.8232638 1.377259 1.377259 1.327373 0.9829964
-1.392029 1.205362 1.276664 1.678529 2.128664
0.7913597 -1.535597 -1.902662 -0.794202 -0.794202
-1.718017 -1.715469 -2.11197 -1.179653 -2.169681
-1.989032 -1.927279 -1.872223 -1.215421 3.402044
1.138836 -1.056401 2.163862 -1.95041 -2.085717
-2.157657 1.308891 1.480877 -2.096374 1.391879
0.92598 -1.788059 -0.909906 -0.8674431 -1.451618
1.525408 -1.47445 -1.3692 1.766127 -1.416747
-0.735391 -2.159015 1.059341 0.9154617 -0.9992385
1.813502 -0.8524571 -0.8811808 -1.693088 -1.955894
-0.9307089 -1.553058 -2.561378 -1.163016 -1.37571
1.013726 -0.9380085 -2.160918 0.9357174 -0.9102843
0.9163027 1.050381 0.9537519 1.305406 1.04914
1.190903 1.502052 1.366747 0.7641896 0.7605838
1.159466 0.51916 1.270034 1.592386 1.3656
1.369847 0.6685874 1.868982 1.404284 0.938314
1.142808 0.6358319 1.499247 1.533242 1.555077
1.008988 1.04156 1.048419 2.139725 0.5687903
1.199502 1.259465 0.890081 1.41681 0.7127959
1.011083 0.8326643 1.519682 1.251049 1.544012
1.291272 1.166101 1.004853 2.037605 0.9442914
1.401159 0.7298651 1.523617 0.8292928 1.698526
1.008629 1.825676 0.9628838 0.8867153 1.893125
1.379332 0.7669453 1.223838 1.395829 0.9621753
1.608083 0.9313181 1.473087 0.9478976 1.149912
0.781186 1.044615 1.082406 0.9120694 0.936769
0.8783258 1.174285 2.044451 0.7126072 1.750014
1.24486 1.801951 1.21236 1.144876 1.66028
0.8175461 0.8945848 1.434901 0.7216526 1.255125
1.044951 1.609948 0.8308642 1.153362 1.405075
-0.9954518 -7.756128 -1.026182 -1.450493 -1.371491
-2.219731 -2.352309 -1.065017 -1.476548 -1.033886
0.8031484 -1.369437 -0.7213226 2.463365 -5.809049
-0.9061858 -1.11849 -0.7463425 -2.085717 -0.7503249
-1.507374 -1.032217 0.84869 -1.344155 -0.9871052
-0.9923197 1.381933 -0.8540396 -1.489803 1.391879
1.86389 -1.285897 1.234801 1.234801 -1.480624
-1.387391 -0.929577 -1.585674 -1.638358 -2.368894
1.417242 -0.7101057 1.059341 -1.177102 0.9187474
-0.8524571 -1.92943 -0.6856247 -1.03182 -1.693088
-1.553058 -1.555812 -1.563475 -1.553511 2.056473
-0.927054 -0.987541 0.7913597
