1.993319 1.370089 1.108184 1.109715 0.9849846
1.955664 1.205627 1.251512 1.655517 0.7440226
1.128149 1.293082 1.41584 1.486855 1.718373
1.484006 -3.032712 1.54323 1.244752 -2.054705
-1.476323 -2.279602 -1.522745 1.616241 -0.9725107
2.589386 2.589386 1.835076 1.765462 1.385251
1.380616 0.7794973 1.400661 1.325077 1.32828
0.996064 1.420087 1.47345 1.09541 1.56892
1.292417 1.271335 1.848873 1.337023 1.844305
1.03072 1.062869 -1.440777 -1.804826 -0.8354394
1.206438 -1.625529 -1.574468 -2.818892 2.181587
1.937427 2.25545 1.693703 2.493984 1.647699
1.178476 2.371918 2.236459 1.391238 2.067751
1.871883 2.477203 1.712479 -1.694487 2.038016
1.178476 2.21864 -1.483116 -1.969547 -1.701369
