2.850427 2.182445 -2.948261 -2.772139 2.204199
-3.196246 -2.368499 -2.302911 -2.794725 -2.407032
-2.443314 -3.238105 -2.349685 1.832084 2.231777
2.076249 1.97102 2.175203 -2.026547 1.297874
1.734647 1.98578 -1.348956 -1.464594 -1.502533
-2.026547 -1.700342 0.754642 1.354241 0.7299849
0.6204553 0.9861111 0.8496536 1.019226 1.036424
1.258725 0.810632 0.8710131 0.9054316 0.5705563
0.927152 1.368907 0.877084 0.9599351 1.496303
0.8908087 1.932309 1.108977 1.399089 1.579843
1.079432 2.19179 1.170143 0.7647667 1.071495
0.8586211 0.6643963 0.5780982 -1.785485 0.6489888
1.202214 1.60264 0.6421904 1.122509 -1.103786
-0.9720875 -1.640281 0.8994193 -1.375219 -2.155374
-1.14069 0.9779152 1.040644 0.768257 0.9033837
1.734647 -0.6421904
