1.064863 1.978651 0.9281037 0.8182213 1.075947
1.776315 1.763409 1.160352 1.229726 1.299278
0.978735 2.012744 0.9614202 1.298134 0.914293
0.9796102 2.02661 1.074828 1.519527 1.214308
1.528836 1.016797 1.539706 1.392222 2.041725
1.045638 1.168312 0.6355246 0.8103883 1.377659
0.5441471 1.989373 1.298424 2.139099 1.483197
1.848122 1.293922 1.215499 1.857763 0.9801344
1.184423 2.124465 2.149161 1.28124 1.713907
2.548248 1.226377 1.656304 1.479857 1.002634
1.317443 0.9421879 1.442958 1.043993 1.290883
1.286467 1.453341 1.339051 1.422541 1.709376
1.09225 1.365912 1.714056 1.053257 1.209503
1.305702 1.76348 1.859018 1.778556 1.337173
1.638968 1.321584 0.9451665 1.422577 2.1401
1.864273 2.208681 1.306408 1.844406 1.300818
1.267107 1.56528 1.708435 1.480368 1.993227
1.232147 1.239316 1.692302 1.692302 0.9386663
0.9815385 1.012552 0.9178171 0.8327252 0.9183526
0.9874716 0.8515353 0.7080616 1.458876 0.6882232
1.307587 0.8735928 0.823812 0.6200986 0.9180141
0.8178475 1.214381 1.235781 1.474648 1.290868
1.015071 1.023126 1.14017 1.12268 0.8332836
1.473331 0.961935 0.9085808 1.010356 1.111791
1.321386 0.721799 1.037724 1.153227 0.9797959
1.106107 1.715077 1.032421 0.8884447 0.7964477
4.509504 1.216617 0.854957 0.8639662 2.116304
1.061474 0.8755529 1.216825 1.119845 0.8140228
1.607104 1.282447 1.179566 0.8471925 0.8838447
0.8630326 0.734225 1.462559 0.9744305 1.122435
0.8040801 0.9120196 1.105007 1.31899 0.8088431
0.8088431 -1.742539 1.026487
