2.03981 2.465364 -1.30608 1.921266 -2.505333
2.016347 2.263913 2.198065 2.020747 2.503567
2.570487 2.167775 2.162517 2.613585 2.212227
1.994623 2.083831 2.434734 1.927129 2.54817
2.55054 2.461433 2.581634 1.951097 1.917795
2.138811 2.830089 1.819175 2.811473 2.161879
2.426228 2.451956 2.200875 2.656885 2.272656
2.149926 2.45089 2.056679 1.978389 1.839603
-2.241006 2.708034 2.016347 -2.579797 2.218927
-1.626572 -2.233742 1.760696 1.879757 -2.027903
-2.769334 2.503567 -3.310078 2.167775 2.542503
2.006395 -2.006395 2.074713 2.465364 2.106027
2.30205 -2.264837 -2.203971 2.55738 2.55054
2.316249 1.873391 -1.799861 2.395645 -1.7854
1.75778 2.053288 -2.867192 2.702351 1.858622
1.858622 -2.250283 1.978389 2.22022 -1.970157
1.523459 1.577847 1.154722 2.334487 1.303222
1.708773 1.069281 2.070891 2.155174 1.367686
1.48955 1.917485 1.604025 1.966065 1.939185
2.370698 1.623633 1.543396 2.149465 1.900608
1.327787 1.871837 1.270304 1.379352 1.337273
1.408591 1.101491 1.385838 2.512424 1.64529
1.527001 1.826003 1.689644 1.713462 1.670431
1.547371 2.561811 1.228321 1.445197 1.178716
1.846246 1.79961 1.756849 1.710474 -1.810909
-1.380989 -2.325899 1.205465 2.004095 1.668302
1.266137 1.906332 3.310078 1.446242 2.212227
-1.305338 -1.818154 -1.617579 1.923053 1.503624
1.994623 1.171964 1.200834 1.221411 2.490343
1.729303 1.42925 -2.053722 1.349658 -1.7106
1.253091 1.779724 1.858428 1.933977 1.375285
1.196885 -2.272879 1.323367 -2.463134 -2.463134
-1.355218 1.355218 1.305641 1.325264 -1.931405
1.970157 1.24561 1.153621 1.591722 1.379388
1.209326 0.9817455 1.506755 1.144682 1.325837
1.190303 1.972712 1.698733 1.188175 1.696892
1.552015 1.476215 1.641424 1.281625 1.295779
-2.40009 1.48781 0.9562037 1.563878 1.813311
1.181609 1.505764 1.324071 1.023623 1.469794
1.750932 1.86591 1.432527 1.608827 2.606994
1.277521 1.319367 1.303014 1.300744 1.552438
1.285651 2.485558 1.371509 1.320652 1.944369
1.332186 1.363607 1.131228 1.233204 1.444569
1.822038 2.429166 1.63262 1.141024 1.251246
1.65835 1.376157 1.873039 1.378895 2.318676
1.504243 1.796031 1.557317 1.368126 1.323113
-1.438318 1.589143 1.335236 1.161617 1.104632
1.344459 1.53332 1.601024 1.766519 1.275007
1.758567 1.164195 1.571605 0.9266993 1.571328
1.278364 1.505017 1.357918 1.11903 1.824237
1.295961 -1.524776 1.240668 1.759787 1.694783
-1.395288 1.023501 1.856662 1.667231 1.383295
1.267023 1.313688 1.645562 1.134205 2.547494
1.460961 1.494115 1.467487 1.384802 1.073228
1.42061 1.428099 1.453749 1.500822 1.760227
1.737462 1.817409 1.162328 1.928326 1.391889
1.605332 1.547224 1.30608 2.163991 2.240571
1.680648 1.565696 1.537639 -2.160535 1.240947
1.951155 1.724086 1.207506 1.239713 1.563002
1.140611 1.713249 2.177637 1.199515 1.393875
1.71533 1.407772 2.55446 1.333195 1.286762
1.813867 1.753607 1.476585 1.322856 1.390217
1.599918 0.9550513 1.324522 1.915859 1.217761
1.153621 1.241113 -1.318965 1.510596 -0.9428955
-2.40009 1.800079 1.800079 -2.013277 1.19796
1.129528 1.736737 1.75428 1.25864 1.224133
-1.296467 1.289996 -1.284544 1.558758 -1.909699
2.429166 1.481423 1.446242 2.070586 2.032447
1.367686 1.012047 1.263378 1.344459 -1.729667
1.798637 1.556336 -1.387816 2.232539 -1.752022
2.646653 -2.576707 1.128364 1.05983 -1.919643
-1.395288 1.652714 0.9857151 1.469466 -1.528008
1.028587 -1.277481 1.395915 -1.703113 -2.13135
1.253091 2.512424 -1.282201 1.826003 -1.532386
-1.793598 1.394442 1.829404 -1.469793 1.196885
-1.216839 1.228321 -1.563002 1.065416 -1.734128
1.100124 1.543414 1.611084 1.611084 -1.273793
1.346976 1.479194 1.071954 1.857181 -1.168033
-1.488014 1.429599 1.114384 -2.684586 -1.171914
1.276446 -1.607821 1.35763 2.039899 1.932749
1.243699 1.373602 1.76183 1.731591 1.878149
1.332858 1.746212 2.053288 1.696892 -1.834727
1.469794 -2.02159 1.873039 1.598101 -2.287398
1.571328 1.579387 -1.702141 1.391429 -2.225293
-1.457785 1.563002 1.611084 -1.346976 1.677104
2.22022 -2.287878
