2.477385 2.318952 2.553743 2.542159 2.475997
2.286527 1.848675 2.15516 4.604281 2.217998
2.0447 2.344986 2.466947 2.178161 1.764994
2.33996 2.412646 2.337493 1.976966 2.08968
1.87933 5.089675 2.105869 2.320357 2.034705
3.22694 2.150635 2.332138 2.235188 2.132468
2.072223 2.15516 2.08968 2.013237 2.415211
1.930128 2.101353 2.145674 1.9102 2.064917
2.436609 2.254806 1.926265 1.958817 1.969882
2.321778 1.895518 2.507149 2.215091 2.330483
1.931097 2.666213 2.307299 2.433887 2.476171
2.242725 1.935669 2.239328 1.784682 2.388745
2.561625 1.930128 1.749611 1.72019 1.912298
2.071582 -2.620321 1.289704 2.329475 1.771688
2.012665 1.972601 1.065805 1.988744 1.111122
2.21018 1.700529 1.454448 2.490827 2.282569
1.827106 1.957455 2.269005 1.366261 2.129816
1.379096 1.595653 1.158179 1.630506 1.787475
2.894287 -1.23486 1.662527 1.958817 2.499866
2.694641 1.235899 1.432371 1.061631 1.476886
2.292391 1.143621 1.941397 1.609988 1.865272
2.637893 1.587123 2.010274 1.680765
