0.6575165 0.6460822 0.8685035 2.003947 2.233052
1.15727 0.9742789 -1.143642 1.204036 0.7848501
0.885231 0.9917974 1.269532 1.322233 0.650376
0.9012317 1.000429 0.6937907 1.087656 1.544191
0.5928751 -2.754577 0.804068 0.7945911 1.820516
1.185721 1.533875 0.8227732 0.8357943 1.540466
0.9086162 1.753967 1.101863 1.059538 2.073461
0.6665915 0.9144297 0.8124482 -1.544193 1.142501
0.8186299 0.8834145 1.120467 1.079203 0.5920153
1.208164 1.431084 1.168863 1.384418 1.569211
0.8775249 1.03323 2.173461 -1.211013 0.8274994
0.5830309 -0.9101206 1.207542 1.162276 -2.046651
1.166422 0.9718939 1.372105 -1.626967 0.6575165
1.372489 -1.501876 1.098675 -1.910981 -1.083302
-1.671822 -1.333209 -0.8608139 -2.484516 1.225528
-0.7899364 1.730791 -1.458716 1.324549 1.10279
1.10279 -1.865286 -1.326596 1.370459 0.7803406
0.8432589 1.304091 -1.258125 -2.264044 -1.429065
-1.208787
