1.217247 2.301372 2.353312 1.244267 2.731251
1.978332 1.342387 2.049308 1.194039 0.7366508
2.171883 1.005431 0.7850819 2.286913 1.667338
1.19967 1.006716 -1.693844 1.269933 0.7013015
1.598655 1.047691 1.709912 1.41094 1.863114
0.9310833 1.466334 1.358116 1.38696 2.028094
-1.390296 1.135582 0.889231 1.291514 0.7701498
0.8657987 1.154065 0.8609249 1.569281 0.8419335
0 0.7247034 1.353808 1.290534 0.8594544
-1.280753 1.228514 1.337441 1.704497 1.230074
-0.6447203 0.7623692 0.7971774 0.8168671 2.18337
1.092583 -0.7619739 1.047057
