2.686096 2.842139 2.421224 2.831771 2.389604
2.173019 -2.319946 2.222621 4.598114 1.968706
2.301131 1.939153 1.935728 2.184758 2.524668
1.948153 2.351334 2.589717 -2.116628 -2.339265
2.017577 -2.15239 -1.833236 -2.002549 1.481518
1.961332 2.345536 2.044508 2.084909 2.125062
-2.395732 2.132085 2.319047 2.273891 2.257319
1.862006 2.355795 1.910807 1.949402 2.206973
2.105452 1.92035 2.243584 2.314606 -1.703684
-1.833236 -1.961332 -1.770967 2.301131 -2.236859
-1.891755 -2.427641 -1.351237 2.084716 1.586137
2.042408 1.483526 1.684333 1.337655 -1.453752
2.133274 1.928869 1.858497 1.988401 2.467777
1.890181 2.094744 1.538907 1.489038 2.432425
2.366117 1.558408 1.533239 1.528253 2.046939
1.044477 1.310259 2.393202 1.675626 1.870362
2.146161 1.40071 1.455143 2.602067 2.048681
-1.794806 1.450829 1.446788 2.175065 2.472486
1.18964 1.379613 2.518908 1.326813 2.098962
2.086989 2.617469 1.952684 3.176871 1.579013
1.807707 2.051366 -2.331979 1.81865 1.844797
2.214765 2.056036 1.872452 1.96631 1.917474
2.296926 2.125334 2.218398 2.679072 1.534976
1.489856 1.512784 1.299931 2.013765 1.315579
1.318521 -1.772622 2.285836 1.337655 -2.240182
-2.050783 2.732834 1.481518 1.343275 1.471327
-2.294983 1.254732 -1.226618 2.086996 2.090066
-2.040982 1.440657 -1.285163 2.301131 -1.93821
-4.511438 -1.651125 -1.891755 1.917795 7.950786
-1.882367 1.401927 -1.915892 -1.493864 -1.351535
-1.24518 1.484618 1.258252 2.218398 2.005982
1.919411 1.453437 -1.657006 -1.662669 1.045349
1.986135 2.45314 1.684408 -2.025424 -2.382159
1.829761 1.935905 2.237588 1.832441 1.561074
1.876542 -2.98489 1.786497 2.131274 1.898949
1.82323 1.909157 2.189641 2.297607 1.522344
1.471327 1.532154 -3.133985 3.497861 -2.203865
1.541665 2.086996 -1.310259 1.396222 1.901517
1.518911 -2.040561 1.347366 -2.026199 -1.771331
-2.727056 -1.922407 1.682707 2.004611 -2.274756
1.484618 -2.025024 2.038127 1.338568
