2.52481 2.757809 2.272018 2.145278 2.70696
1.946068 0.9049391 2.118078 1.413225 2.179541
0.8129801 1.850745 2.309435 1.382971 1.306772
1.749462 1.235187 1.024827 1.691814 1.690558
1.162038 1.749999 0.9821346 1.35064 2.735771
1.576462 2.083708 2.381032 1.58892 1.167471
1.419228 1.419228 1.800847 0.9545909 2.163563
1.118426 1.82058 1.749462 1.659669 2.570521
1.263506 1.275411 0.7996775 1.925313 1.315459
0.9705681 1.575537 1.000795 1.064564 2.448079
1.073186 1.07052 1.051611 1.2199 1.494441
0.7421618 1.45536 0.6506754 0.9995868 1.53126
0.7873966 1.389818 2.126008 1.390933 0.901658
0.7895658 0.7982235 1.116032 1.395943 1.028314
0.7361618 1.026272 0.8374843 2.071799 0.9313942
0.8041239 1.749999 1.749999 0.8899297 1.064564
0.8404829 1.573259 1.841575 1.45044 0.9908625
0.8984777 2.374639 1.150313 0.7372767 0.9325544
1.328643 1.328643 1.235187 0.6848208 1.024827
2.302086 1.116032 1.253731
