1.785062 0.911651 0.9435904 0.8525891 0.7531681
1.211846 1.326078 1.097337 -1.607404 1.922874
1.1932 -1.4532 -0.6285698 -1.0555 -1.290831
0.9351732 1.415539 1.139912 1.01524 2.061122
1.581023 2.105827 1.183949 1.775496 2.597788
1.12824 1.199636 1.007357 1.429997 0.7808975
1.059731 0.744752 1.30275 1.021448 1.679053
1.30883 2.051019 1.771576 0.8861941 1.559352
0.9228781 1.226508 1.431621 1.418501 1.796129
1.463767 -1.354005 1.47957 -1.824034 -2.018339
-1.699663 0.9964027 0.9964027 -2.121807 -1.30104
1.356361 -1.459056 1.14189
