2.459087 2.811312 -2.398463 2.414133 2.448395
2.07839 2.444584 2.522445 1.937611 2.404849
2.400659 2.085805 2.208454 2.339974 2.47353
1.886571 2.113769 2.134011 2.124615 2.367734
2.136747 1.735192 1.454098 -2.124615 1.72209
2.269225 1.02526 -1.867868 1.14425 1.321473
1.544349 1.303071 1.938515 0.9428486 1.346039
1.231077 2.533157 1.577743 -1.359143 1.165921
-1.179915 1.880221 -1.529486 -1.426482 -2.504202
-1.688778 -1.128798 1.147663 1.019515 1.331885
0.9024976 1.325398 1.672306 0.8886122 1.056686
1.286296 1.63602 1.216068 0.8655558 1.278579
1.255092 1.106542 -1.190215 -0.9644344
