1.92039 1.500224 1.687525 4.083615 2.247891
1.752343 1.737642 1.654368 1.963503 1.552199
2.028699 2.063057 1.117826 1.325272 1.273108
1.433623 1.652176 2.070944 1.907077 1.809942
1.520577 1.670478 1.528015 1.127678 2.135313
2.171916 2.449706 2.333802 -1.770311 2.078817
1.759547 1.059846 1.911002 1.675539 1.158195
1.797721 1.86381 2.133872 1.435653 1.213467
1.384907 1.472234 -1.345429 2.030835 -1.366461
1.922131 1.734006 1.168925 1.966596 1.584035
-1.823519 -1.214701 -0.8787028 -0.8562524 -0.7736021
2.069933 1.025882 1.437989 1.075351 1.402563
1.93127 4.558548 1.080409 1.478506 1.557688
1.288462 2.252509 1.977388 1.351894 1.06369
1.904932 1.453905 1.742818 2.228796 1.023902
-1.095811 1.607816 1.805682 1.248312 2.102246
1.184351 1.387466 1.917682 2.046514 2.241323
1.194623 4.259093 1.394187 1.154919 0.994214
2.395189 1.62083 1.548737 2.041245 2.085283
1.511588 1.683799 1.267638 1.598866 1.84176
2.248188 1.402392 1.258483 2.012624 1.381993
1.635758 1.570623 -1.500224 1.047709 -1.049413
-0.7090023 1.962071 -0.815657 -1.578257 1.288462
-1.93994 1.654368 -0.623241 -0.9038916 -1.428209
1.168925 -1.220953 2.757877 -0.8243645 1.904079
1.220159 -4.185213 2.56275 -1.58449 -2.540429
-2.016241 -2.037826 1.346379 2.078817 -1.675539
-2.038782 -0.8758904 -1.601765 0.8181318 -0.5720389
2.28319 -1.125386 -1.327735 2.214562 1.629886
2.397349 1.713005 2.400453 2.614046 -2.431446
-1.18193 1.355147 2.089788 1.645148 -2.013048
1.966374 -1.418749 -1.648396 -1.418749
