1.709826 1.382856 1.146808 1.287043 1.01785
1.192352 1.369689 1.509935 1.133126 -1.6368
2.190513 1.080562 1.897351 1.656397 1.192352
1.006036 0.8460824 1.080348 0.9590336 1.316186
2.17436 1.147112 0.9010364 1.064216 1.036096
0.6262418 0.7467359 0.9843446 1.491329 0.687881
0.7629728 0.6135039 1.247436 1.502586 0.8122263
1.134236 1.380905 1.266183 1.032598 0.8280221
0.7717998 1.274796 0.6159426 1.506179 1.373623
1.69808 0.9938088 1.231624 1.097588 0.9574576
0.662365 1.577355 1.343635 0.7371554 0.9514121
1.107156 0.8904524 0.7852667 0.9265701 0.9662203
0.8954817 -1.545951 0.8103871 -2.321174 1.113826
1.416225 -1.446694 1.292567 0.662365 1.228517
0.8904524 0.6441151 -1.223338
