2.127875 2.813945 2.78052 2.125093 2.461247
-2.469261 1.465966 1.853939 2.163284 2.319212
3.040096 1.914867 2.04843 2.023544 1.840218
2.19891 2.314738 1.88321 -2.055632 -3.207561
-1.604638 1.815713 0.9352821 1.515213 1.854733
2.396087 2.157536 1.129707 0.9334445 1.621012
2.149156 2.084383 1.851502 1.585556 0.9694708
1.516043 1.717788 1.648751 2.032193 1.575531
0.9632889 1.340919 -1.515213 -1.133255 -3.207561
-1.058406 -1.196884 0.9073578 -1.596698 1.441891
2.998549 1.006424 0.8780412 1.450511 1.058071
1.057623 1.095779 1.533046 0.9878011 0.707986
4.120552 0.8893845 0.5692919 0.8090904 0.801968
1.75936
