2.169714 2.374516 2.607617 2.471615 2.572027
2.723095 2.460244 2.395695 2.535101 2.857813
-2.35471 -1.934908 -2.671513 -1.697779 1.981845
1.864982 1.709378 1.412364 2.521417 -1.923225
1.872273 1.686385 1.764395 1.821579 1.795554
1.712806 1.752457 1.899451 1.653614 2.078728
-1.420446 -1.097532 -2.260563 -1.951106 1.758282
1.554554 1.116289 1.627613 0.9642724 0.8864444
1.149069 1.192689 2.479024 0.9337878 1.636251
1.193969 1.045454 0.7502105 -1.398956 1.264085
1.571033 1.197404 1.412128 1.192645 1.71809
1.240833 2.240523 1.334329 -3.146611 -1.064939
-2.28853 -1.623598 -1.656707 1.619796 1.75383
-1.153168 1.333939 1.62139 1.349215 1.78319
1.863832 1.574347 1.152812 0.8845386 1.423037
1.824944 1.252226 1.512307 1.357358 1.2205
1.798259 1.355381 1.344833 1.020311 1.126749
2.367751 0.8435661 1.411375 1.528138 1.561834
1.434135 1.776189 1.534496 1.404852 1.328582
1.4238 1.805913 1.395907 1.000282 1.314544
2.044919 1.28131 1.129904 1.908271 1.398755
1.438729 1.059476 0.835402 1.873001 1.36331
1.200293 1.527011 1.147491 1.396937 1.204799
-1.627613 1.606045 -1.693764 1.701384 -2.26549
-1.384662 -1.040066 -1.636251 -2.28853 -1.283804
1.045454 -0.9684959 -1.876775 -1.876775 -1.650005
-0.7917513 -1.294381 1.029506 -0.9393929 -1.254513
