2.600539 2.175781 1.781844 1.167653 2.028586
1.660352 1.698074 1.655926 1.639259 1.984281
1.662888 1.630269 1.058529 1.610766 -2.563103
-2.241723 -1.838877 0.9119607 1.060684 0.7167762
1.096532 0.8117053 0.5275122 0.6358944 0.7312586
0.8838661 0.9871304 0.8834397 1.125225 1.145366
0.9015521 1.175899 1.108725 0.8056322 1.101908
0.9026641 1.273336 -1.013101 0.5341392 1.474052
0.7837189 0.8433731 0.7164879 0.865213 0.7451904
1.269962 1.179688 1.620135 0.6283478 1.067891
0.8521948 1.250036 1.279957 0.7520521 0.6387612
1.203736 1.043722 0.6747645 1.16499 0.8782269
0.8730016 0.5796536 1.464042 1.629044 -1.361769
0.4939419 1.059885 0.7001645 0.5843005 0.5402252
0.9142172 0.6999321 1.402675 0.9037772 0.7800456
0.4718628 1.632544 0.4552886 1.090802 -0.7387541
-0.7024447 1.423959 -0.5397964 -1.254774 -1.563901
-1.257212 -1.257212 -1.821045 -1.458899 -1.477887
0.6504885 0.6504885 -0.6442748 0.8763916 -0.829804
1.176175 1.937186 -1.621982 1.41955 -0.8519679
-1.289099 -0.8620761 1.058529 -1.838877 -1.009272
-1.409356
