3.001887 2.965379 1.243699 2.701259 1.861609
1.160249 1.596371 0.8773351 1.044825 0.8370251
1.885352 1.051193 1.506271 1.357032 0.8640664
0.8548595 1.391693 0.8200512 1.014099 1.465953
1.129719 2.487022 1.077209 1.664232 2.614174
0.9513128 1.221906 1.383716 1.092443 1.748298
1.731388 1.031647 0.8274082 1.161446 1.173728
0.8793335 1.505742 0.8459906 0.8177558 1.175399
0.7290684 0.8893313 1.656498 0.7952642 1.443272
0.7552158 1.27566 1.005234 1.224442 1.406458
2.077437 0.8365534 1.516135 0.926728 1.929289
1.455931 2.478122 0.7727783 1.613893 0.7245802
1.036769 1.529063 1.145406 1.060722 1.498854
0.8147807 0.8524284 1.376003 1.288442 1.400612
1.12552 0.828163 2.148498 1.000738 -2.203616
-0.5641392 0.7190692 1.339059 3.342644 -1.73438
-2.194151 -0.8268717 -1.840509 1.080204 1.243699
1.189003 1.556904 0.7552158 -1.593747 1.109183
1.756526 -0.8980023 1.637339 2.701259 0.9672368
0.8140168 1.274324 -2.074769 0.7952642 -2.2639
