2.432303 -2.151088 2.130916 2.231496 3.091055
2.09035 -1.542589 -2.482696 2.638204 3.105042
-2.334681 -2.127256 2.549907 2.08058 -2.526482
1.294706 -1.294572 -2.467048 -2.638863 -1.694435
1.766575 -1.932681 2.070828 -1.831683 1.661453
-1.70629 2.412565 1.744854 -1.397901 0.8747406
-1.99229 1.367931 1.606976 1.672115 2.334338
1.667742 1.956974 2.490757 2.273221 2.184507
1.902624 1.122853 1.877451 1.504428 -2.937495
2.603145 -1.9141 -2.100306 1.276077 -1.867086
-1.831683 1.751353 1.95886 -1.568272 -2.02597
3.13211 -2.213746 1.984016 -2.230511 -2.189366
2.038283 -1.541822 -1.986115 2.865352 1.556555
0.9733052 1.720325 1.156261 1.744825 1.910177
-1.793005 -1.588177 1.580718 1.701796 1.552084
-0.9329028 1.658936 -1.781516 1.306819 1.47324
1.671142 1.390229 1.270191 1.241919 -1.39132
1.483244 1.305082 1.791254 0.9340295 -1.327779
1.584857 1.706416 1.309523 1.390373 1.366838
1.205224 -1.461163 1.580718 1.20382 -1.501302
-1.62251 -0.8761776 -0.8761776 -1.491304 -1.466543
-1.106544 -2.09035 -1.832079 -2.227723 -1.502477
1.502477 1.241919 -1.39132 1.497253 1.497253
-1.794595 -0.9832917 -1.777584 -1.504428 1.429167
-1.573435 -1.231549 1.351243 1.085456 0.9458374
1.25046 1.198054 0.9524416 1.266582 1.316542
0.945568 1.036434 0.7601133 1.341607 1.341607
1.695322 0.7108632 1.342166 0.8522585 0.8386357
1.531444 0.9246997 1.174138 1.37711 0.9255101
0.9625781 1.294706 1.106407 1.297785 1.33815
1.154716 1.497253 1.182726 1.012761 -0.9655986
1.497253 0.9252734
