1.067868 0.5406366 0.9435982 1.431676 0.9898643
1.507277 1.182523 0.8169403 0.6416593 0.6350034
0.8120429 1.054748 1.350403 0.8084192 0.7372511
0.8167853 1.201462 0.9433911 2.073398 1.311984
1.452999 1.666184 0.9619284 1.872165 1.0866
1.534026 0.6582052 0.9100692 0.6000405 0.8516226
0.9695837 1.239163 1.23266 1.045483 0.8324313
0.8815643 1.252145 1.289863 1.295704 1.498466
1.516932 1.119196 0.9363977 0.6588834 0.9468084
1.44703 1.033672 0.8625373 1.030095 1.125396
1.209952 1.038927 0.5822295 1.045483 1.312166
-1.372316 1.488581 1.13196 0.4192668 1.250026
1.09154 0.9916062 0.8350435 1.112476 0.701737
1.088761 1.130517 0.8062592 0.7085946 1.400276
0.5592296 1.366886 0.5331202 0.476098 0.6442675
1.038927 0.9762006 0.7980099 0.9878077 0.7241522
1.592057 1.35004 0.8055539 0.6914981 0.7313611
0.9701555 1.295704 0.7938839 1.107112 1.299778
1.679213 0.7391972 1.172624 0.6779143 0.6448525
0.9619284 1.159626 0.7972904 1.006374 1.312166
1.312166
