-1.019048 1.641679 1.104805 1.036867 1.730762
0.7667345 0.5527851 1.100558 0.7502164 1.279813
0.9347908 0.8822579 0.9313751 1.192122 1.037786
0.8567378 1.969862 2.019188 0.9182803 1.093131
1.489929 1.393975 1.140055 0.7030048 0.8684716
1.500377 1.161668 1.021615 0.7177804 2.014455
1.167837 0.9762629 1.324667 1.070107 0.6629896
0.6797979 0.7272166 1.059058 0.6091308 1.125765
2.452712 0.8660397 1.092852 1.435698 1.123852
1.086668 1.507941 0.5576914 1.537885 0.8729715
0.7293671 0.907825 1.164671 0.9965102 2.124967
0.8350651 1.084097 2.234204 1.637103 0.7229137
1.079516 2.582581 1.456105 0.7664178 1.066559
0.6408543 2.401868 1.067003 2.003213 0.9236686
1.209394 1.516943 1.024295 2.402706 0.7866648
0.7625546 0.9836015 0.6890264 0.6967537 0.9534581
0.9535623 0.6382555 0.4530385 1.322822 2.236028
0.8355369 1.287516 1.525188 2.193624 1.329578
0.776787 0.7309689 0.8025872 1.900406 0.7330752
0.5409286 1.468359 3.038053 1.118819 1.694585
0.9494466 0.8002654 1.305559 0.5907027 1.508818
0.8994228 1.473078 0.9379751 0.6436122 0.9889448
1.189313 1.172462 0.8439242 0.7305641 0.8844991
1.069685 1.262472 0.6032787 1.251619 0.702604
1.126467 0.9012033 1.581042 0.8971364 1.006579
0.9767728 0.8470136 0.7857273 0.9363786 1.385382
1.244022 1.225439 0.6693823 0.9421708 1.01336
1.181654 0.8025333 1.196867 1.17688 1.499528
0.9440065 0.8655359 0.8472051 1.476652 0.8623982
1.368834 1.015404 1.609358 1.033084 0.7718131
2.205155 0.8469172 0.690734 1.243043 1.375582
1.085371 1.289457 1.268836 0.9370414 0.5391734
1.171155 1.021677 0.9309876 0.7942366 2.020416
1.518737 1.844122 1.344055 1.176259 1.247565
1.225449 0.8569796 2.42438 0.6537713 1.469057
0.9509114 1.015165 1.675976 1.161258 0.8083011
1.365752 0.5595738 2.017354 2.20879 0.6779517
0.9667011 1.212736 1.099417 1.638582 1.59659
1.650901 0.8751893 1.139281 1.149103 1.22024
0.7349516 1.732436 0.9711929 0.9242649 0.5925818
0.9349644 0.9588076 1.130959 1.481261 1.705713
1.826234 0.6975298 1.242213 1.264789 1.313877
0.88629 2.374184 0.9598239 1.066166 1.482006
0.8354636 0.7832712 1.271634 1.111821 1.069281
1.020008 0.8591049 1.359982 1.524129 1.08998
0.8670508 0.7565436 1.530455 1.593793 2.393575
0.7318672 1.118301 1.036867 1.442908 0.6652534
-0.7133202 -1.715113 2.014455 1.415648 -2.113126
-0.8761514 1.314817 -0.6528531 -0.6528531 -1.653293
1.299387 0.8014103 -1.287835 1.024295 -2.129461
-1.50826 2.44768 1.042339 -2.236028 -1.019048
-1.180697 -2.02071 1.929013 -1.575727 -1.2808
-2.030834 -1.110137 -1.592138 -1.527608 -1.252012
0.8844991 1.175283 -1.637258 0.9162707 -1.186836
-1.38431 -1.943215 0.9635628 0.7442402 -1.427952
0.9112511 -1.313845 1.605791 0.8472051 -0.9412114
-1.387231 -2.10858 1.268836 -1.330771 -1.33383
-1.881819 2.014207 0.8715646 -0.7308675 1.60373
-2.142326 0.6602847 1.266508 1.123862 1.783301
-1.978365 0.9349644 0.9074005 2.99206 -1.290794
-1.424631 1.35344 2.737401 1.723142 0.9588454
-5.105581 2.728218 1.310787 -0.7010651 -0.7465212
-0.9550671 1.085811 1.020615 1.59661 1.244145
0.746246 1.035716 0.9910902 1.64743 1.119029
1.043987 1.708544 1.519687 1.315155 1.222446
0.9272889 0.8233664 1.123615 1.299445 2.083014
1.216989 1.351537 1.054118 1.091502 1.199754
1.065528 2.02738 1.70141 0.9000949 1.140055
-1.132275 0.9441536 0.6032787 -1.43275 0.9065214
1.731339 -1.544479
