2.719734 2.146869 2.539452 2.594779 2.390364
2.319253 2.162137 2.671918 2.370106 2.334448
2.406983 2.65475 2.43731 2.527012 2.47479
2.351552 2.554964 2.354334 2.42183 2.197775
2.285139 2.070418 2.778851 2.434613 2.225523
2.583477 2.314598 1.979419 2.265915 2.452404
2.008415 2.667255 2.222848 2.567315 2.563278
2.114785 -2.390364 2.095048 2.104894 2.209497
2.200332 2.38807 4.655852 2.193204 2.058958
2.431545 2.444114 2.151682 2.301171 2.460047
2.38266 2.505278 2.646942 2.042506 2.294778
1.977735 1.931013 2.59583 2.567944 2.373119
1.966683 2.191747 2.447678 -2.420022 2.462228
2.19046 2.294128 2.656864 1.845164 2.16274
2.345655 2.091295 2.419461 2.420022 2.292637
2.375177 2.508053 2.896257 1.788199 4.772286
2.44471 2.752862 2.267791 2.545356 2.434247
2.30724 2.291492 2.614335 2.509445 2.201518
-2.256167 -2.200979 -2.513349 2.748459 -2.039876
2.383562 2.591745 2.178758 2.193219 2.154656
2.22192 2.323226 2.614748 1.978374 2.694325
2.426153 2.441043 2.113653 2.709814 2.267665
-2.674219 2.591745 -3.17128 -1.499029 -2.024959
-2.530722 1.140611 2.614748 -1.966865 -1.979828
2.164579 1.832708 1.543309 1.814542 2.203479
2.323747 2.157293 2.041796 2.839744 2.370068
1.778136 1.457894 -2.626012 1.720762 1.343981
1.992726 1.860594 1.640317 1.81518 1.889191
2.616821 1.935758 1.766379 -1.515051 -2.674219
-2.674219 -1.233066 -3.17128 2.014329 -1.385132
-2.530722 -1.345601 -1.683255 2.80997 -2.80997
-1.377706 -1.973907 1.593488 1.270959 1.400244
1.277233 1.165747 1.725272 1.042585 1.076777
1.711633 1.361812 1.675615 2.219896 1.345602
2.362295 1.250267 2.333753 3.064091 1.164202
1.295854 1.183325 1.194153 1.601639 1.468036
1.738253 1.211575 1.585313 1.509298 1.350518
1.349781 1.628564 1.726987 1.133524 1.551195
1.746251 1.043897 1.427902 1.175069 1.576589
1.097773 1.772163 2.362295 1.295854 1.140611
-1.285762
