2.856134 2.092302 2.29223 2.711717 2.108902
1.384644 1.452273 1.482395 1.633627 1.821528
1.807832 1.508271 1.771735 1.17253 2.465501
-2.367639 1.565351 1.207426 -0.8832841 1.716383
0.8360688 0.9142859 1.167338 1.570402 1.199636
1.328971 1.361773 1.630996 1.487062 -1.745461
1.58208 2.029792 -1.86379 -1.171777 2.367639
1.451634 -3.269038 1.588946 1.749473 1.167338
1.66715 -1.22242 0.9924464 0.9837458 1.341093
1.051424 0.9748073 1.563248 0.8113289 0.85825
1.173951 0.9098496 0.8609433 1.4695 0.9388189
1.03352 1.137299 1.019047 -0.8504808 1.123333
1.562911 0.9049251 1.346629 -1.032479 1.821528
2.250504 2.108902 1.428404 -1.171777 -1.629148
-0.8730731 0.8660769 1.26525 -0.8832841 0.8360688
0.9056173 0.9056173 -1.776701 0.9950101 0.9950101
1.041365 0.480301 -1.270971
