2.734147 1.466629 1.091466 1.586417 1.850145
1.71089 1.685632 1.318985 2.063362 1.886146
1.78814 2.13701 -1.760025 1.282135 1.716921
-2.350848 -1.927778 -1.054441 1.088758 -1.679988
0.9570095 0.8172874 1.078766 1.146499 -1.652715
1.214745 1.952234 1.324952 0.9346251 1.098752
0.8699232 1.251626 1.030199 0.9077338 -1.198745
1.238364 1.25594 1.53228 1.029816 1.100579
1.069662 1.250705 0.9747912 1.083774 2.170942
1.201413 1.111101 1.30767 0.6887793 0.941853
1.091352 0.6817088 0.7559438 -1.467522 1.198324
1.138721 1.110432 1.565749 1.013123 0.9841781
1.234146 -1.480193 -1.549916 -0.8463479 -2.254578
-1.034 -0.8833284 -1.442574 -1.416288 -0.8251987
1.214745 1.282135 -0.9639111 -1.278924 -2.152673
-0.8987234 -0.5167081 -1.181151 -0.9881352 -0.9188391
-0.7873962 -1.059968 1.288645 -0.7150571 1.250705
-0.8081416 -1.754015 0.8633947 -0.9178575 -1.311335
-0.9122085 1.198324 0.9575612 -0.6960454 1.068139
-0.8027357 -1.053042 -0.9293325 0.7431792 -1.091951
-1.091951 -0.7910054 -0.9665957 -0.6702311 -0.9044796
