3.41699 3.323001 3.297608 3.386976 3.026089
-2.987489 3.363075 -3.158417 3.234359 2.92913
3.054481 3.230747 2.600735 2.221259 2.683264
2.937372 3.054481 1.423838 0.7542312 1.08804
0.7101717 1.983958 1.112569 0.7829657 1.38533
1.185727 1.529107 -1.984344 1.31685 1.103874
1.324101 2.341277 0.6752118 0.9587029 2.054947
1.070752 1.726673 1.758033 1.05995 0.7582936
1.552619 1.287068 1.005368 2.164728 1.028066
0.7152516 0.9490158 1.128317 1.47736 0.6455578
1.303096 1.536781 1.213825 2.245163 1.619665
1.162514 1.488602 0.9483877 0.8342443 1.248886
2.12909 0.5341522 1.893975 1.698087 0.8599232
1.078059 1.566852 2.193972 1.050508 1.292162
1.01862 1.41301 1.521709 2.150361 2.215218
2.126131 1.07907 1.424983 1.739526 1.161881
1.576641 1.168852 1.591455 1.275091 1.341315
1.244491 0.7485753 1.246628 0.6590063 1.574
0.9286541 1.758963 1.025908 1.301043 1.226244
-1.802086 1.529107 -1.984344 -0.64606 1.364871
-0.8084772 -2.025107 0.686271 1.462381 -1.176221
1.725328 0.6810666 0.6653236 0.7097738 0.7709325
0.8742302 1.191402 0.6514627 0.4900812 1.035517
0.9663167 0.670653 1.510483 0.8737407 0.6840458
1.259134 1.157534 0.807855 0.9000389 1.032409
0.5752732 0.7697337 1.145689 0.4694264 0.6478324
1.376787 0.7307367 0.8715415 0.7756125 0.6513723
0.5737001 0.6075005 0.7598758 0.488841 0.6514536
0.3860596 0.7593598 2.168064 1.307358 0.4534227
1.13183 0.7365252 0.5575942 1.009627 1.163639
1.182902 0.6505703 0.84629 0.4665259 0.5661925
0.6184572 1.189037 0.7177907 0.5308108 1.1707
1.053396 0.6982882 0.9424695 0.4945991 0.9206016
0.4299594 0.8124083 0.5637365 0.4529975 1.487915
1.891528 4.156221 0.5095282 1.093139 0.7684407
1.479827 1.047846 0.6584079 0.7409396 1.354247
0.548073 1.65889 0.8762738 0.5259251 0.7657404
1.128835 1.574637 1.096575 0.5031791 0.6827618
0.6435174 0.9504413 0.6660173 0.9430511 0.8126769
1.536238 1.524516 0.6240208 0.7174906 0.7613402
-0.6753487 1.354247 1.818341 0.6293467
