2.514091 2.545079 2.340142 2.548224 2.118526
2.374401 1.839035 2.468723 2.069996 2.497154
2.288634 2.580823 2.034005 2.628784 2.802517
2.352481 2.214425 1.626628 2.507059 2.752649
2.659711 1.892947 1.886225 3.06484 2.098408
2.738835 2.435755 2.040449 2.818023 3.171077
2.598075 2.406947 2.471845 2.417521 2.250095
2.618612 2.415433 2.066588 1.902245 2.315006
2.257142 1.924557 2.637981 2.234605 3.164868
2.006433 2.281075 2.303288 1.480655 2.49014
2.047745 2.658421 2.302441 2.519639 2.183539
2.732718 2.340945 2.390668 2.441015 1.765023
2.685757 2.040869 2.445524 2.212169 2.613264
2.194458 2.633796 2.376807 2.361188 2.820537
2.70524 3.105279 1.985963 1.7134 1.551119
2.446299 2.25594 1.654765 2.37306 2.344153
2.39656 2.103439 -1.734863 1.876189 1.971804
2.338959 2.006498 2.557313 2.417613 1.526987
2.227132 1.947042 1.291622 3.105279 2.246589
-2.233534 1.370532 1.480542 1.387903 1.803414
0.7851868 1.365752 1.207108 2.365042 1.940698
1.338191 1.049999 1.044468 0.8538082 1.626578
1.216982 3.966436 1.462547 0.9213265 1.574845
1.730726 1.423911 1.347882 0.9852162 1.950104
0.9204922 2.539853 1.847073 1.534637 1.153344
1.052852 1.147753 1.700282 1.17679 1.840871
1.67394 0.8059768 1.722305 1.039131 1.290193
1.381248 1.374776 1.196384 0.9162109 1.244793
1.883749 1.30679 0.9514674 1.175033 1.746137
1.114937 1.018826 1.108102 -1.207442 0.9528717
1.47784 1.059152 1.032712 0.9849954 1.389153
0.9737212 1.449251 1.166115 0.7583447 1.690159
0.936994 1.507334 1.465813 1.507656 1.498858
2.063707 1.280041 0.9851516 1.682308 1.674354
1.713471 2.2428 1.251578 1.188439 1.725894
0.9664494 1.346678 1.802484 1.369915 2.044029
1.347155 1.344472 0.9680228 0.8865172 1.004123
1.258229 0.9744917 0.8695089 1.168025 1.165688
1.320375 1.2076 1.121014 0.8271095 1.349303
1.434345 1.431302 1.534483 1.312255 -1.438795
1.15759 1.676573 1.059017 1.468186 1.242618
1.329889 1.502171 1.04382 1.072141 1.339761
1.922212 1.618621 1.694084 0.9615964 0.8677728
1.018782 1.067469 1.403861 1.607855 0.7564065
1.640605 1.276002 2.134045 0.9972916 1.080765
2.04978 1.084362 1.414433 1.694112 1.264756
1.211944 1.587698 0.8628661 1.428997 1.455513
1.336636 -2.03133 -1.116039 1.809081 -1.337035
-0.9070677 -1.506357 0.7559111 -1.507327 -1.681119
1.877864 -0.8656712 1.461193 1.842492 -1.207442
1.398332 1.208498 1.631333 0.8706776 -1.389153
-1.48437 1.48437 1.682308 1.488198 2.031043
-1.376312 -1.227502 1.578649 1.235792 1.765903
1.165688 1.510676 1.398478 1.28133 1.626059
1.348284 1.523048 1.502171 1.419129 1.909604
1.339873 -1.178652 0.9404311 1.41294 0.7566255
0.8743373 1.04363 0.7593553 0.8803826 1.089291
0.8983293 1.448968 0.7320723 0.8463042 1.062858
1.342911 1.127071 0.7026139 1.23567 1.193287
0.7518142 1.566233 0.7071786 1.24558 1.0839
1.260113 1.179355 1.139756 1.084797 1.230592
1.004989 0.8622974 1.240224 2.453924 1.360811
0.8070768 0.8129653 0.9567828 1.642448 1.392472
1.308529 0.7534916 0.7721119 2.38022 1.15508
1.092974 1.231001 1.376656 0.8414085 0.7912705
1.984826 0.8691839 1.588563 0.9261078 1.280598
0.7635363 0.7326826 1.482974 0.9655044 0.8437592
1.28133 0.8896322 1.438795 0.9598291 0.7434496
1.059008 1.04534 0.8980455 0.9747631 0.7286476
1.062334 1.007737 0.9571863 1.115625 1.869626
1.28133 0.8833942
