2.891219 3.004243 2.75308 2.940817 2.658961
2.472985 2.979916 3.288322 -2.658074 2.818353
2.677856 -2.876053 -2.555872 2.585233 -3.076364
2.711067 2.719031 -2.770072 2.700777 2.808841
2.645287 -2.23286 1.486784 1.962409 2.009679
2.700777 2.083909 1.435737 2.371956 2.171766
2.489208 -1.586724 1.938103 1.53 1.903664
-2.74171 -1.439901 1.954737 -2.243669 -2.243669
2.270512 -2.62417 2.804068 1.381439 0.8166873
0.9719017 1.098503 1.997512 2.068541 1.116003
1.498669 1.163541 1.308492 1.187098 1.312909
1.997512 1.266154 1.579964 -2.243669 1.005021
0.9409913 1.347647 1.369916 0.9631327 1.122267
1.428934 0.8108896 1.125759 1.231224 1.116003
1.608184 1.6719
