2.093991 4.586867 2.161022 -2.170869 2.013456
-1.542757 -2.287798 -1.618801 -1.592167 1.825545
1.642059 -2.05851 1.98212 -1.564735 -1.317314
-1.461649 2.241409 -4.272213 -1.457553 -1.386772
-1.860267 1.49146 -1.421251 -1.796355 -1.806492
-2.563077 2.13254 -1.472659 -2.245176 -1.851013
-1.318138 -2.143063 1.790073 2.161022 2.161022
-1.391358 1.28477 -2.312441 -1.721525 1.743942
-1.9097 1.388699 1.36473 2.507559 1.70929
-2.3874 2.104679 1.596253 1.205268 0.9369396
3.034702 2.220776 1.081937 2.007502 2.301074
-2.41986 -2.153967 -1.416456 -1.531435
