1.040116 2.221706 1.014129 1.371894 1.198496
0.618859 0.7944013 1.402389 2.013715 1.297865
0.6948929 0.8356888 0.8298541 1.365022 0.767466
1.137783 1.251188 0.7554565 1.457699 0.8188337
0.9501137 0.9521932 1.163043 1.06883 1.216582
0.8824551 1.573616 1.506864 0.7052012 1.018374
1.414488 0.8405974 1.012977 1.27677 0.7922187
1.129612 0.9787371 0.8650737 0.8357618 1.148836
-1.69853 1.105164 1.528281 1.114077 1.396141
0.9940619 0.9126791 1.402389 0.9699279 0.893678
0.7471409 1.029618 1.218675 0.9426556 0.9426556
0.9506513 0.7822407
