1.944461 1.653038 0.9306656 2.334049 1.274188
1.301083 1.044163 1.140247 0.8183068 1.74343
1.081925 1.403716 1.497244 1.859106 0.7344784
1.876984 2.068825 1.453333 1.269052 0.7107386
2.551924 1.50513 1.005416 1.701023 2.1442
1.319524 1.119303 1.76088 0.9876145 1.455747
1.894308 2.36703 2.349493 1.435593 1.422384
1.172966 1.69736 1.582831 0.8993018 1.473754
1.13075 1.288796 1.533994 0.9939513 2.51936
1.235529 1.526878 1.401768 1.634604 1.656898
1.485278 1.337772 2.476981 0.8112232 0.7090506
1.187898 1.33824 1.485357 1.199045 1.221352
1.667664 1.565781 1.828827 -1.379288 3.061209
1.051144 -1.841162 1.639261 1.725514 1.02548
1.041363 1.818845 2.275481 -0.9190308 1.803681
0.8993635 -2.096515 1.989638 2.64218 1.498576
1.190152 1.222609 1.051436 1.86425 1.944461
0.7789245 1.036119 0.9688733 1.003257 0.9926272
0.7668436 1.482294 0.7778766 1.490331 1.683014
1.53257 1.559341 1.056259 1.247789 0.8470792
1.129916 1.340793 0.6303359 1.300036 1.707755
1.435186 1.4312 0.8616274 1.141633 1.240047
-2.189506 1.784548 1.173134 1.42907 2.744876
0.9078682 1.074466 1.176422 0.8684816 2.526382
1.178995 0.7356851 2.401146 0.7532028 0.7733768
1.247562 -2.465646 0.6948483 -1.060808 1.376741
2.380633 1.174795 -1.516324 2.640184 1.18072
1.724688 -0.8259521 0.7691095 1.10368 1.840234
1.286675 0.9123271 1.128091 0.9689308 1.196308
0.8125557 0.869457 0.9717583 1.688179 -2.546781
0.9282726 1.03553 1.023617 1.377024 1.266609
0.8338056 0.9840329 1.535694 1.269543 0.9365437
1.55185 0.9926417 1.147999 1.407174 1.387419
1.434089 1.329484 1.358449 2.855013 0.7586281
1.473574 1.061892 0.9959844 1.51121 1.186081
0.965707 1.343689 0.8920308 1.224889 1.687345
1.544503 0.936283 1.034509 1.481101 2.078171
0.6916159 1.467553 1.596692 1.235902 2.548642
1.390672 0.7293746 1.201655 0.9102751 0.8931186
1.344148 1.724303 1.328906 1.567216 0.8867943
0.8896261 0.8966191 1.079841 0.9352202 1.415523
1.150339 1.602466 0.7110011 1.204698 0.7285295
1.445895 1.43463 2.180662 1.249934 1.286091
1.576139 1.435408 0.9860532 1.276387 1.013554
1.332394 1.519224 -1.353692 1.218064 1.6226
1.465296 0.9688733 -1.040414 -1.788663 1.764572
-0.6552043 0.6552043 1.528252 -1.841162 -0.7656204
1.464837 1.84135 1.84135 0.9312185 0.9506237
-1.439708 1.71366 -0.7691095 -1.380107 -1.155599
1.322715 -1.482587 -1.023617 -0.8338056 1.087833
-0.9435762 1.358449 1.288796 1.195041 -0.965707
2.51936 1.610287 1.467553 -1.656898 -1.027979
1.818528 1.019642 -1.492277 1.359845 0.946413
2.64218 -0.8902082 0.6838339 1.331801 1.331801
-1.249934 1.597962 -1.089053 1.048137 1.08972
-1.301555 -1.86425 1.257644 1.626632 1.916428
1.342578 1.700595 1.148583 1.123683 1.032989
1.283119 1.160862 1.665609 2.069332 1.580676
1.674991 1.621577 2.056506 1.901524 1.079447
1.53257 -1.252514 -1.724688 -1.416426 -1.321756
1.316768 2.093016 -1.485045 1.889993 2.393251
