2.948249 2.621955 2.410794 1.994862 2.39001
2.013581 2.32407 2.614536 2.626969 2.640251
2.271744 2.845891 2.206187 2.132762 1.829469
2.122591 -2.189342 -2.108041 -2.887494 2.560217
1.981141 1.620944 2.300405 1.704508 2.127279
2.124914 1.951349 1.52355 2.155239 2.128663
2.03618 2.540492 2.033426 2.00438 2.16479
2.612891 2.113889 2.388192 2.530874 2.51681
1.852277 2.303475 2.350781 2.014444 2.878366
1.623273 2.052279 1.829831 1.969398 1.837812
1.952216 1.623391 1.737563 2.127335 1.651931
1.680906 1.653109 2.196544 1.8599 1.9474
2.207052 1.855904 1.757614 1.87407 2.218736
1.880526 2.395818 2.01738 2.194955 -1.356424
1.704773 1.838556 -2.079197 2.048188 1.737602
-2.818005 -1.200411 2.491874 -1.8728 1.8728
-1.496007 -1.941718 -2.051908 -1.411157 -2.722505
-1.877315 1.208224 -1.590575 -1.839506 1.821192
-2.07487 -2.083701 -1.265504 2.196544 -1.895762
-2.040272 2.360771 1.853457 2.339569 1.637494
2.575672 -1.455987 1.371223 1.999354 1.477654
-1.921067 1.933424 -1.940431 -2.006995 -2.567747
-2.473918 -2.33618 1.202271 1.417012 -2.395818
1.40779 2.170449 1.549658 1.521463 1.567602
1.567602 1.538543 1.082617 1.328777 1.36305
1.59847 1.594529 1.193631 1.453216 1.1873
1.20013 1.341386 1.501854 0.984712 1.471721
1.056693 1.763052 1.37545 1.07323 1.521463
-1.313599 -2.33618 1.726839 -1.66581 1.249608
-1.266698
