2.752741 2.648109 2.390131 2.387666 2.506851
2.206215 2.663997 2.088036 2.69998 2.585807
2.469341 2.787631 2.659068 2.650749 2.148279
2.659068 2.199538 1.636292 2.405691 2.124089
-1.507107 2.49677 0.9266993 -2.673024 1.553909
1.692366 1.670186 1.622626 2.023226 1.665795
2.111046 1.61268 2.812918 1.064866 2.173796
1.389251 1.870813 0.9011521 1.921569 2.13408
1.748159 2.22531 1.945269 1.843401 1.630406
2.084949 2.408757 2.178649 2.469166 1.748925
2.344364 1.86879 1.561346 1.076801 1.63796
2.807954 2.166221 2.082861 1.649046 0.9979263
1.914279 2.563459 1.929233 1.395177 1.879157
1.600892 1.103661 1.615428 2.119414 1.503281
1.860376 1.454899 2.504704 2.491141 1.580123
2.012958 1.621422 1.650658 1.146014 1.744172
1.858682 1.21869 1.310238 1.786916 1.847054
1.614983 2.538905 1.518763 2.205752 1.788034
1.294323 -2.765664 1.337362 1.636186 2.226537
3.120398 2.078237 2.03871 1.404693 1.630406
2.010303 1.946878 2.014235 2.5753 -1.876773
2.070997 -1.745224 -1.186667 1.232757 1.191428
1.471577 1.122547 0.9980492 1.324747 0.9024437
0.9783712 1.547354 0.9459744 0.8581232 0.9778618
1.071463 1.034465 0.9890346 0.9541109 1.2494
1.059051 1.771966 1.876816 1.247838 2.074217
0.819747 1.252525 1.721172 -0.9911887 0.9238445
1.069977 1.207485 0.9059453 0.8962354 1.068104
1.189282 0.8503168 1.393995 0.6935372 -0.8500569
1.17785 1.038009 1.069042 0.8200131 1.87382
1.858696 1.53532 2.336604 1.736166 -2.024229
1.772669 0.9266993 -1.254073 1.36059 1.36059
0.9700674 2.681026 1.059436 -2.126094 1.232757
1.052336
