2.381222 2.263651 2.548267 2.236601 2.186749
1.945795 -2.605093 2.389721 2.317589 2.383885
-1.551725 -1.481084 -1.868659 1.48955 -8.110608
-2.71822 1.063609 1.348154 1.45841 1.574624
0.8873819 1.363781 1.287164 0.757638 1.630042
0.9825562 1.450238 1.297629 1.625003 0.9298868
1.137636 -1.575962 -2.132242 2.53967 1.549995
-1.986015 1.161661 1.299046 1.90035 1.913295
1.499665 1.5365 0.9664759 1.087193 1.126121
-1.207451 1.14425 1.343752 1.518327 -2.050472
2.492486 1.180334 2.024238 -0.9844437 1.392695
-1.34617 -0.9801545 -1.712302 -2.441553 -2.462697
1.575962 -1.304654 -1.658971 -1.691435 -2.502575
1.48955 -2.023259 -1.109715 -1.647922
