2.632644 -0.8522332 1.244903 0.6671124 0.7502181
0.6195084 0.6970808 2.138292 1.306541 1.111821
0.7590406 0.6398694 -1.718917 1.328081 0.7211816
0.9477356 0.7825475 1.297039 0.8834853 0.8197347
1.028127 1.300197 1.071867 0.8135964 0.8271284
0.7972318 0.9660123 1.118784 1.156447 0.8059233
0.9789149 2.428084 0.7830939 1.000437 1.107651
0.5933046 1.801168 1.536589 1.018174 0.8676161
1.136972 0.9639239 0.8758567 1.048457 0.8244089
1.485843 1.354412 1.054731 0.7843691 -0.9594612
-1.005464 0.6650254 -2.167117 0.7131411 1.075118
-0.9055284 1.688968 1.141035 -1.952752 -2.326354
-6.12329 -1.018084 -2.339163 -0.8522332 -1.927607
-2.201983 1.485843 0.5326231 -1.133874 1.4799
1.044077
