3.125491 2.641245 2.808445 3.309385 2.991536
2.687489 -2.255437 2.280629 -3.023385 2.880333
2.773778 -1.235207 1.044312 1.427543 1.587755
-3.301653 -1.297928 -1.372842 -1.950093 -2.023629
-1.353428 1.294538 1.120715 1.219173 1.21254
1.159509 -1.134653 0.8940182 1.112211 0.964976
0.9707572 1.359488 0.8824429 1.002451 1.479408
1.479408 1.005938 -1.31029 0.8831502 1.17836
1.188179 0.6654978 1.046131 1.353643 -0.8699005
1.185189 1.009729 1.156704 -0.940183 0.9094097
1.486894 1.291257 1.018934 0.9726724 1.098961
1.035475 1.478087 1.22482 0.9067023 1.557205
0.9166822 1.415121 0.9431891 1.955923 -2.618367
1.261435 1.413776 1.059944 1.290382 1.047444
-1.09183 1.128791 1.054586 1.041963 1.106338
0.8633947 1.58047 1.104473 0.9899761 1.390935
1.497527 1.442142 -1.049261 1.063587 1.321425
1.324999 1.447092 0.9234218 1.128081 2.392402
-0.9741227 -0.8789695 -0.894707 1.125734 1.003463
1.31413 0.773066 1.069375 1.155309 1.221701
1.049259 1.221754 1.055463 1.199727 1.240657
1.030417 1.125054 -1.274155 1.139079 1.463853
1.094209 1.293979 1.050236 -1.070539 1.135685
-1.279759 0.9129204 1.176613 0.8491218 1.020185
1.238343 1.633272 1.085684 1.261651 1.123864
1.528885 1.226097 1.146978 1.193849 -0.9055125
1.152744 -1.229886 1.00033 0.887358 1.494559
1.487073 1.360631 1.656897 1.214123 1.145029
-1.862115 -1.478544 -1.100794 1.252727 1.488341
-2.132034 -1.246643 -1.593914 1.053632 -1.434715
-1.122682 -1.233539 -1.112211 -1.955007 -1.319888
1.359488 -0.9265398 -1.85825 -1.082054 -1.424442
-0.9489963 -1.171463 -1.337828 -1.413968 -1.784632
-0.9632481 -1.527789 -1.143865 -1.023579 -1.916439
-1.150325 -1.519361 -0.7304828 -1.498828 1.030239
1.044312 -1.847037 1.047444 -1.384399 -1.297928
-1.243233 -1.006991 -1.006991 -1.586887 -1.112376
-1.203935 -1.089248 -1.813834 0.9357323 0.9357323
-1.857557 -2.061536 -1.292565 -1.089417 -1.634615
-1.70021 -1.688174 -1.453229 -0.8398445 -1.095227
-1.158779 -3.94513 -1.038803 -1.307671 -1.348061
-1.452739 -1.667205 -2.805745 -1.01333 -1.361776
-1.235207 1.22715 1.085684 0.93333 -1.441458
-1.622848 -1.068017 1.194026 0.9889265 0.9889265
-0.9738974 -0.8656894 -1.531979 -1.200623 1.178159
1.050573 -1.690738 -1.147271 -0.9796935 -1.662187
1.291417 1.307896 1.331517 1.3884 1.165967
1.351998 0.8221122 -2.486094 1.098961
