3.253489 -1.79266 -3.17269 -2.003154 2.334746
0.9786618 1.818339 1.964008 1.709744 1.441323
1.506195 0.94454 1.849362 0.7441852 1.412435
1.412435 2.142901 1.113332 1.571724 2.386857
1.324821 1.853451 1.118775 1.459015 1.108997
1.011788 1.278773 2.106896 0.9126401 1.531852
0.8587571 1.423386 1.709744 -1.854254 -1.45191
1.617157 1.53389 1.391554 1.278773 1.319884
0.807166 0.45815 1.11535 1.222653 1.39059
1.508303 1.854254 0.9312567 0.7662241 0.5231931
0.7957791 1.375369 0.4631913 0.9153115 0.6312009
1.466243 0.4208155 0.6936722 0.7766946 0.8617289
0.6273189 0.6897023 0.4451553 1.115729 0.9732377
-0.6944114 0.6019014 0.4874055 0.6089264 0.5369184
1.033826 0.499317 0.5622687 1.691379 0.8264929
1.423179 0.682529 1.099364 1.862276 0.6156308
0.8358836 0.5623375 0.6683401 1.113332 0.6928579
-0.6968389 -1.364248 0.5252791 1.862276
