0.6370538 0.8197133 1.095948 0.8923716 0.7859025
0.9423582 1.57958 1.354615 -2.347014 1.265077
0.7856085 0.7612212 0.6316943 0.5358328 1.372993
0.4413422 0.5806279 1.364578 1.172558 0.8640799
1.226375 0.9748436 1.5579 1.053602 1.350202
0.7974114 0.7533395 1.46942 1.236742 0.8435806
0.7335068 0.5284286 0.9051738 0.5950985 1.104287
1.149577 0.4847447 1.427387 0.6786383 0.9569766
0.8894745 0.8894745 0.8806115 1.249308 0.9089867
1.022932 0.8073159 1.044648 1.179599 0.5938125
1.403607 1.302464 0.6855966 1.425973 1.173389
1.139953 2.003315 0.851618 0.8667641 1.156406
1.180167 0.617317 0.9124312 0.9269339 1.585615
0.9619008 0.8780232 1.5365 0.6171 0.9303129
0.8153006 0.8810279 1.204491 0.375314 1.084773
0.6667682 1.295435 0.7984572 0.7227476 0.9048741
1.550597 0.4441562 1.053602 -1.110918 1.265077
2.124947 0.9108911 1.45479 0.8667641 0.6029036
1.674586 -0.617317 -1.697858 1.293622 1.209308
0.5166979 -0.9153423 0.7615156 1.462029 -1.288074
0.9497956
