3.202462 2.639696 2.197676 2.603534 2.78532
1.705006 1.734591 1.737275 2.114592 1.131624
1.798824 1.790979 1.935118 1.685585 2.064563
1.965079 1.898567 2.436611 1.36793 2.526782
1.734591 1.340176 2.11859 1.960281 1.354727
1.738263 2.640559 0.6791601 0.9100692 1.028554
0.8182505 1.460961 1.054457 2.104996 1.613875
1.183938 1.089195 1.295703 0.973727 1.126831
0.8849161 1.235928 2.200997 2.288956 1.128728
1.645328 1.565555 0.9555781 1.256149 1.580798
1.94819 1.422079 1.228064 1.480561 1.416072
1.409142 1.271043 1.078669 0.9742038 1.298287
1.507077 1.677202 1.44585 1.437647 1.151697
1.715551 1.169065 0.9020459 1.738263 1.38876
1.679105 1.733564 1.187347 1.460961 2.104996
0.9442415 -1.1953 1.044757 1.428482 1.685585
1.598681 1.304018 1.31413 1.430431 1.36793
1.324731 1.417929 1.23871 1.585946 1.585946
1.116969 1.508464 1.076019 1.388809 1.573976
2.080284 1.519201
