-2.776921 2.776921 -2.648511 3.34979 -1.762747
2.215168 1.89753 2.351786 1.326181 1.012741
1.256692 1.795897 1.617371 1.535856 -1.575065
1.965227 -1.497478 0.9126443 1.892803 3.34979
1.121349 1.774757 1.907032 -1.035343 1.462919
1.45647 2.788391 2.788391 0.9891306 1.762747
1.416738 0.7999012 1.072623 1.209106 1.371683
0.8719922 0.800561 1.601516 0.9210859 0.8007074
1.310778 2.073382 1.155389 1.433425 1.006503
1.665155 1.655981 1.234199 1.246086 1.223485
1.180636 1.152107 0.6631213 1.415316 1.130445
-1.2742 0.8011144 1.130572 0.9773074 1.533255
1.186868 2.50725 0.944408 1.349597 0.9180309
1.568131 0.7276319 1.257022 0.936845 1.613387
1.236161 0.756722 1.401513 2.031741 1.717351
0.9714164 1.442087 2.643337 1.127875 1.055386
2.35129 1.237147 2.02919 1.34723 1.013133
1.859256 2.496453 0.9333979 0.7020298 1.055814
1.241346 -1.844483 1.067986 0.888598 0.9467847
1.189209 2.429528 0.7208814 0.8246434 0.9413347
1.972657 2.118895 1.324619 1.349891 2.247255
1.326291 1.938315 0.6951293 0.8365936 1.153489
0.9373505 1.650522 0.7651069 0.7760365 1.188172
1.594455 1.207449 0.9688503 1.479618 0.7893302
0.7856446 0.8559265 0.9610165 1.510425 1.002731
0.9705957 0.847801 0.7347096 0.8352629 1.266497
1.045018 0.8200131 1.307635 0.8233297 1.111585
1.150567 0.9796922 0.8688691 1.704168 1.479987
1.188599 0.9315429 1.176058 1.415917 0.9824311
1.509432 1.458445 1.393084 0.7426388 0.7878691
1.328195 0.8326285 1.110669 1.590397 0.714648
1.485594 0.9922068 1.234404 1.17829 1.130885
0.6667001 0.7769747 1.41827 1.182538 1.202252
2.000105 1.650149 1.545426 1.275492 1.547584
1.480832 0.7831792 0.9374894 1.626108 1.23771
1.143802 1.352519 0.6308867 1.218318 1.167326
0.791744 0.8718165 2.1594 0.7994183 1.417215
1.073983 1.632506 1.438422 1.906421 0.8228647
1.11276 1.37409 1.744638 0.9976629 1.013576
1.391994 0.5943145 0.9288363 0.9472339 0.8543264
1.468069 1.139016 1.669148 2.719551 1.986891
1.043254 1.518996 1.152761 2.279575 1.130016
1.081585 1.745376 0.6532536 1.490823 1.604671
1.228689 0.8454223 1.307127 0.995575 0.9334079
1.37478 1.455319 0.9881017 0.93682 0.9761508
1.601146 0.8837148 0.7880235 0.8519925 1.823794
1.01476 -1.024253 -1.024253 -1.161427 0.5834437
-1.743014 1.532271 1.840917 -1.651379 -1.029724
1.857175 -1.636877 -1.658366 1.533294 1.476031
1.965227 1.965227 1.022816 -1.526972 0.5840993
-1.009879 -1.978604 0.8047148 1.035829 -1.497478
0.9690053 -1.676125 0.888598 2.429528 1.235664
-3.34979 -2.293401 -1.167996 1.430082 -1.477406
-2.010252 1.764474 -0.9417551 -0.9417551 -0.9417551
-1.620697 -2.22439 0.7760365 -2.1112 -1.198956
-1.147463 1.456938 1.207449 1.448989 -0.8362708
-1.545221 0.9610165 1.607086 1.459694 -1.324886
-1.459908 0.8352629 1.856457 0.9849738 -1.911667
-2.091349 -1.810888 1.389837 0.9442418 -1.51735
-1.663377 -0.763466 -0.763466 -1.317647 0.6389995
1.369969 -0.854458 -1.93525 -0.7687949 0.9309854
-1.313861 -1.50535 -1.191796 1.256692 0.7732177
-1.065428 1.232138 0.7769747 -1.633327 -1.915857
-1.526092 -2.020243 -0.8751405 0.9518488 -0.9518488
1.395862 -1.832165 1.605043 -1.104279 2.561189
1.522782 -1.02828 1.160649 0.9186774 1.609583
-2.097603 0.9949322 1.249961 -1.17443 -0.7097395
0.8798142 4.604036 1.334114 1.280199 -0.739938
-2.788391 -2.788391 1.279816 1.14827 0.7828218
1.599936 0.6491431 2.437637 2.437637 1.224955
1.224955 -1.530436 1.359472 -1.359472 1.654956
-1.162671 -1.049639 0.9891306 1.177345 -1.344062
-1.393844 -1.736218 -1.030241 -1.214096 -1.250312
