-1.914432 -0.7170307 1.35779 1.735271 -1.185794
-0.8682386 0.8585125 -1.153913 -0.9285884 -1.259913
0.8248048 -0.9163691 0.8533136 0.954209 0.9063224
1.701774 1.293956 1.473392 0.9401584 0.7096833
2.72533 -1.160579 0.664798 0.6898508 0.7258095
0.9806667 0.856927 -1.565193 0.9501811 1.612171
-0.9909902 0.8081165 0.8374843 -0.9339279 -0.973886
-0.8519925 -1.298465 -1.944834 -1.570911 -1.185794
-1.963743 -1.846568 1.244442 -2.309146 -1.575897
-0.8303741 0.8204598 -1.153913 2.579201 -1.070665
1.430817 -1.104384
