2.355378 -2.121328 2.224929 2.329231 2.142034
2.478865 2.437481 2.189856 2.3445 2.16479
-2.068883 -2.163473 1.595745 1.897805 -2.331058
2.111109 1.892656 -1.887125 1.205827 1.784406
2.236276 4.265179 2.254796 1.752255 2.211863
1.787902 1.596909 1.91771 2.111169 1.964469
2.1974 1.412387 1.757607 1.438487 2.194935
2.324904 1.810115 2.007287 1.384318 -1.733943
1.25977 1.653992 2.211721 -2.442577 1.481766
2.108151 1.700108 2.390441 1.602075 1.819788
1.275506 1.82646 2.260682 1.712794 1.603933
-1.398116 -1.770659 1.220709 -1.897805 1.95784
1.174219 -1.516354 -1.375798 1.990457 -2.162589
-1.690657
