2.982151 3.362887 2.931234 2.892004 2.901492
2.921298 2.37977 2.643735 3.04422 2.758106
2.707999 2.965016 2.82067 2.939382 2.890032
2.771395 2.898279 2.846077 2.897533 2.94863
2.747526 3.11811 2.696924 3.116421 2.833309
2.635411 3.011747 2.867386 2.646519 2.725186
3.145641 2.99698 3.271388 3.059471 3.172993
3.01114 2.142936 2.921298 2.583939 2.820724
2.552518 2.723239 3.137318 2.691955 2.713069
2.76761 5.233201 2.873026 2.573142 2.932739
2.979698 2.790304 2.834909 2.62125 2.86323
2.481864 2.682651 2.430758 2.535593 2.574843
2.847931 2.986646 2.572847 2.563967 2.50222
2.68675 2.212566 2.53088 2.396827 2.96255
2.557071 2.825002 2.987754 2.976699 2.850414
2.618115 2.688655 2.477654 2.81527 2.758938
3.088935 2.93736 2.948849 2.703693 2.374959
2.904949 2.84021 2.652722 2.788467 2.497725
2.555818 2.416757 2.643399 5.23677 2.185503
2.481553 2.507835 2.651323 2.445369 2.373355
2.607942 2.893508 2.68 2.393793 2.478075
2.888381 2.735275 2.745941 2.703909 2.664596
2.835044 2.47762 2.559908 2.690691 2.816669
2.416464 2.376544 2.61457 2.78841 2.654365
2.937279 3.208168 2.650383 2.657705 2.572034
2.62684 2.77591 2.565107 2.738285 2.683001
2.695079 2.636273 2.733108 2.619078 2.707948
2.617422 3.052005 2.873332 2.9403 2.815398
2.151168 2.736107 2.908878 1.619427 2.704513
2.080882 2.698655 2.586661 2.191618 2.121311
2.398871 2.412463 2.234977 2.708667 2.359363
2.373709 2.567668 2.208177 2.303041 3.084114
2.775604 2.223381 2.875445 2.885322 2.025141
2.312859 2.48963 2.1347 2.660806 2.826598
2.550415 2.804485 2.357393 2.492058 2.456243
2.222469 2.656595 2.631886 2.165078 2.709718
2.159615 2.904409 2.157952 2.277661 2.987104
2.168197 2.66317 2.654835 2.56251 2.501866
2.548932 2.810701 2.645546 2.869902 2.42167
2.774452 2.618113 2.667449 2.30399 2.205371
2.317666 2.169876 2.497725 2.412463 2.407965
2.238432 2.816669 2.432948 1.670303 2.31427
2.588122 2.436023 2.312153 2.272917 2.135483
2.160347 2.616286 1.625012 1.734157 2.147027
2.471975 2.355695 2.752679 2.408032 2.425774
1.921871 2.202995 2.676816 2.884512 2.692614
1.696087 1.849758 2.226238 1.917866 2.080473
2.724263 2.677904 2.243098 2.148052 3.055769
2.229096 2.177369 1.864528 2.298419 2.272917
2.238432 2.354248 2.15036 1.923878 2.159615
2.219933 1.869899 1.266086 2.106616 2.312153
1.758514 1.982111 1.610288 1.400822 2.007857
1.620158 1.890685 2.123938 1.979725 1.474414
1.627997 1.307002 2.228318 1.486228 1.39043
1.159219 1.435689 2.019784 1.522612 2.118255
1.962725 1.531312 2.064154 1.662165 2.785244
1.527712 1.435751 1.874398 1.552653 1.733496
1.736432 1.719833 1.304429 2.558389 1.840518
1.333672 2.05643 1.321885 1.62884 1.826195
1.484341 1.394657 1.544981 1.56052 1.584165
1.346396 1.829615 1.321609 1.523898 1.744556
1.89771 1.889598 1.905173 1.544024 1.836865
1.654971 1.384006 1.707752 1.98806 2.904409
1.700883 1.922923 2.306398 1.571033 1.804941
1.6352 1.519468 1.768673 1.947296 1.422824
1.387109 1.65002 1.631918 2.886069 1.937425
1.931026 2.29413 1.845756 1.550636 1.479896
1.486165 1.552399 2.263832 2.185986 1.458334
1.344426 2.440773 1.793677 1.640736 1.703638
1.400561 1.903827 2.329569 1.758514 2.035505
1.41313 2.173038 1.454062 2.208177 2.208177
1.713866 2.154987 2.316606 1.391271 1.948272
2.166012 1.492044 2.129964 2.129964 1.492426
1.829615 1.89771 1.645562 -1.352907 1.841701
1.40967 1.895979 1.869899 1.869899 1.864528
1.591987 1.591987 2.489742 1.857141 1.581417
1.294249 1.347457 1.369689 1.55705 1.451072
1.353787 1.880338 1.391583 1.456127 1.483423
1.240351 1.877744 1.459266 1.850965 1.686637
2.386997 1.3207 1.292055 1.396103 1.621983
1.853715 1.342917 1.33354 1.694109 1.736591
1.31958 2.40206 1.649165 1.640211 1.571143
1.500556 1.31287 1.378597 1.474694 1.356982
1.186394 1.661818 1.932695 1.704927 1.434403
2.023239 1.429773 1.49245 1.170632 1.647263
1.36864 2.087812 1.789024 1.358692 1.43776
1.195376 1.591464 1.53057 1.383583 1.407494
1.543929 1.667493 1.236737 1.731605 1.295245
1.620376 1.525689 1.688132 1.51988 2.334941
1.360616 1.532696 1.375521 1.339316 1.393637
1.296048 1.233889 1.405875 2.519663 1.662577
1.400616 1.353616 1.474295 1.539084 1.333922
1.825877 1.390101 1.437054 1.670241 1.410858
1.359941 1.435409 1.590615 1.979725 1.474414
1.377051 1.544571 1.333672 1.62884 1.351143
1.951361 1.321609 1.225619 1.454066 -1.785883
1.296501 1.536428 1.296009 -2.123729 1.187127
-1.557925 1.513229 1.335172 2.149402 1.42279
1.794975 2.489742 1.354135
