-1.815566 2.359885 1.396675 1.632356 2.361516
1.476157 -1.706177 1.950152 1.941816 -1.725947
0.840581 1.226351 1.292585 1.420965 1.383279
1.920433 1.409585 1.243869 1.896306 0.9103905
1.033804 0.68471 1.137044 0.8796065 1.229554
1.220291 1.203587 1.442957 1.227102 0.9578721
1.515605 1.011248 1.705356 1.536571 1.840792
1.294776 1.542676 1.255562 1.365627 1.139245
1.02236 0.8823 2.230908 1.386776 1.601145
1.045755 2.350118 0.8915125 0.9746068 1.342056
0.8874517 1.236059 1.157692 1.166037 1.081765
1.125466 1.386965 1.004965 1.259085 1.146897
0.8945253 0.8509005 1.176886 7.929592 0.9762776
1.189403 0.9104671 1.566224 1.308149 0.9103905
1.396675 1.396675 1.310931 1.3621 0.9869222
1.311286 -1.681579 1.6485 1.774107 1.356033
0.9907188 1.632356 1.101721 0.6753864 0.6784779
