2.776188 2.33729 2.275699 2.084288 2.712328
2.228654 2.18604 1.995466 1.757617 2.151329
2.696501 2.413859 1.585156 -1.522322 -1.999696
2.046403 1.525906 0.9312929 0.8886244 0.9873515
1.153409 2.712082 0.9755458 2.594282 1.058573
1.496068 0.9139741 1.070796 0.9119177 0.9715279
0.8235352 1.003885 1.229798 0.9888181 1.756068
1.209349 1.340871 1.289857 1.540302 1.098839
-1.210899 1.578427 1.279697 2.046064 1.312446
1.35701 1.30083 1.516374 1.82438 1.522104
1.851218 1.831797 1.35144 1.748553 1.676814
1.663494 1.84624 1.270764 1.710234 1.694383
1.18128 2.04382 1.766456 1.179485 1.50582
1.932084 1.997851 1.207113 1.71487 1.180527
1.584017 1.517189 1.584173 1.82438 -1.516605
-1.372411 -1.277404 -2.265284 -2.128115
