2.757075 2.620543 3.349762 -2.926035 3.349762
2.408509 2.54482 2.360729 2.559339 2.023714
1.471426 -2.211948 1.878578 1.782227 1.828387
1.193622 2.111142 0.6218582 1.147847 0.9266809
1.025244 -1.178467 0.8722997 0.7077238 0.8608462
1.124178 1.292824 1.10498 -2.043822 1.651345
0.7187323 0.726573 0.6580724 0.5990023 1.086814
1.118143 1.488628 0.9482533 0.8322938 1.615718
1.453844 1.365169 0.8629197 1.434649 1.185722
1.220271 1.170294 1.022558 0.9109998 0.8695213
0.7194049 0.6706427 1.137802 0.6925266 -0.8698398
-2.171724 -0.9339498 -1.491202 0.7925952 0.9279421
0.6218582 -1.418405 -1.662121 -1.805682 0.650376
-1.697515 -1.609486 0.8722997 0.8722997 0.9864777
-1.968327 -0.6429698
