0.7334441 3.175944 0.5118327 2.453214 -1.065615
1.942474 0.6825656 0.6031946 0.8405061 0.7041245
0.7770442 0.8501014 1.417493 0.6346525 1.393634
0.5324468 0.9111896 0.6686022 0.4847447 0.6497875
1.255138 1.061101 0.5800136 0.8120382 0.8014946
0.661466 1.36053 0.8208163 0.9381007 -1.003284
1.563052 0.7439725 1.043164 1.413164 0.9978782
1.231324 0.8263451 0.8272389 0.4599391 0.8273055
0.9600088 0.9836254 0.5986697 0.6826909 1.226973
0.8879834 0.6614705 0.8994773 1.21899 -1.931283
0.8014946 0.8014946 -1.655662 -1.424179 1.330514
0.4599391
