2.775591 2.805808 -3.19313 2.162716 2.52503
-2.872797 2.596234 2.54802 2.713882 2.554449
2.73375 2.31042 2.732407 2.672316 2.258804
2.970646 -2.136118 2.606499 -2.275108 -2.185188
-2.309873 -2.069544 -2.533383 2.104924 -3.124158
-2.390407 -2.661044 -2.066587 2.472093 -2.754775
2.130298 2.46535 2.405333 2.342005 2.319341
2.451737 2.08027 2.3433 1.935328 2.83834
2.306846 2.146716 2.491924 2.408843 2.516821
2.575315 2.16366 -2.531968 -2.037469 2.654639
2.546238 2.472961 2.877743 2.620446 2.284977
2.566718 2.392631 2.81572 -2.251874 2.291847
2.893285 2.495421 2.079205 2.69282 -2.443552
-2.483384 -2.646581 -2.393554 -2.529176 2.549382
1.980035 2.452215 2.791004 2.184554 2.282099
2.50314 2.677847 2.624359 2.310775 2.424179
2.55226 -2.118297 2.946197 -2.147317 -2.497805
