1.967614 2.244332 1.220758 1.333966 2.048081
1.705102 1.818935 1.88735 2.728104 1.42468
1.856838 2.431329 1.908665 2.297098 2.441237
2.416475 1.596543 1.678681 1.693652 1.665054
2.028925 2.221007 2.576497 1.525039 1.349424
1.386481 1.969973 2.428438 1.314992 1.328458
2.211839 2.10471 1.82718 2.422117 1.735292
2.18832 3.317481 1.58603 1.519274 2.13423
2.109832 2.00917 1.847335 1.924625 2.160316
1.872669 2.703315 1.736373 1.71798 1.434716
1.385709 1.399599 1.513491 -1.779796 2.63436
2.035013 -1.538169 1.968273 2.540695 3.567613
-2.125391 1.25306 2.244332 2.670998 -2.466155
1.214635 -8.002412 1.575524 2.07541 1.528526
1.598792 1.471731 1.873498 1.610447 1.369959
2.038888 -1.494164 1.385709 1.363168 2.045841
2.558837 2.184547 2.83473 1.809615 1.745404
2.464934 2.185166 2.333095 1.823682 1.756935
2.341627 2.056357 1.877026 1.869677 1.717421
2.268393 1.575176 2.009376 2.175702 2.162921
-1.642787 2.612475 1.623464 -1.563696 -1.518413
1.558408 1.459088 -1.494164
