0.7191982 1.347419 0.5656175 0.8316878 0.7806661
1.315981 1.112904 0.8787708 1.1193 1.295398
1.389025 0.5869007 0.3872909 0.989182 0.8029679
1.105041 1.43756 0.547484 1.008849 1.273735
1.182825 1.39582 1.146767 0.8003939 0.4724084
0.7776756 0.7426141 0.7087986 0.5689814 1.02295
1.691265 0.6814277 0.6493413 0.5868286 0.8919625
1.018752 0.7210951 1.260066 0.9075089 0.4419738
0.5186707 0.5947849 1.14842 0.7246748 1.051514
0.8781373 1.243023 0.6611635 0.9295822 0.68913
0.8651466 0.8142348 0.7547475 0.8956651 0.5269463
0.5571616 1.489143 0.7296122 1.186418 1.787777
0.4661092 0.4661092 0.7430455 0.8131543 0.8131543
0.9623347 1.694572 0.5994903 0.5994903 0.8946025
1.223855 0.5669999 0.5566678 0.8231575 0.7259523
0.6554062 0.7937208 0.7626732 0.7946709 1.422116
0.701261 1.416226 0.8068579 0.8590744 0.62564
1.808856 2.151778 1.363781 0.6574768
