2.314413 2.748213 2.172356 2.107877 -1.946304
1.283811 1.794323 1.478251 1.774029 1.837111
1.257395 -1.57846 1.612286 -1.630958 3.210641
2.031524 -1.498391 -1.439382 1.611251 -2.13272
-2.13272 1.690405 0.6341699 -0.9668616 0.7925142
0.9451117 1.189651 0.8768448 1.337741 0.8798155
1.10456 1.341592 0.93932 0.6930188 1.259596
2.031714 1.636504 1.540904 1.450987 1.103295
0.9441823 0.9040494 0.7617388 1.013508 0.7078721
1.540448 0.9509804 1.298149 1.234704 0.9172844
1.432175 0.8261192 0.9446219 1.869162 1.09633
1.135648 1.04113 1.479104 1.10613 -1.083064
1.154148 1.475222 1.474789 1.368685 -0.5982558
1.936136 -1.630958 1.996566 1.515402 1.909571
1.132316 0.752524 -0.5756904 -1.113194 1.11265
-0.6641739 1.194571 0.8175173 -1.407936 1.940814
-1.324925 -1.440324
