1.952545 1.906758 1.224317 0.9563182 1.288497
2.27677 1.288758 1.925025 1.649851 1.360904
-1.050129 -2.174565 -1.185024 1.307768 -2.12039
-1.04794 -2.743766 -2.743766 -1.352727 1.084375
1.35306 1.690376 0.9900056 1.787116 1.194916
1.310461 1.245857 1.429096 1.018162 0.9919157
2.640043 1.06384 1.272193 1.063764 1.076059
0.9288254 2.629871 1.238218 1.914986 2.471742
1.835798 1.735871 1.915433 1.413403 1.529693
1.477065 1.29701 1.211941 1.605411 1.299618
1.588311 0.9089757 1.249236 0.9117158 1.499637
1.906702 1.808492 1.075221 1.062847 1.744407
0.9821544 1.076949 1.447879 1.090259 1.927569
1.960917 2.060367 1.450936 1.34442 1.301801
1.069402 1.261522 -2.33927 1.872399 -1.827415
0.9881129 1.360904 1.063764 -2.123909 0.8165428
1.097169 1.263584 0.9821544 -1.172562 -1.771052
-2.31656 -1.394797 -1.110458 1.240559 -1.43584
1.554585 -1.10419 -1.299327 1.279953
