2.456697 2.275022 2.254384 2.464014 2.470222
1.931833 2.241765 2.230488 2.419022 1.464031
-1.901295 -2.124808 -2.01961 -1.8633 1.625414
-2.135819 -1.467257 1.804605 1.873913 1.982125
4.274748 2.483408 1.623975 2.241457 1.848552
2.336328 1.830609 2.179223 2.233951 2.301164
1.414822 1.480338 1.445919 1.597423 1.871436
2.447927 2.155236 1.806018 1.843269 1.702129
1.185388 1.871806 -1.427481 1.418906 1.266528
2.316245 2.575048 1.656476 2.580789 -2.231113
2.242196 2.285022 1.356096 2.41633 1.958985
2.06965 1.528629 1.842603 2.251514 2.369838
1.733429 1.2665 1.697168 1.782797 -2.142299
-1.084041 -1.782513 -2.357865 -1.874303 -1.682437
-1.587715 -1.438503 -1.651916 -2.094967 -1.623823
2.232187 2.220383 -2.845892 -2.02104 -1.626665
1.962007 1.962007 -1.68842 -1.460352 1.870929
-1.351643 -1.310135 -1.376445 -1.364904 2.391026
1.958985 -1.436107 -1.566824 2.289204 1.455914
-1.112549 1.677335 1.338162 1.453727 2.21796
4.703633 1.519299 1.325823 1.327383 1.781801
1.40868 1.531364 1.866789 2.478042 2.209394
1.533562 1.364838 2.051914 1.671222 2.253928
1.570462 1.773894 2.427172 2.0374 -1.296802
1.572806 1.923502 1.871436 1.634413 1.350525
1.815783 1.328475 1.597558 1.884546 2.785034
2.388691 1.854343 2.266461 2.418123 4.125223
1.629316 1.148447 -1.025398 2.628261 1.805824
2.294639 1.682655 1.618728 1.698571 2.244892
2.329765 1.76919 1.613313 1.693899 1.497188
1.299129 2.169012 -1.872389 2.032883 1.478556
1.696432 1.483711 2.03981 1.718321 1.71942
1.92842 -1.804605 -1.53276 -1.074385 -1.998615
-2.237342 -1.483103 1.325823 2.062975 -1.812181
-1.850223 -1.414201 -1.414201 -2.635213 1.848552
-1.435752 -1.169664 -0.9712477 -2.311004 -1.371731
-1.316016 -2.084924 -2.084924 -1.438503 -1.303592
-1.173936 2.030528 -1.38861 -4.377647 -1.851053
2.172704 -2.161596 -2.611534 2.837573 -2.345491
-2.654952 -1.023902 -1.023902 -1.145379 -1.697498
2.710658 -2.280434 -2.475031 -1.376445 -1.364904
-2.391026 -2.490762 1.7299 -1.958985 -1.671017
-2.405163 -1.323076 2.128022 2.128022 -1.005797
-1.005797 -2.019862 -1.383535 -1.608806 -1.519997
-1.670055 1.747045 2.498885 2.24776 -1.667424
1.871436 -1.41013 -1.826454
