2.884208 2.897139 3.383333 2.825887 2.589585
5.646964 2.932626 2.798062 3.108057 2.914836
3.145728 3.157561 2.817811 3.068349 3.135442
3.011417 3.078318 3.078686 3.006259 2.964495
2.638046 2.956957 2.949455 3.161205 3.198887
3.011439 -2.937218 3.044438 2.530499 2.604541
3.434599 2.719243 2.840169 1.985925 2.567206
2.59512 3.240295 2.792077 2.914836 -3.011417
3.011417 -2.937218 -2.686892 2.554971 -2.033639
2.926882 2.70025 2.280156 2.364409 2.874942
2.810594 2.704728 2.827677 2.390284 2.621036
2.458768 2.980777 2.787688 -2.604541 2.914836
1.985925 -2.537802 -3.011417 2.425906 1.456236
2.44704 2.655107 1.315385 2.108537 1.869017
2.042026 3.067714 -2.919658 2.34919 1.860019
2.190852 2.063781 2.107805 2.480492 2.249199
2.196876 1.984615 1.812496 2.209285 2.382886
1.827362 2.303782 1.975251 2.005883 2.088873
2.324488 2.276941 2.357072 1.93522 2.294242
2.331768 2.134335 1.858822 2.36641 2.228101
1.650833 1.764967 -2.028513 -2.467143 -2.23079
1.726543 -2.604541 2.914836 1.979911 2.728419
2.005883 2.198133 2.295828 1.788228 2.299142
-2.024247 1.249542 1.119624 1.918719 1.390383
1.506984 1.309727 1.763088 1.478452 1.212405
-1.705537 1.59551 2.563637 1.714109 -1.726941
1.649358 1.249855 1.960537 1.090562 1.709994
1.539126 1.134082 1.230284 1.642663 1.376318
1.642152 1.570663 1.445251 1.056726 0.7892031
1.990855 1.516772 1.65754 2.114351 1.628854
1.457346 2.45197 1.308064 1.2503 1.866058
1.723879 0.8998145 1.424575 1.00293 1.166849
1.213513 1.149051 1.266267 1.297964 1.386684
2.091483 1.303826 1.503501 1.354483 1.886791
1.546155 1.119905 1.350424 1.14202 2.161927
1.024546 1.181285 1.022197 1.376428 1.066392
1.371014 1.126825 1.923024 1.341432 1.310113
1.540637 -0.7693284 1.315385 1.664104 -1.268236
1.506984 1.763088 -1.705537 -1.406354 1.585314
1.687842 -1.135371 1.570663 1.918456 1.106929
-1.58944 1.895467 1.383375 -0.9910461 1.692767
-1.149051 1.480626 1.308546 -1.877201 1.655026
1.788228 1.805681 1.805681 1.116782 0.8274697
1.081904 0.9644587 1.184312 0.7353252 0.9886018
1.107773 0.8917961 1.181564 1.04567 1.186327
1.389564 0.7373794 1.201033 0.860541 0.982538
0.689607 1.319153 1.233638 1.015482 0.7818773
1.294662 1.409759 1.025699 0.8348401 1.481222
0.7241318 1.131879 0.8094632 1.111606 1.221879
0.8754233 0.9580889 1.214599 1.301694 0.8288987
1.088966 0.9889704 0.7405485 1.508881 0.8863059
1.420895 0.9537073 1.056293 -0.9075673 0.8779163
1.162481 1.582237 0.7670275 1.253229 0.8213571
0.8013177 0.9949297 0.7352204 0.9803808 1.500453
0.9296514 1.465783 0.9130288 0.8594475 0.9669681
1.055348 0.7984708 0.7649389 1.16033 1.273191
1.304755 1.351352 1.155804 1.05352 2.01879
0.8757576 0.8453888 0.8488571 -1.101384 2.74313
0.9180705 0.9220216 1.078582 1.369747 0.9786987
1.030766 0.9264696 0.9585205 0.945582 1.013733
1.456236 1.339141 0.9347833 0.8500558 0.7984826
1.440863 0.9899156 1.002541 1.06071 0.8238568
1.113039 0.7462474 0.7790809 0.8337343 1.327847
1.457868 1.088761 0.7586294 1.58849 0.9208269
0.8765372 1.094919 0.8356073 1.267715 0.8007826
0.7969224 1.071248 1.159048 0.9751656 0.7592019
0.9656275 0.7472794 0.9403091 0.7738191 1.20793
0.7572762 0.9452436 0.9478511 1.438556 0.7761843
0.8065071 1.166642 1.187878 1.038737 0.8612315
0.8830201 0.963808 0.9163521 1.376428 0.8764345
0.9197623 1.046252 1.047022 1.4432 1.264317
0.8285737 0.7078183 1.531516 0.9012893 0.7353252
1.221007 -1.266975 1.233638 1.401198 -1.038929
1.27894 1.16847 1.230284 0.8233366 1.642663
0.9949297 0.9949297 -0.7027781 0.7027781 1.282345
-1.035666 1.283046 1.51498 -0.9011235 0.9202352
0.9554882 -1.535254 0.8012136 0.9975033 1.438556
1.858937 -0.9144421 0.7728616 0.7304868 1.126825
0.9012893
