2.056277 1.839675 1.634667 2.222852 1.19502
2.012617 1.523313 1.378163 1.198654 -0.9998316
1.337664 1.97273 -1.86215 -2.677639 -1.356937
1.167297 2.340959 1.039774 0.7798343 1.300227
1.399675 0.9290377 1.5779 -1.422434 1.262706
0.8364839 1.169187 -1.159782 2.326576 1.459063
0.9848637 0.7768088 1.288627 2.327374 1.126847
1.759036 -1.161808 1.133831 0.6558721 -1.224828
-1.300227 0.889704 0.5915095 -1.047831 -1.173014
-1.498686 -1.159782 -0.5772378 -1.931403 -1.903824
-1.352314 -0.6888835 0.8950194 1.229821 2.118673
0.5750563 1.354241 0.9974608 0.9000437 1.615819
-0.7234718 1.785088 0.6095831 1.677299 -1.702588
-2.170085 -1.054829 -1.033965 0.715507 -2.158277
