3.105241 2.979896 3.072159 2.930186 2.750556
2.309748 2.515145 2.624142 2.545008 2.894692
2.424701 3.066891 2.769452 2.257528 2.684575
1.924288 2.689408 2.293927 2.218055 2.283521
2.623323 3.056411 2.380939 2.119515 2.508403
2.08605 1.544211 1.674655 1.597954 1.793296
1.678516 1.428166 1.81777 1.531498 2.890232
1.438116 1.525452 1.665739 1.628793 2.031523
1.626737 1.806823 1.748561 1.691684 2.577336
1.568131 1.568131 1.513658 2.163552 1.511901
1.556103 1.6471 1.537339 1.744693 1.791163
1.513658 -2.226317 1.524802 1.601138 2.265383
1.640237 1.877373 2.011607 2.730936 2.031457
-2.546038 2.051637 1.735246 -2.216066 -1.84255
-2.012635
