2.915629 2.594883 2.750909 3.038675 2.944054
2.937964 2.362636 2.170502 2.501881 1.709746
0.9059753 1.619426 1.670732 1.391526 1.765703
1.408859 1.681729 1.080093 1.041415 1.053528
0.7242624 1.062596 1.25749 0.8499238 1.063667
1.170632 1.318582 1.356361 0.9334238 2.137957
1.926859 1.550653 1.027074 1.605218 1.597685
1.658427 2.192759 1.222686 1.364347 1.478906
0.8136319 1.447348 1.063667 -1.572977 1.735292
-0.8804566 0.6159426 1.107112 1.636593 1.187381
0.693735 0.6542112 1.005433 1.064728 0.6848144
0.7965328 0.9410361 1.391123 1.06645 1.568541
1.400225 1.054622 1.460194 1.692836 1.30467
0.7742481 1.2884 0.9860975 0.9747226 0.9803188
1.058564 -1.907476 1.168651 1.070962 1.267823
0.8808365 1.546884 0.8813725 1.556678 0.9618789
-0.9350816 0.9350816 0.7242624 0.9599033 1.239985
2.478974
