2.953528 -2.781076 -2.53504 2.41272 -2.535992
2.57928 -3.025124 -2.391475 2.953573 -2.999216
-2.9985 -2.9985 -2.892978 -2.450294 -1.983107
2.272091 2.407099 2.953573 1.949123 2.399011
-2.999621 -2.419205 -2.849849 -2.475983 -1.885957
-2.500237 -1.270745 -2.151456 -1.375475 -1.568502
2.953573 -2.307364 -1.90211 -2.640151 1.857892
-1.910642 -2.50856 -2.50856 1.642391 1.827167
1.737453 2.170665 2.067453 2.251685 1.474626
1.799069 2.642291 -1.829977 -1.848628 1.95351
-1.885957 -1.973097 -1.733181 -2.230618 -1.906015
-2.151456 -2.230937 -1.26837 -1.866044 -1.15496
-2.789081 -2.071562 -1.840914 0.8955938 1.638044
1.108449 2.448916 1.268461 1.717482 1.270748
2.063555 1.33668 0.8918095 1.661787 1.175858
0.8809261 1.484379 1.804135 1.08841 1.17911
1.380032 1.95351 2.040218 1.682409 0.8736381
-1.507642 0.864407 -1.03945 1.293835 -1.755956
0.942631 0.7271461
