1.736393 1.201958 1.130245 0.8222497 1.497616
1.734843 2.389277 0.9637288 1.103281 1.369996
1.9741 1.638123 1.581038 1.563042 0.9599466
0.6440709 0.8777092 0.8526846 1.045878 1.00372
0.7111291 1.24487 0.8073947 1.173559 1.137474
1.120988 0.9922876 2.17268 1.129325 0.7834595
0.6913973 0.9801432 0.7461448 0.927636 0.5961368
1.07228 1.07228 1.122482 1.768076 0.8145408
0.965339 1.412369 0.7404494 1.000631 1.139726
0.7911381 0.7911381 1.297187 1.590173 1.614209
1.238851 0.5331235 0.6779846 0.818557 1.309681
0.7305031 1.161227 1.231522 0.9979468 0.6695154
0.6137528 1.584718 0.5773236 1.662498 1.19809
1.561423 0.8570185 0.7496148 1.071994 1.10788
1.153696 1.227483 0.8248059 1.1096 0.9365338
1.164455 0.7920366 0.9421814 1.115052 1.084187
0.6990786 0.6650016 1.202829 0.8421582 0.5722822
1.18404 1.018153 1.693701 5.771322 1.345701
0.9820629 0.9577195 0.8655931 0.9559316 0.8544705
1.503082 0.7445344 1.219846 1.032 1.586203
2.138996 1.928785 1.379925 1.573535 0.8795748
