-3.025673 -3.025673 1.781803 2.135461 1.944121
1.66727 -2.011856 1.863276 1.428648 1.617888
1.42808 2.237143 1.59515 1.853798 2.33268
1.189605 1.585992 1.805713 1.984486 -1.632014
2.666849 1.691757 1.805713 2.281585 2.065431
2.847925 1.789857 2.073484 2.611611 1.127392
1.421088 1.619119 1.370009 0.9310237 2.152486
1.623053 1.314677 2.009367 1.297859 1.146709
1.953756 1.152179 -3.025673 2.012538 -2.042252
-0.7638975 -1.58046 1.18596 0.8810893 1.176725
0.8737152 1.146197 1.122372 1.294994 1.036271
0.6761032 0.9774998 0.8991527 1.052463 1.422218
1.624855 0.9879797 0.7066048 0.7566829 0.9500241
1.054534 0.7885638 0.8807695 0.8149426 0.7633519
0.9334208 1.131794 1.018709 0.6886191 0.6263871
0.8044673 0.8860132 0.785602 0.7761843 0.8637516
0.7207162 0.7901569 0.9625049 1.237281 0.7239424
0.977212 1.05585 1.594913 -0.9923267 -1.167631
-1.667434 -2.21429 -0.6436164 1.301714 -1.515971
1.424449
