1.918679 1.642573 1.659473 -1.805488 1.194721
2.054591 1.524931 1.683383 2.154241 -1.864158
2.592291 1.141655 -2.320692 -2.675118 -1.49512
2.251715 0.9003513 1.754558 0.824984 0.9410632
0.8852909 1.036238 0.9886118 1.495278 0.7936538
0.7470943 1.007224 1.192391 -1.291905 0.9184202
1.377902 1.156145 2.262968 0.8994619 1.00855
0.9917823 1.090922 1.131647 0.9124476 0.9507062
-1.433467 2.155237 1.754558 -1.317415 -0.83991
-1.639895 -0.77164 -0.8204963 -1.090922 -1.114758
-0.9617764 -0.8874196 -0.9985174
