5.5183 2.974473 2.590342 2.661395 2.894657
2.8511 2.397251 2.318237 2.673562 2.437566
2.54462 2.803582 2.367044 2.319845 2.551141
2.830602 2.646334 1.551527 2.30595 2.442137
2.506191 2.165386 2.215359 2.837835 1.333095
2.728594 2.637075 3.25508 1.784943 2.071513
2.515498 2.178125 1.728892 2.502971 2.693523
2.245153 2.293896 2.371121 2.558224 2.790976
2.026194 2.832285 -2.29381 2.046258 1.864096
1.74322 1.007642 2.092005 1.915869 2.023802
1.505181 1.511311 1.715604 2.192436 2.192436
1.180015 1.627158 2.169771 1.061529 0.9302597
1.456595 1.776804 1.215058 1.818478 1.662863
1.145688 1.689916 1.406176 2.322575 1.577383
1.552062 0.6606836 1.5843 1.960812 1.740569
2.014812 2.543987 1.32951 2.421355 2.881441
2.206058 1.609114 2.287217 2.214317 2.131472
2.257148 1.439415 1.297048 1.283456 1.963506
1.992499 1.274658 2.700034 2.068344 2.058931
1.153614 1.150387 1.715961 -1.49589 0.9601304
0.9753128 0.6844436 0.9197749 0.8587327 1.153066
1.127071 1.042884 0.9801432 1.498182 0.832602
0.6831148 1.563664 0.8073142 1.004328 1.152899
1.377825 1.580642 0.9545932 0.7057016 2.178271
1.678639 0.7236723 0.8871215 1.059417 1.731509
1.530939 0.8521015 1.167742 0.7878253 1.297807
1.228492 1.197713 1.094315 0.9689648 0.8923128
1.26925 0.8514429 0.9469345 2.242184 1.019226
0.9839533 0.8460124 1.84949 1.106445 0.4152261
1.108031 1.225437 0.7472582 0.9045941 0.9736279
1.338167 1.121243 1.824162 0.6011558 1.403259
1.408149 0.9400149 1.339417 0.8561888 1.547348
1.514809 1.037706 7.970674 1.321513 1.12084
1.274276 0.8016047 0.6090575 2.139168 -0.6176253
0.8447802 0.8460289
