1.420293 3.248416 3.017099 5.603721 3.447159
3.064242 3.821471 2.939011 2.177637 2.2607
3.335408 2.814848 2.201604 2.88187 2.26591
2.30765 2.887905 2.242988 2.179047 1.784452
1.746823 1.762011 1.683539 1.826234 1.930702
2.130172 2.414319 2.0212 2.123928 2.066597
2.277321 2.228718 2.207731 2.163165 1.927019
-2.610178 2.243235 1.921229 1.89451 1.962338
2.560237 -1.747408 1.982039 1.837756 1.809586
1.787007 2.4705 2.227807 2.245563 2.028156
2.866018 1.973544 1.766224 2.12273 2.184296
2.197943 2.056418 1.875508 2.346674 1.827599
1.951477 1.857228 1.824052 2.753529 1.973563
2.236352 2.292943 1.96428 2.653685 1.795019
2.311931 1.897962 2.246594 2.278432 2.410408
1.992513 2.229471 1.820121 2.30993 2.099164
1.869162 1.808586 2.127934 1.941985 1.951003
2.316243 2.391764 1.858719 1.761812 1.648254
2.44545 1.740087 1.822425 2.134995 2.074278
1.776541 2.359529 1.838273 1.895089 2.263832
1.953838 2.172873 2.168254 1.59292 1.854003
2.122798 2.033456 2.045721 1.920598 1.808015
2.313359 2.127356 2.442051 2.057942 2.309918
1.876126 1.872867 3.027434 2.089705 2.722735
2.191412 2.408743 1.873878 2.848682 2.121837
1.776087 1.746251 2.522428 1.97939 1.995829
1.95363 2.823303 2.055237 2.191025 1.78667
1.961307 1.832972 2.35286 1.798598 2.68083
2.050601 -1.79298 -2.598099 -2.610178 2.332405
-2.710165 2.23697 2.23697 2.030584 -2.817062
-2.710696 -2.186082 2.318397 -2.198716 -2.478387
-2.554753 2.276442 -2.915891 2.138617 2.545479
-2.200318 -2.521382 -2.516055 -2.408016 -2.233776
-2.301597 -2.23448 1.762471 2.020604 2.085701
-2.504792 -2.3587 2.560795 -2.746096 -3.132428
1.776541 -2.359529 -2.302191 -1.957583 -2.368991
-2.350787 1.972577 -2.914834 -2.102583 2.478171
-1.984722 2.002096 -2.763717 -1.80254 1.80254
2.347195 2.347195 -2.318696 -2.526741 -1.928125
3.272139 -2.100895 -2.478291 -1.97122 -2.132133
