2.025643 2.402549 2.385639 -1.913575 -2.016176
-2.016176 1.305093 2.025643 1.086493 -1.552384
1.182819 -2.108689 1.851788 2.286357 0.9309112
1.297629 1.229747 1.569497 0.9449901 2.445479
1.11217 1.310571 1.462107 -1.668998 1.383448
1.815268 1.486639 -0.6653211 -1.362286 1.028046
-1.304067 2.031813 0.8735084 1.452549 -1.025686
1.718619 -0.7101586 -2.016176 -2.016176 2.516946
0.9367394 0.9039614 1.811064 -1.348637 1.005499
-1.833606 1.485567 1.22213 0.775302 1.274293
0.7604436 1.894603 1.445719 1.092093 1.158157
0.8959347 1.434462 0.9310756 1.097068 1.958427
1.262553 1.509079 1.051038 0.7582834 1.053482
1.419245 -0.8248369 -1.861895 -1.070061 -1.272183
-1.244581 -1.089167 -0.8933408 1.024024 -0.8285319
-0.9806745 -1.592042 -1.922604 -1.452549 -0.9276045
-0.5582175 1.158157 -1.266881 -1.429845 -1.535814
-2.445479 -0.796711 -1.687948 -1.479176 -2.016176
-1.396691 -0.8089385
