0.7199278 1.591231 2.187853 1.099129 0.8777347
1.231859 1.018909 1.833711 0.9570065 2.404322
1.121414 0.9631184 1.270712 -1.570422 0.755155
0.7420772 1.229678 0.9322459 -1.214302 0.913128
0.783047 0.9664573 0.8077595 1.215141 0.7271717
0.6283478 0.8385737 0.7957275 1.280653 0.8130075
1.280356 1.186241 1.471653 0.7517888 1.158427
0.9705111 1.295891 0.8181602 1.245272 0.6576772
1.349223 0.9252824 1.130108 1.400025 0.9541389
1.264292 0.8692422 -2.667478 1.505059 0.8372936
0.9445205 0.9539673 0.50766 0.8877809 1.32915
-1.050396 0.5987796 0.5987796 0.8737368 0.7373138
1.306357 1.028742 1.887982 1.50513 1.117462
0.8772193 0.901596 1.14222 1.312637 1.316761
0.865968 1.095721 1.033859 1.90146 1.425965
0.8082948 0.8818286 1.543936 0.7342253 1.784267
1.076129 1.052137 1.076827 0.6482714 0.8791438
0.980385 0.8238172 0.9788514 0.6822964 0.8443676
2.044044 0.7656703 1.332227 0.7473738 0.7818314
0.9622038 0.7659577 1.41236 1.059841 1.458294
1.292244 1.037966 1.058356 0.9335755 1.024481
0.8056622 1.302848 0.8748305 0.7821043 0.9360227
0.7911022 -1.183916 1.263964 1.721929 1.020953
0.7915046 1.441774 1.378796 1.093407 0.9973032
0.9595042 0.7535339 -1.373344 2.484726 -0.9243525
-0.7639201 0.8781934 1.463014 0.8434685 -1.157543
1.422696 0.8581087 0.793905 1.44754 -0.9622955
1.366616 -1.214302 0.7420137 -0.8930342 2.121039
0.86586 -0.7259324 -1.212566 1.113566 -0.7553853
0.8258191 0.7663147 -0.9310275 0.9673159 -0.8490506
0.9325352 0.9325352 1.153408 -0.7801923 0.7693261
-1.083529 0.7199278 -1.177571 -0.8137758 1.142561
0.8916475 1.618017 -1.277045 1.261293 -0.7703517
1.095721 1.638646 -0.7736629 -0.9838303 -0.8082948
-0.9104433 -0.9740419 1.462963 1.122496 1.252891
-1.351986 -1.371688 -0.710162 1.605091 1.454122
-1.823563 0.6306814 1.318172 1.007578 1.007578
1.007578 -0.8378898 1.102913 0.8355799 0.925976
1.662927 0.8701706 -1.459082 -1.214969 -1.127197
0.9526938 -0.8301889 -0.8667422 -1.183916 -1.038785
1.038785 1.021826 0.8242827 -0.7138461 -0.5970522
