2.78959 2.860307 2.605881 1.824023 2.596776
2.434347 2.750737 2.725676 2.574165 2.577651
2.3221 2.151429 2.422739 2.464784 2.222913
2.364365 1.981502 -1.906265 2.02729 2.052564
4.889785 2.056276 2.250897 2.028314 1.834973
1.771163 2.474827 2.372768 3.324805 2.245632
1.805958 2.404256 1.946092 2.364578 1.933417
1.856995 2.044085 4.923787 2.074845 2.015457
1.82625 1.976615 1.948065 2.212342 2.080221
1.978768 2.010921 1.854565 2.227828 2.263939
2.216822 1.943728 2.13318 2.221948 -1.716278
2.210063 1.221567 1.460485 2.177323 1.970134
-2.55461 -1.834161 1.524398 2.160553 2.254183
2.495792 -2.131295 2.501845 2.396954 1.355013
2.063751 1.682596 1.874667 1.624423 1.521257
2.016008 1.595946 1.614371 2.270766 2.028308
2.129468 2.068467 2.717425 1.405635 1.577764
2.080375 2.472978 1.915568 2.162888 1.73048
1.440238 2.300285 1.557985 2.367239 2.491454
2.154254 1.909291 1.570619 1.562886 2.140314
1.779311 1.712818 1.822233 1.458409 1.731261
2.025406 1.840133 2.019336 1.744548 1.594439
1.329598 2.511302 1.724776 1.602964 1.966466
2.483222 1.883361 2.008104 2.201449 1.579134
1.394234 1.849617 2.657009 2.128065 2.052102
1.473443 1.483836 2.156079 1.68216 2.203177
2.530594 2.279676 1.896716 2.47843 1.508553
1.664804 2.713049 1.561415 1.520478 1.85477
2.045354 2.029805 1.561165 2.65256 1.220387
2.164274 3.390298 1.720397 2.03333 1.984434
-2.308696 1.88249 2.226133 2.150064 1.84626
2.519933 1.826555 1.964639 2.570685 2.012581
2.072522 2.250888 1.702098 2.032735 1.942547
2.523158 2.663778 1.632782 1.497075 1.375183
2.343366 2.1902 1.532075 1.342466 1.835997
2.634232 2.02729 -1.593764 2.483366 -1.646227
-1.85966 -2.309096 1.783579 -1.275033 -1.224755
1.595946 1.982113 -2.281819 2.059313 -1.496033
2.786697 2.028314 1.771163 1.771163 -1.289155
1.706105 1.971428 -1.309203 1.295722 1.529681
1.909291 3.324805 1.779311 1.33666 -2.236999
-1.404595 -1.264119 -1.561904 2.056363 -1.915013
2.067543 -1.2453 2.404256 1.401041 1.401041
1.485612 2.210063 1.946092 -4.54251 1.902565
-1.600119 1.856995 2.469732 -1.250692 -1.299619
1.483991 1.898482 -1.412349 8.011791 -1.516968
-1.774956 -1.518881 -1.357189 -1.659586 2.713049
1.68625 1.421917 2.289743 1.948065 1.572741
-2.450174 1.698134 -1.327124 1.285131 1.94185
-2.031738 -1.491515 1.812518 -1.608029 -2.05186
-1.491874 -1.21216 1.2593 -2.595969 1.634358
2.523158 1.869206 2.263939 2.632365 1.451114
1.451114 1.808349 -1.852998 -1.852998 1.111195
1.532075 -1.9807 2.286353 1.835997 1.271515
-1.783013 -1.743136 -1.893275 1.526666 2.468362
1.520073 1.289243 2.150692 1.645889 1.94348
2.750902 1.959113 1.338463 1.92954 1.827923
1.674903 2.084727 1.901121 2.026055 2.238648
2.159539 1.290727 2.107624 1.856488 1.670426
2.043071 1.73973 2.078881 1.909713 1.481924
1.745014 1.493363 1.295443 2.323347 2.301003
2.267756 1.998918 1.472952 1.562186 1.411695
2.528706 1.741555 1.665228 1.585643 1.364016
1.318872 2.49041 1.493203 1.77434 1.547551
2.242649 1.608631 2.795462 1.900167 1.379764
1.42579 1.822937 1.338462 2.266707 2.061498
2.998756 1.873195 1.214823 -1.526666 -1.314726
-1.977827 1.608485 -2.439128 -1.645698 -2.024136
-2.449 1.618882 -1.295722 -1.828669 1.987109
-1.983995 1.529681 -1.2561 -2.251293 1.909291
-1.553628 3.324805 -2.051834 -1.351837 -1.262527
1.262913 1.701216 -2.067543 1.401041 -2.210063
-1.669253 1.414194 1.187407 1.329598 -2.20724
-1.557076 -2.469732 -1.521355 -2.18414 2.213365
-1.88766 1.661767 -1.500429 -1.508553 1.124101
-1.577338 -1.561415 -2.009649 1.520478 -1.96166
1.27424 -1.49405 0.9967756 -1.708013 1.900167
2.2679 1.876893 1.2593 2.626148 1.869206
-1.702065 -1.523604 1.111195 1.636423 -1.27892
-1.743136
