2.632998 2.665853 2.554936 2.396841 2.264188
2.552642 2.159186 1.302016 -2.480831 2.426447
1.562652 -2.361335 2.765835 2.520697 -2.665264
1.773383 1.66461 1.74808 2.280782 1.819444
2.050351 1.934592 2.368548 1.643976 2.057152
2.511659 1.811521 2.324165 2.665264 2.044189
2.256231 2.497996 3.747229 2.255281 2.286319
1.865378 2.019383 2.63267 1.762 2.897183
2.078192 -2.058607 2.417134 -3.222413 2.050351
-1.430514 -1.778093 2.595733 2.59676 -1.810015
-2.374941 -0.8833516 1.812029 -2.143544 1.740402
2.201887 -2.204447 2.514093 2.514093 -1.639126
2.780483 1.012047 8.343412 1.731746 2.665264
2.039417 -2.549272 2.1844 -2.050446 2.066012
-1.359711 0.9092862 -1.355321 1.839494 1.554116
1.554116 2.132019 2.109425 2.411637 1.710484
1.025543 1.379588 1.211922 1.574746 2.407438
1.399153 1.524953 1.36373 2.059532 1.554402
1.754832 2.169893 1.563717 2.011007 1.704041
1.992353 1.770424 1.478831 1.524023 2.313428
0.9305582 -0.888986 1.750248 0.7790375 2.280782
2.057152 -2.038692 2.595733 -2.374941 1.79293
1.963274 2.330741 1.50278 1.50278 -1.917078
1.435716 2.089781 1.842338 1.710324 1.076558
2.00453 1.87784 1.097125 -1.211922 -1.211922
1.669723 -1.578531 1.700896 1.020074 1.554583
1.552707 -1.083031 1.754492 1.756248 -1.61521
0.7939978 1.215481 0.9160395 1.559374 0.9599
1.114622 1.06781 1.927027 1.449768 1.548277
0.8995373 1.04994 1.2929 1.385425 0.7597352
1.033205 0.8349603 1.249433 0.9391564 1.421971
1.027115 0.7280764 0.7381818 0.7528329 1.301833
0.6457643 1.572471 0.6291075 1.024544 1.189832
0.8770069 1.006263 0.7491776 1.144454 1.107056
-1.151652 0.9402888 1.998323 -0.8596321 0.9303831
1.815361 -1.112837 -1.029102 2.340605 -1.156476
-1.423409 -0.8349603 1.137774 1.25692 1.273061
-1.259226 -1.259226 -0.6567488 -1.147385 0.9441183
4.461836 -2.535615 1.394117 -1.463274 -1.062787
-1.062787 1.563717 1.188538
