2.791867 2.785328 2.554099 -2.704741 -2.359496
-2.884946 2.806295 2.597317 2.781583 -3.074046
-2.385662 -2.968225 2.809796 -2.924256 -2.837142
-3.088019 2.711347 1.81432 1.393595 2.067824
1.93444 1.233805 1.5547 1.182348 1.074005
1.649697 1.49636 1.498105 1.660419 0.8258134
1.181222 -1.729063 1.83441 -1.567338 -1.039897
-1.931503 -1.94874 1.615147 -1.454224 -1.628033
-1.078219 -2.158043 -2.70109 -1.48343 1.215282
-1.217738 1.68465 1.068009 1.602005 0.9549751
1.30948 1.143814 1.641422 1.3995 1.117406
1.187921 1.168676 1.748561 1.00619 0.7792525
2.021906 2.031573 1.103858 2.430568 1.702577
1.063324 1.025598 1.153412 1.220168 0.8490959
1.202453 1.535767 1.216485 1.631165 1.586671
1.070974 1.670969 1.085441 1.591499 1.396988
2.213484 1.152658 2.039784 1.477575 1.666077
1.084945 1.21741 1.474816 -2.248779 1.83441
-2.129482 1.525442 2.042831 1.604239 -1.810611
-1.9668 -2.23774 1.581159 -1.299729 1.45248
