0.9507344 1.268727 1.583858 1.308209 1.688153
2.299731 -1.194596 1.82326 1.279171 0.7260887
0.9271102 1.535277 1.100565 0.9106474 1.266549
0.8797842 1.753706 1.07681 0.9632237 1.295164
0.9093814 1.663345 1.112999 0.8918471 1.094338
1.100495 2.097643 0.9756019 1.356822 1.371054
1.396659 1.269271 1.628795 0.9103711 1.656646
1.387811 0.8735523 1.468608 1.672887 1.629438
1.426452 1.024099 0.7548437 0.7076963 1.13141
1.174168 1.224762 0.9401098 1.286991 0.9125449
1.170065 1.21277 1.089441 0.9319545 1.308725
0.7865437 1.052804 1.149243 1.322807 1.222719
0.8079753 1.038842 -1.479174 1.496519 1.623689
-1.291809 1.158211 -1.765985
