2.983116 3.239347 2.887619 3.079054 2.640953
2.901568 -6.083254 2.770008 2.887619 2.313523
2.373548 2.422663 1.824927 1.542444 2.431812
1.759238 2.084206 1.606939 1.738998 1.780313
1.883264 1.214989 0.871404 0.7850893 1.555914
1.721965 1.417749 1.379724 1.105793 0.8091731
1.329818 1.666319 0.7842027 1.494355 2.443577
1.276012 0.8205774 1.080322 0.5315696 0.8679512
1.061968 0.9557801 0.9581906 0.7655125 1.097269
0.8708351 0.9864074 1.351795 1.402869 1.409333
0.7735323 0.9264696 0.9297274 1.206267 0.983766
0.8368304 0.9013544 0.6426014 1.34874 0.6632726
-1.289076 -0.8861491 1.013195 -1.86648 -1.069149
0.7455679 0.8855221 1.032877 0.9918803 -0.8086339
0.9298922
