3.053297 2.765869 2.658476 2.94503 3.131513
2.867331 -2.681222 -2.798461 -2.695383 2.927354
3.014237 2.854714 2.664239 -3.085723 -2.848971
-2.758165 3.073133 -2.636565 -2.444616 -2.123726
2.934462 -3.07818 2.856759 2.876242 2.839381
2.808063 2.889264 3.24646 2.979334 -2.766469
-2.888983 -1.968725 -2.134346 2.473441 -2.866865
-3.07818 2.883422 -3.07818 -3.148146 3.22801
2.325405 3.171332 2.528171 2.323263 2.28051
2.495848 2.382574 2.186115 2.22703 2.796926
2.683518 -2.008709 2.522837 -3.07818 2.419034
-1.32451 2.186115 -2.456129 3.22801 1.619441
2.109839 2.041162 1.671804 1.332072 2.719193
1.395205 2.541805 1.86538 2.124233 1.206183
2.098373 2.251056 1.703678 1.618576 2.386823
2.064143 2.440009 1.523771 1.811193 1.838365
-0.8820944 1.675152 1.500695 1.287663 2.202777
1.210628 1.986621 2.334616 1.657067 1.784464
-1.284311 2.008709 -1.255163 -1.701818 -1.523771
-1.525185 -1.166113 2.021328 -1.181518 1.310867
0.9303238 1.174023 0.8249811 1.241788 1.314925
0.8342686 0.9794178 1.588981 1.75909 1.741261
1.46574 0.8132297 0.9374026 0.7882264 0.9594612
1.31922 1.682473 1.444279 0.9456277 1.39963
1.50078 0.8904142 1.038711 0.8163251 0.8952207
1.14076 0.5422306 0.8213246 0.7789465 1.171717
1.985554 1.096603 1.186066 0.8786771 1.253116
1.151755 1.022662 1.057825 0.7191369 0.8864068
0.7930066 0.9275106 1.165852 2.798461 0.9745184
1.141531 1.22196 1.185361 1.422107 0.7791777
0.9825264 1.153156 1.882138 0.8175021 1.013401
0.9478511 0.5085211 0.6063562 1.137048 0.9542471
1.254592 0.7901569 0.9771133 0.682529 1.358534
1.103107 0.7920872 1.816577 1.716866 0.9556067
7.99679 1.052192 1.4407 1.266908 -0.9823197
-1.513094 -1.72054 -0.8068589 -1.284311 0.8460368
1.46574 -1.024793 -0.9594612 -1.032623 -1.520575
-1.520575 1.024602 -1.686367 -1.764086 -1.634692
1.619301 -0.9222865 -1.064061 -1.44103 -1.662803
1.254592 0.6746314 0.8060607
