2.616553 2.251692 -2.430205 2.405606 2.686399
2.791001 -1.929853 2.533455 -2.319503 2.232984
1.798332 -2.696196 1.636195 1.789425 2.254362
-2.337836 -1.802914 -2.00782 1.976659 4.704566
1.83785 2.20484 1.693899 1.931516 1.851256
2.142331 4.524289 2.168565 2.031897 1.97421
1.887008 2.454346 2.44681 1.786231 -2.54702
-1.993255 -2.576978 -1.984456 -1.911131 -1.876345
-2.637286 -2.168565 2.384404 -2.523879 -1.725403
-2.198817 -2.059923 -2.749034 2.50507 1.557271
2.071615 1.861927 1.860834 1.868012 2.240123
2.535793 2.057437 2.637286 1.831295 2.42201
2.444516 1.976659 -1.810309 1.829003 -2.378367
-1.901108 -2.097569 -1.975151 1.623585 -2.001482
2.350042 -2.044912
