2.567171 2.254421 2.751831 2.410623 2.228087
1.01888 -1.514888 1.139848 -0.9809248 -1.843127
1.036162 -0.978198 -1.288188 -1.230079 1.045432
1.141703 0.8333232 -0.745045 0.9438449 -1.382656
-1.385608 -1.31158 -1.432072 -1.483998 -0.6463258
1.098248 0.7313004 -0.8605687 0.9902956 1.170384
1.155766 -1.176106 1.168161 -1.406428 -1.122986
-1.726979 0.826917 -1.025836 -1.259456 -1.843127
-0.8783623 -1.272249 -1.033128 -1.033128 -1.187889
2.159151 -0.701405 0 0.9191869 -1.248222
-1.17782 -0.8029783 -0.8696301 -1.459274 -0.7118672
1.010301 5.776339 0.8332085 -0.9353734 -2.264753
-0.745045 1.026861 -1.595209 -0.7585181 -1.382257
-0.7987865 1.109231 -1.066139 -1.716877 -1.644898
-2.12777 -0.9212182 -1.206504 -0.8605687 -1.403119
-1.62027 -2.153555 -1.104269 -0.9482629 -0.9982968
-0.8392734 -1.004743 -0.7189309 -0.768112 1.619422
-1.160852 1.075384 1.796553 -1.094435 -1.38476
1.507463
