0.7760553 1.310221 -0.9304896 -1.917078 -0.6777802
1.506821 0.7003201 1.531048 1.101165 0.6038527
1.022078 1.10538 1.629293 1.022656 0.9324686
0.8935179 0.7500403 1.175927 1.141853 0.8221972
1.348458 0.7253091 1.264257 0.7103845 1.177286
0.5497639 2.310417 1.043354 0.689395 1.243666
1.169313 0.675541 1.227004 0.8457037 1.123807
0.6261824 0.9582798 1.206223 1.339214 0.7329284
1.146551 1.201043 0.8077565 1.058334 1.06835
0.4573683 1.682376 0.5995963 0.5831194 1.196604
0.9592602 -2.061307 -2.192529 0.7760553 -1.130715
-1.263736 -2.100461 -0.8005631 1.11672 0.4573683
