2.376547 1.662064 2.040424 1.172463 1.547951
-1.572052 -1.860741 2.047573 1.517341 1.156784
1.155279 -1.884792 0.8901819 -1.820757 -1.860741
-1.22753 -2.161876 -1.645431 1.413527 1.413527
-2.11223 -2.057693 -2.083825 1.069811 0.8623299
2.049507 0.5608826 1.197064 1.129093 0.7645197
1.07036 0.9386096 1.777716 0.8067988 0.8685071
0.5695628 0.7577052 0.8774993 0.7842027 1.422778
1.671783 0.8152973 0.9428418 1.077492 1.022087
1.413527 0.9879797 0.7766946 0.715978 -1.00404
-1.416563 1.413527 -2.060484 1.69258 -0.8202085
