2.849496 2.876494 -3.054 2.845666 1.803058
1.451021 2.516476 1.544255 2.002785 2.735096
2.116712 2.495996 2.451922 2.30389 1.769487
2.120928 1.422633 1.655007 2.315999 2.006962
3.084883 2.079428 2.565235 1.658252 -2.234071
-1.66854 -1.88701 -1.960319 -2.377945 -1.182943
2.930728 -2.112098 1.126438 0.5499642 1.049505
1.627379 1.35554 1.369728 1.282905 1.028269
1.269474 1.188803 1.466761 1.160653 1.138127
1.286625 0.8940788 2.201241 1.034603 1.492087
1.515234 2.31186 0.7924742 0.8824107 0.9203106
1.396044 1.482864 0.694678 1.116225 0.935355
1.271702 2.165935 2.470933 -1.122076 1.185271
0.7894546 1.271901 2.608027 1.365129 1.114736
0.6849768 2.174759 2.338589 1.497333 0.775862
2.972636 1.547144 1.234985 1.06121 1.604645
0.8589374 1.733661 1.037497 1.804441 0.9449619
0.8190709 1.42488 0.6268793 0.9894443 0.9911887
0.9793949 1.199208 0.7429509 1.027545 1.356564
0.9391933 1.08696 2.122947 1.003836 1.240219
1.363497 1.135443 1.325036 0.7573272 3.005112
0.8055272 1.241417 1.391953 1.019117 1.034911
0.6384852 1.135763 0.6667229 0.9404086 1.66677
1.452484 2.154085 2.313662 2.053217 1.494255
1.277737 2.105362 1.124464 1.076316 1.244938
0.7914019 1.089322 1.42518 0.8787581 1.142321
1.07881 1.220033 1.313963 1.203069 -1.590211
1.13426 0.7593727 1.123021 1.605756 0.6802938
1.771105 0.7735359 -1.281372 1.051563 -1.277586
0.7856446 -1.469612 1.585012 -2.102364 0.5859933
1.176412 -1.171133 -1.011967 1.007774 0.7894546
-2.608027 1.126529 -1.55509 1.456636 2.308504
1.964977 1.9131 0.9582557 0.9582557 1.748943
-1.087337 -1.423314 -1.532217 1.801754 -1.077228
-2.011078 -0.9805381 1.95919 -1.594758 1.159685
-2.442109 0.820755 0.8609722 -1.615977 -1.671333
1.154567 -1.435655 0.7867961 1.250486 -1.004208
-1.026056 0.9247935 -1.875552 -2.061795 -2.17413
1.361675 -1.239709 -2.098674 -1.032031 -5.725508
0.876994 2.930728 2.930728 1.421162 1.421162
1.07469 2.936632 -0.755101 -2.635363 -1.571358
-1.082911 1.183272 1.131245 -2.036767 -0.9491603
