1.25498 1.542808 1.491555 1.544983 -1.512354
-1.594435 -1.194621 -1.286742 -2.13553 -1.668339
0.9187709 0.8903951 0.9898776 1.371571 1.270293
-0.6500243 0.758173 0.7735405 0.925033 0.5153743
0.853384 1.14404 1.069423 0.8338379 1.102376
0.6769123 0.8721045 0.8678645 0.8605223 1.185582
1.528805 0.6975573 0.9652203 0.554677 1.158109
0.7069485 1.222976 0.9615211 0.8793703 0.8363879
1.113193 0.7066563 0.8573162 1.107773 0.8607874
1.101113 0.7893416 0.8892101 2.004763 1.050973
1.750919 -1.327555 0.939908 -0.6500243 1.25498
-1.841827 -2.252172 1.09523 -2.200512 0.6565797
-2.008485 1.797561
