3.225239 2.127257 -2.844912 2.575871 -3.162252
2.700484 -1.145233 -2.844912 -2.242249 1.985274
-2.127522 3.225239 1.974298 -2.03388 -0.8467797
-2.242249 1.974334 2.145943 1.307773 1.925708
-2.628066 1.510954 2.297669 1.635439 2.208856
1.106792 1.435464 1.502192 1.244392 1.18578
1.82704 -2.176525 1.611683 1.23355 1.651371
1.625744 1.895181 1.412191 1.248069 1.716154
1.395163 1.210336 1.748156 -1.426801 -1.622435
1.397128 1.090842 2.10038 0.9817142 1.117635
1.630869 1.567737 1.462758 -1.71338 1.781907
1.248069 1.479919 -2.459605 2.260849 1.005583
1.101333 1.953174 2.317577 -1.474563 1.497911
1.064448 1.396747 1.185134 1.309607 1.607894
1.393476 1.454992 1.153705 2.094423 1.370153
1.624839 1.175108 0.9924401 1.352629 1.189489
1.588515 1.546324 1.041801 1.080308 1.293522
-2.561891 -1.263409 1.271234 -1.779847 -1.929416
-1.299957 -1.800155 -1.898869 1.378178 -1.33076
-1.122144 -2.137431 -1.347529 1.18578 -1.990339
-1.20457 1.106592 -1.444016 1.181069 -1.494446
-1.005854 -1.337417 -1.306031 1.401936
