2.735574 -1.865842 2.452943 1.843464 -1.475051
1.911859 -2.292568 2.241064 2.071329 1.395946
2.105701 1.336546 2.424958 2.09391 -1.458724
-1.745087 -1.396803 -1.523702 1.099348 -1.926037
1.843464 1.304279 -1.996851 1.357739 1.769151
1.529641 1.794331 -1.637403 1.886034 2.078394
1.934434 1.152681 1.058364 1.639439 1.126107
1.937582 2.190011 1.805068 0.9990445 1.915176
1.244531 2.272149 1.448356 1.859767 1.0919
1.612457 1.329556 -1.664989 -2.031026 -2.36838
2.08399 -1.810946 -2.173315 -1.371039 -1.61477
-1.17798 -1.874172 -1.873526 -2.249339 1.499952
-2.827756 -1.208889 -2.145089 -1.102989 -0.9754957
-2.215006 -0.9283903 -1.358598 1.794455 -1.04939
1.342096 1.934933 1.873178 1.887402 1.624347
1.969149 1.798332 2.133509 -1.357739 1.307749
-1.321893 -0.8408816 -2.010393 -2.644252 -1.981265
1.521938 -2.258395
