1.787991 2.128479 1.908347 1.901727 1.881256
-1.881256 -2.379933 2.098819 -1.88342 -2.466836
-2.241171 -1.6872 -1.651189 -1.950782 2.242861
-1.576755 -2.168225 -2.350684 -1.652182 0.677062
1.202653 0.5323276 1.972393 1.085818 -1.078243
-0.9068024 0.602903 1.223502 1.460588 -1.296201
1.325518 1.381733 1.277958 1.001839 -1.3556
0.8693312 0.8031294 1.002231 0.9738857 1.086346
-1.727124 -0.9002691 -0.6839497 -1.252328 -1.143581
0.9753476 -2.046255 -2.025651 -1.2686 0.710452
0.6168013 1.679883 0.7363245 0.8655872 1.129584
0.7269891 0.8689331 -1.181477 -0.9988387 1.090091
