0.838046 1.021765 0.8194267 1.370799 1.370799
1.259983 1.495465 1.342242 1.132854 1.727344
0.9704278 1.00716 1.078529 1.250851 1.247392
0.8960748 0.8014884 1.588482 1.266533 1.795043
1.455334 0.7060478 1.350472 1.133313 1.335912
1.289243 1.34084 1.069376 1.355551 1.293964
1.319307 1.599142 1.075387 0.8632649 1.313802
0.7240821 1.343796 1.281353 1.403615 1.519988
1.557516 1.086222 1.881599 -1.205915 1.143775
-1.003687 1.12401 0.7109129 0.6024465 0.978734
0.4364928 0.4364928 0.8967724 0.9166327 0.7098657
1.682031 0.8953652 1.346555 1.062065 0.858986
0.4738188 0.670705 0.6582031 0.3869882 0.791518
0.6439763 0.9311059 0.4846369 0.6892289 1.761175
0.4783771 1.07442 0.6872296 1.22332 0.6104214
0.7707615 -1.13308 0.5960327 1.276848 1.238257
0.6238827 0.6945344 1.0376 0.4938373 0.7776815
0.6573542 0.9181689 0.607941 0.8441473 0.8420469
1.253111 0.5562775 0.8582164 1.462567 0.9188267
0.8644008 0.976223 1.223123 0.5226702 0.7332886
1.160597 1.066841 0.6341471 0.7934047 0.4417101
0.6051707 0.5915233 -2.77247 0.7109129 0.9523125
-2.150574 0.7434462 -0.7434462 0.5915233
