3.034925 2.852499 2.262195 2.331582 1.909502
2.697438 -2.330009 -3.221364 2.273066 2.341777
2.297458 2.312741 2.313233 2.167362 2.321156
2.371978 2.427763 1.979036 2.386129 2.516724
-2.464334 -2.532671 -2.174256 -2.719319 1.779087
-2.037722 2.041202 2.262195 1.867991 2.254645
1.998409 2.323147 -2.320867 2.193044 4.313537
1.870275 2.239956 1.753733 2.54751 2.100036
2.622936 1.95448 1.919211 2.350756 2.45068
-2.259598 2.51163 2.178369 -2.213553 -1.743812
-2.78993 2.721635 2.414484 -2.311845 -2.954641
-2.924562 -2.468327
