2.60251 2.419649 2.465455 2.38759 -2.919159
2.783093 -2.845445 2.433494 2.636708 2.731874
2.54299 2.604732 -2.400293 2.784914 2.843334
2.453419 2.207795 -2.671466 -2.004189 2.538726
2.266761 2.460461 -2.323494 2.110998 2.031766
-2.718068 1.815831 1.33505 2.004487 2.177248
-2.374584 -2.660896 1.77354 2.982281 1.128672
2.077523 -2.117709 -2.117709 -2.126031 -2.542001
1.720308 2.07968 1.332249 -1.617458 -1.626645
2.169992 1.649883 2.333763 2.713686 1.276993
1.112001 1.80817 1.325739 1.693203 -1.563362
1.965896 -1.939326 1.593768 1.530329 2.189655
2.594501 2.008739 1.420347 1.410356 1.516526
-1.853027 -2.38695 -1.035263 1.867947 -2.200133
-1.944761 -0.9702711 -0.8055568 0.7781108 0.5294394
1.940068 -1.386492 -1.903239 -1.315083 -2.374584
2.840236 1.971392 -1.501265 -1.469746 -1.889129
0.9895717 -1.716871 1.703119 1.042004 1.203988
-1.657521 1.210548 1.062153 1.077937 -1.398431
1.108964 -0.8491332 -1.426805 0.8413471 2.01252
1.3239 0.9186827 -1.473856 1.382456 -0.9971056
-1.504518 1.506454 -0.8674086 0.7869323 1.400047
0.9733024 -0.8820944 -1.211738 -0.7820762 1.027957
0.7413953
