2.308961 2.005473 2.328584 1.55193 1.694335
2.035206 2.267766 2.172589 1.960074 2.562826
2.677641 1.715268 1.67861 2.139335 1.757416
1.694335 -2.320393 -2.529909 2.181704 2.421643
-1.693696 2.168945 -1.426536 -2.216707 1.64506
1.814288 1.953126 1.727488 1.053832 1.277106
1.444936 1.648513 0.8450909 1.999609 1.226236
2.194469 1.748874 2.038435 1.738682 2.560378
1.023845 0.7688151 2.324435 1.00682 0.9613597
4.530523 1.449936 1.495417 1.407894 1.395287
1.143626 1.9302 -1.193804 -2.172589 -1.029132
1.159503 1.159503 -1.568918 0.5946944 -2.472461
2.472461 2.472461 -1.029514 1.416405 1.049852
1.450383 1.450383 0.8392955 1.903364 1.046795
1.381662 1.671939 0.7729371 1.640497 0.83745
0.7264691 0.7482929 1.259819 1.313397 1.23602
1.294175 0.7786801 1.656802 0.9796315 -2.075204
-1.033115 1.165868 1.023845 2.324435 -1.406667
