2.522657 1.397671 2.04179 1.335475 1.787565
1.611124 1.103704 0.7978243 0.7993994 1.701675
1.895507 0.8301167 1.521257 1.655905 1.31417
1.898495 1.947382 1.106893 1.609066 0.6692606
1.823741 2.398832 2.121511 0.9466737 1.568925
1.991569 2.049462 2.148274 1.752149 2.088728
1.044748 1.218504 1.199397 1.358484 1.706225
2.403781 0.6882727 1.06392 1.870507 1.101802
1.152381 2.887443 1.202315 1.027104 1.367586
1.278495 1.13592 1.184394 0.9608225 1.216581
1.462196 0.8913854 1.372227 1.10957 1.776593
2.026194 1.297862 1.249324 4.280058 1.619565
0.8441224 1.001603 2.951809 2.02559 1.49652
1.765703 -1.088871 1.611124 1.611124 1.12252
-1.095618 2.003057 1.353359 0.7124779 -1.059553
1.996624 2.241218 1.610418 1.331416 1.811854
2.016079 2.578417 1.197426 1.301749 2.056064
0.9528416 1.348541 2.203424 1.201967 1.03552
-1.806728 1.848967 0.7963685 0.7963685 -1.520437
-2.221195 -1.224172 -1.618677 1.620446 -1.620446
1.105682 0.967697 1.922099 1.218861 1.507441
2.026194 0.8187416 2.601107 2.601107 1.202181
2.71697 1.619565 1.482893 0.9746124 1.098769
1.159959 0.86504 0.9390172 1.040285 1.496332
1.215045 1.590539 1.679004 0.8905728 1.602031
1.743646 1.221244 0.8563943 1.203861 2.697561
1.407129 1.016418 0.965179 0.9214334 2.608947
2.187435 1.487497 1.082298 0.8982123 1.110547
1.284931 0.8301167 -1.26161 2.003057 1.353359
-1.636699 -1.038456 0.9005473 2.403781 0.8106598
-2.202673 1.410961 1.184394 1.912519 0.9579077
1.202181
