3.063049 2.724145 -2.980022 3.117106 2.808207
2.917169 3.221428 2.147824 -5.276458 2.712413
2.504344 2.688642 3.205681 -3.043498 -2.976824
2.679247 2.868528 3.019855 -2.867052 2.289612
2.905229 2.757801 2.854199 3.171126 2.655979
3.063051 2.738096 -2.955536 -2.953257 -2.642719
-2.607936 -2.481088 -2.481088 -2.604388 2.900952
2.480538 2.201377 5.138309 -2.955536 -2.182576
-2.433812 -2.154486 1.187594 2.079199 -1.778406
1.932049 2.600939 -1.637628 -1.591124 2.392153
-2.13337 2.126363 1.27851 2.110523 2.00572
2.784178 2.782239 -2.077738 -1.778406 -2.28012
2.50019 -2.428293 2.600939 -2.955536 -1.009829
-1.893165 -1.579328 -2.829658 -1.755429 -1.413774
1.322947 1.320898 1.423208 0.8673741 0.7944257
1.538718 1.147952 1.06416 1.025483 1.361584
-1.138989 1.810906 0.8760651 -0.8234865 1.365523
1.081367 -0.8988524 -0.6761908 0.8069949 1.255587
-1.0401 0.9188656 1.213656 1.706468 -0.862193
0.9768046 -0.992949 1.75657 1.388686 1.014474
-1.030091 1.327332 -2.185873 -1.081589 -1.607082
1.335608 0.9869736 1.343507 -1.136464 1.55234
-1.362363 0.8897904 1.806527 1.073033 1.064345
1.284341 1.238429 1.090725 1.263628 0.9061604
-1.475481 -1.085766 0.8637443 -1.361128 1.945124
-1.148948 1.346282 1.260719 1.146099 1.128623
1.146832 1.397487 -1.929772 -1.359558 -1.135866
-1.04107 -0.987279 -0.7039963 -1.313648 -2.660532
-1.561831 -2.144985 -0.9340892 -0.7260383 -0.7101448
-1.361584 -1.893877 -1.857666 -1.316138 -1.202962
-1.142698 -2.207446 -0.9047646 -0.7523651 -0.6467792
-0.8719741 -1.171977 -1.154325 -0.9801015 -1.79293
-1.386068 -0.8462753 -0.8462753 -1.392547 -0.8702862
-1.000643 -1.407247 -0.8229296 -1.304703 -1.0401
-1.777536 -1.250152 -0.885582 -2.026883 -1.375665
-1.088219 -1.462709 -1.462709 -1.030091 -1.053158
-1.554498 1.554498 -1.009829 -0.9987603 -1.430681
-0.6736051 1.704194 -1.313524 -0.6802283 -0.7253309
-0.7253309 1.83317 -0.9284744 -1.73013 -6.167791
-2.556563 -1.85885 -1.196254 -1.262699 1.439798
1.073033 -1.073033 -1.098575 -1.307186 -0.9146634
-1.703211 -1.06976 -1.666887 -1.536305 -1.536305
-0.7101278 -1.607587 -1.077361 -0.841724 -1.375433
1.405628 -0.7032916 -1.466443 -1.466443 6.03338
-1.014459 -1.117216 -1.495397 -1.336489 -0.4942969
-1.704757 -1.115943 -1.115943 -1.306159 -0.6192812
-1.2947 -2.205382 0.7378872 0.6269172 0.8423508
0.6158416 0.9589589 0.7583447 1.279352 1.153409
1.171414 1.893877 0.7501679 1.150738 1.241222
1.125636 0.6997183 -1.038065 1.199062 0.77734
0.6254342 -0.5631577 0.936618 0.8879112 0.9089456
0.5371071 -0.6359226 1.309909 0.4836308 0.879971
0.7837344 2.190399 0.7682907 -2.461804 0.5500464
0.9893522 1.170351 0.8833279 0.7815735 1.161306
-0.719178 0.6747294 1.605069 0.7552735 1.066922
1.342156 1.058774 0.9715319 0.6774579 -1.553015
0.7553064 -0.8449042 1.648645 1.007033 0.7252023
-1.103402 0.5522256 -1.869531 1.793281 1.025797
1.659321 1.505204 0.5981972 -1.426736 -5.945622
-0.6269172 -0.6269172 -0.987279 -0.9256396 -0.7535097
-0.7681371 -0.4978519 -1.174259 -0.77734 -0.9768046
-0.6359226 -0.8268539 -1.261447 -1.063095 -0.9546687
-0.7490753 -0.8606858 -0.690396 0.8099357 -0.7099303
-1.569448 -1.512567 -1.572521 -1.869531 -0.7464262
0.6758618 -0.7943939 1.146099 -0.9497112
