1.761489 1.657451 1.968921 1.405392 1.873204
1.822163 0.9034664 2.43128 1.656336 1.013779
2.038123 1.694169 1.230755 1.40635 1.371765
1.808191 1.574846 1.035006 1.595646 1.845185
-1.425729 1.342913 -1.434865 2.928638 -2.222729
1.656336 -1.533115 1.693704 1.693704 1.10707
-1.558564 -1.558564 -1.867035 -1.090356 -1.202679
-1.763839 1.684427 2.606824 2.606824 -1.212903
1.344143 1.002259 1.308014 1.144191 1.252845
0.7944981 1.500769 0.852578 2.381162 1.112218
0.7350908 1.071972 2.578179 1.223371 1.567293
1.199907 1.594833 1.176079 1.310606 1.408449
1.172837 1.369732 1.698129 1.536985 1.183039
1.382838 1.371694 1.553304 1.017815 2.275555
1.014013 1.425861 1.151478 2.38451 1.313234
-0.7661372 0.7017392 1.932499 1.960739 1.960739
-2.578179 -2.153284 -1.201892 -1.117506 2.606824
2.606824 -1.212903 2.357835 -1.679922 1.216785
-0.8559023
