2.865737 2.945891 2.816582 3.043413 2.758859
-2.898744 -2.9659 -2.465764 2.097624 2.696937
2.845397 2.699433 2.845408 2.084367 2.901554
2.797829 2.726498 2.407529 -1.947149 1.714839
2.192639 1.651491 1.910878 2.055001 1.683516
1.807392 2.346549 2.132425 2.036823 1.917761
1.617213 2.195527 2.458412 2.116394 1.75121
1.910238 2.442711 2.718847 2.564409 1.856838
2.20384 1.822685 1.837505 1.831794 2.050034
1.833939 1.543583 1.613235 1.69052 1.728016
2.018252 2.33115 1.800946 1.79673 2.931476
1.892249 1.85765 1.500463 2.552213 2.032705
3.583374 1.803773 1.750986 2.176709 1.97395
2.052857 1.605612 1.808038 2.545876 1.675561
1.748288 1.432223 1.607366 1.683516 2.575736
2.336105 1.807392 1.837766 -1.75121 -5.049606
1.401156 -2.191863 -3.738857 1.856838 -2.371197
-2.423277 -4.751918 1.396651 2.198065 -2.180581
2.082148 2.512056 -2.105944 1.718782 1.924286
1.51687 1.596982 1.596982 -2.096576 -1.663814
