3.102674 2.829495 2.488918 2.771161 2.240532
2.39847 -2.678831 -2.271091 3.076416 2.644071
2.584974 2.699442 2.401763 2.600004 2.278957
2.835332 -2.631909 2.082621 1.684266 2.69225
2.167758 2.128728 2.369761 2.565467 2.507765
2.093179 2.505101 2.06302 2.505654 1.972777
2.902512 -2.51013 3.178352 2.767835 1.155024
2.295888 2.561379 1.998599 1.225039 1.670383
1.923995 2.475155 2.810286 2.197116 2.069405
2.163402 2.751654 2.447065 2.432018 1.285707
2.034741 1.972903 2.259959 1.258525 1.995612
2.63826 1.589859 1.849266 2.206219 1.732614
2.941666 1.844929 1.951836 4.951731 2.123523
2.394317 2.182492 2.493601 2.038772 2.216925
1.92915 1.067093 1.598504 1.878644 2.128728
2.128728 1.757049 2.380543 2.59929 1.640295
-2.019488 1.613743 0.8015619 2.578057 2.757414
-2.04758 1.000866 -2.163073 1.643866 0.849857
1.236926 1.005419 1.008973 1.532893 0.6839798
1.200873 2.576976 1.51091 0.8756675 1.345456
1.16222 2.478479 1.255709 2.321406 0.7849523
2.24097 0.7702782 1.606725 1.466755 0.5407524
1.613603 1.479577 1.050937 0.8358688 0.6263207
1.393148 1.511157 1.222333 1.367524 1.624563
1.478578 0.9941175 1.313808 0.8806439 1.745305
1.570359 1.353776 1.375717 0.7986329 1.008865
1.134206 1.712771 1.086605 1.27916 1.700652
0.704402 0.7620656 1.000527 1.080175 1.655401
2.321406 0.8057133 0.6961452 1.512931 2.642695
-1.541529 0.6588805 1.049516 1.049516 -1.810212
1.322771 1.430745 1.378694 2.024755 1.818704
1.877567 1.3791 1.287655 1.341132 2.653079
1.517529 1.330907 1.477043 1.700442 1.789539
1.493064 1.503603 1.275151 1.256251 2.06938
1.316214 1.313681 1.552342 2.395891 -1.234616
2.158532 -1.614362 -1.071655 2.148276 -1.657388
1.706338
