2.331865 2.901825 2.55877 2.517612 2.88346
2.502536 -2.85264 2.60926 2.233358 2.330711
2.35262 2.51493 2.266409 2.172997 2.574493
2.979797 2.681479 2.894309 1.926421 2.334761
2.838986 2.587741 2.493071 2.195643 2.493386
2.479425 2.314913 2.398687 2.46093 2.482271
2.421325 2.646733 2.381957 2.727968 -2.279728
2.866454 -2.190112 2.539973 2.619933 2.340617
2.642177 1.96614 1.9877 2.349233 1.866163
2.154123 2.255623 2.249688 2.093768 2.015323
2.598653 2.411435 2.249652 2.974418 2.174488
2.128867 2.408525 2.659534 2.380741 2.155311
2.205107 1.674059 2.120799 2.735357 2.879186
2.319015 2.482919 2.100203 1.901387 2.162457
2.249237 -2.497488 1.954358 2.427632 1.553907
2.137212 2.195607 2.051354 2.854251 2.293947
2.17591 2.356655 2.392034 2.210183 2.568218
2.15593 2.009468 2.402873 2.730342 -2.229312
1.950749 2.694351 1.91434 2.573345 2.476608
2.34427 2.353113 2.749501 1.937521 2.234074
2.539973 -2.165071 2.145349 2.213379 -2.320341
2.410253 2.610718 1.980385 2.844251 1.970149
2.531269 2.692227 3.986949 -2.321985 2.413892
2.290236 2.402491 2.299663 2.196026 2.599496
-1.678528 2.223101 -2.310509 2.439181 2.472558
2.252131 2.37658 2.482138 2.471661 1.988247
2.037162 2.022158 2.615397 2.079196 1.793885
2.362123 2.804106 -2.743928 -0.9994668 -1.6493
-2.093768 2.423812 2.015323 -1.009732 2.269603
2.269603 2.295288 -2.482919 2.979797 -2.162457
-1.584393 -1.938324 -1.924196 -2.10711 -1.188666
-2.088624 -2.334761 -4.962229 2.442834 2.587741
2.587741 -1.771726 1.916717 2.910785 -1.749604
-0.9586004 -8.458558 -2.29169 -2.573345 2.284586
1.570403 -1.345131 2.82617 -2.19393 2.052482
-1.971547 -1.831087 -1.083582 2.340617 -2.31872
-2.005306 -2.284615 -1.178286 -1.408054 1.996621
-1.959684 -1.875188 -2.471661 -2.564881 2.482271
1.769197 2.367442 2.198798 -1.856872 -2.079196
2.362123 -1.622595 -2.23651 -2.385527 2.085273
2.546172 2.040245 1.986986 -2.694552 2.084535
1.738611 2.340092 1.778061 2.118131 2.498515
-2.033244 1.630614 1.962076 2.119222 1.78224
2.038549 1.582687 2.276088 2.345061 2.36181
2.395647 -1.985877 -2.203302 2.45812 2.62714
2.002937 2.347799 2.260071 -2.020112 2.636312
2.001012 2.145071 2.24365 2.231051 2.105673
1.917618 2.371929 2.490308 2.325891 1.900379
2.271195 1.883485 2.87153 2.488432 1.768842
2.001477 -2.092841 1.823847 1.808777 2.699615
2.317634 1.786406 1.766258 2.591977 1.957268
1.675974 1.876955 2.597592 -2.850924 -2.148949
1.828289 -1.743745 -1.875175 -2.03481 1.951553
2.498763 2.443248 2.130619 2.381628 1.779922
2.170967 1.801682 1.882936 2.66011 1.636801
2.590781 2.3729 1.754922 2.359665 1.780618
-1.947273 -1.950802 4.909391 2.188078 1.960644
1.768584 1.83683 2.531827 2.208682 2.15267
2.631729 2.360843 1.834013 -1.867395 -1.865436
-2.040245 2.040245 -1.775836 -1.955901 -2.598653
-2.56551 2.951369 2.951369 -2.155311 1.68197
-2.738659 -1.919481 -1.624093 2.092505 -2.233979
-1.545671 2.979797 -2.24064 -2.249237 1.553907
1.553907 -1.033994 -1.6029 1.881382 1.835721
-1.727891 -2.667953 -2.007588 2.187934 -1.500121
-2.051354 -2.365246 -2.541944 -2.587741 -0.7508999
-1.609976 2.10624 1.771134 1.431808 -1.713923
1.873042 1.937521 -1.394966 -1.506633 -2.165071
-1.264848 -2.145349 2.410253 1.802455 -2.359665
2.343206 1.959684 -1.948089 2.874934 -1.896435
-1.721865 -2.664065 2.037162 -1.832024 -1.910379
-1.856872 -1.952183 -1.793885 1.592186 1.551641
0.9388774 2.100501 2.875132 1.924792 1.923383
1.953784 -1.643673 1.396549 -1.652811 1.462572
1.790805 -1.553899 2.224124 2.021244 1.147927
-2.478645 2.035392 1.950813 2.001616 1.749098
2.198957 1.825928 -1.619625 -1.193175 2.135319
1.296779 -1.408678 -1.116317 1.811478 1.874744
1.972202 -0.9596091 -1.684089 -1.276302 -2.03481
2.498763 -1.920526 1.636801 -1.824216 -1.154745
-2.198548 1.480354 1.496001 2.02165 2.158373
1.904247 0.984712 -4.293237 1.583769 1.601026
-1.210758 -2.373967 1.592866 1.339005 -1.850866
1.661172 1.660546 1.55033 1.580755 -1.279779
2.338704 -1.18002 1.378218 1.297556 1.690366
1.499627 1.456299 1.631525 1.274793 1.154852
1.49257 1.639946 1.61281 -1.100715 -1.297473
1.326246 -1.419107 1.963843 1.286191 1.176489
-1.508172 1.316332 1.443712 -1.361712 1.60633
1.417346 1.526548 1.662211 1.546893 1.667086
1.45618 1.427 -1.524801 0 1.632033
1.234019 1.412795 1.464967 1.393009 1.482745
-1.009375 -1.186321 -1.200197 -1.278089 -1.553678
1.459355 -1.610009 1.59035 -1.88328 -2.340092
-1.251766 -1.191266 -2.029954 -0.8828595 -1.814471
1.601026 -1.522396 -0.9490948 -1.674059 -1.050992
1.255673 -1.399568 -1.598376 -1.485002 -1.3295
-1.299242 -1.141469 -0.9532287 -0.9391825 -0.9391825
-0.6748199 -1.491838 -1.536273 -1.574801 -1.533151
1.882856 -1.359743 -1.18002 1.551841 -1.464131
-1.67295 -1.553899 -1.506739 -1.18932 -1.355286
-1.712484 1.712484 -0.9596091 -1.49277 -1.226751
1.794287 -0.8440142 -0.9349082 -1.675974 -2.014774
-1.320254 -0.9830163 -1.92655 -1.361712 -1.101384
-1.634998 -1.149923 2.225942 -1.262424 1.559034
-1.375245 1.375245 -1.654418 -1.016978 -1.61615
-1.630013 -1.391039 -0.7736459 -1.847005 -1.503686
-1.672229 -1.433469 -1.157718 -1.272878 -1.227963
-1.358039
