2.772743 2.966773 2.767378 2.604716 2.874875
2.897617 2.523751 2.772743 -1.656247 2.98113
2.456772 1.561108 2.446227 2.526677 2.642372
-1.982248 -2.118631 1.971951 2.052332 2.933001
2.085593 5.013214 1.319006 1.688893 1.209171
0.8813481 1.49313 1.080946 1.98151 0.9852639
1.093883 1.248555 1.259035 1.380986 0.820552
1.373298 1.080756 1.539505 2.98113 1.54586
0.8596313 1.371546 1.60516 1.535015 1.126883
1.348566 1.086332 0.9933122 1.570032 1.239541
1.341475 1.716369 -1.633291 -1.346893 -2.023463
-1.352038 2.574109 0.8618659 1.260856 -1.926006
-1.892239 -1.485122 1.944431 -2.373894 -1.855238
5.013214 -1.603117 -1.568355 3.816747 1.659591
1.52575 1.282201 -1.623656 1.758907 1.90027
-1.578373 1.823074 -2.050531 1.455786 -1.351194
