-1.09532 1.012571 1.194335 0.8086947 1.196839
0.7711426 2.145983 0.6400884 0.9774502 1.008399
2.253693 0.6626416 1.024374 0.5953713 2.208646
2.182165 0.9717694 1.36471 0.8500828 -1.03718
0.8953365 0.763641 1.182135 1.267577 3.080944
1.071123 0.7954868 0.8441752 1.094798 -0.9556839
0.8818631 1.776087 0.8236665 0.8901235 0.6989618
1.038234 -2.168523 -1.794884 0.9165333 -1.215538
0.8243489 -1.200258 -1.164379 -1.086335 -1.038183
-1.497591 -1.516426 -0.7582816 -1.829068 1.175457
-0.9474797 0.8496077 -2.071833 -1.752865 -1.376313
1.194315
