1.599869 1.791939 2.438263 1.735125 1.851716
-2.217475 2.260761 1.948769 1.61185 2.197118
1.671552 2.330735 1.948112 1.999988 2.19029
1.921354 2.44226 2.366298 2.008871 2.081438
1.925031 1.916582 2.389227 2.551849 2.391372
1.88342 2.157551 2.56602 1.765655 1.912992
1.609512 2.052796 2.052397 1.763107 2.433659
1.225163 1.561694 2.153833 1.47969 2.413202
1.637447 2.824298 2.078908 1.898227 1.635409
2.266386 2.039108 1.74433 1.767068 1.940957
1.627027 -2.295707 1.931252 1.902736 4.318551
1.810195 1.999195 1.791877 2.159713 1.710203
-1.910308 -2.189419 1.269254 1.770295 3.106966
3.432586 2.177967 -1.920319 -2.017509 -2.076552
1.931979 -1.810195 -2.737964 2.737964 2.737964
1.787514 -2.919706 -1.778654 -1.92361 1.92817
1.708998 1.639129 1.787065 2.126632 2.374075
2.083431 1.794269 1.570198 1.781319 3.046707
1.986011 1.920956 1.586285 2.387613 2.994577
2.269398 1.726263 2.220295 1.648216 1.606232
-1.787514
