1.380749 4.470875 1.68214 2.103354 1.171373
1.801597 1.111596 2.316116 3.644334 1.987247
1.612335 1.731405 2.003982 1.351338 2.31737
1.814343 2.51397 2.064719 1.426814 2.054028
1.241497 1.352465 1.910794 1.215492 1.070969
2.003344 1.575395 1.395922 1.963843 -2.545904
-1.541492 -1.695217 -2.511638 -2.516117 -1.71115
-1.400126 -3.001812 -2.224709 -2.444649 -1.815611
-2.156728 -2.290324 -2.154154 -2.555423 -1.478506
-2.423932 -2.239254 1.466906 2.041046 -2.128922
2.240184 -1.56199 1.45482 -2.478631 1.429223
-1.720304 -2.24685 -1.774375 -1.74421 -1.889836
-2.299035 -1.949314 2.338306 1.838837 1.983899
2.454735 1.968613 1.836217 -2.542738 -2.310352
-1.879277 2.003982 -1.405369 -1.680059 -2.306918
1.352465 -1.889836
