2.088448 1.255198 2.533888 0.6033089 -0.5939748
1.605455 1.890294 1.128478 0.8449435 1.158771
2.472528 0.7856702 0.6110185 0.8644148 1.302104
1.697123 2.779259 0.7576024 0.7171833 0.8084599
0.8833192 1.774261 0.6688808 1.363374 2.126103
0.9358116 1.297297 -1.304383 1.461055 1.296487
1.094698 1.523211 1.327956 0.8871737 0.6895488
0.9371198 1.623964 -1.03012 0.6299027 1.125451
0.8304238 -1.256551 0.8245508 1.27925 1.124314
-1.647329 -1.890294 -0.897037 -1.777737 -1.33735
-1.075721 3.131209 -1.465024 -0.9888706 0.4981611
-1.106124 -1.446259 -0.7267852 1.584678 -0.8911679
-1.821873 -0.887041 -5.896531 -1.762062 -1.304383
-1.169851 1.169851 -1.508034 -0.821509 -1.054469
1.114302 0.5105038 1.06224 0.9502029 1.616939
0.5925476 1.890294 0.8616374 0.6196148 0.7708105
0.8390264 1.217188 1.145468 0.5132663 0.5949934
1.455822 1.03385 0.6533443 0.8674303 0.571952
0.5296798 1.790857 0.6960115 0.7114287 0.6715024
1.026703 0.8178475 0.8094632 1.075845 1.639113
0.7148332 0.8171631 0.651906 2.033717 0.8798497
1.672354 -1.813229 -6.247724 -1.831542 -2.091725
-1.691427 -1.261293 -1.03012 1.639113 -1.234096
-0.8027984
