2.398079 2.782686 2.833402 2.531205 -2.354703
3.238259 1.420336 1.164976 1.469241 1.355485
1.439133 2.352223 2.178651 1.231147 1.500895
1.928537 1.869326 1.817141 0.9803674 1.137338
0.9896858 1.07604 1.91145 1.062667 1.577264
1.685126 1.026149 1.195174 1.038882 1.071182
0.844183 0.9656821 1.335897 0.9297687 0.9467252
0.8490369 0.8245959 1.084502 0.927069 1.620628
1.347039 1.058803 1.518207 1.600446 2.596406
1.3561 1.944617 1.17863 1.514424 2.552044
0.8222956 0.8055344 1.226525 1.506288 1.232071
1.296259 2.346794 0.9707004 0.6917183 1.271349
0.6595835 1.274595 1.065538 1.313954 1.099841
1.521479 1.823765 1.317241 1.176893 1.540305
0.7252171 1.158671 1.3322 1.06302 0.8579537
1.143214 1.064735 2.954175 1.088682 1.394657
1.275653 2.289703 2.0573 1.002699 1.098784
1.233826 0.8361739 1.725669 1.36874 1.50534
0.9732025 1.290013 1.947502 1.343458 1.003791
1.486027 1.017562 1.789071 1.251479 1.449032
1.566876 1.049975 1.116137 0.8813664 0.8129123
1.343813 1.521553 0.8928383 0.9314606 0.9790259
1.620581 1.307792 1.117492 1.199989 1.417111
1.101083 1.093269 0.9356298 2.167088 1.260856
-1.688716 -1.452077 0.8323333 1.624061 1.903167
0.9163592 1.569424 0.8864253 1.387629 1.403854
2.583286 1.499286 1.398361 1.002803 1.123314
1.338916 1.224184 0.8177558 1.414198 0.8127178
1.534504 0.9824405 1.031143 1.581323 1.360634
1.202325 0.7712305 0.8915742 1.409074 1.848734
1.201197 1.429562 1.576568 1.259948 1.137769
1.271056 1.305657 1.256168 1.895892 1.937942
1.63681 1.011043 -1.699729 -2.206389 -2.336944
-1.00864 -1.239421 -1.271349 -1.075661 0.9428052
-1.270871 1.569424 2.245916
