3.154624 2.888955 2.014883 2.759905 -1.745593
1.415917 1.892827 2.529802 1.228364 1.755848
1.469712 1.509909 1.847862 1.769224 1.658798
-1.379593 -1.703247 2.759905 1.469643 2.033157
2.478753 1.50414 1.595327 0.8447915 0.9813469
1.603106 1.308892 1.149102 1.277475 1.583832
1.060139 1.191791 1.041286 1.760077 1.495003
1.283785 1.762104 1.131624 1.068756 0.8908743
1.298617 1.185244 1.271514 0.9662983 0.9759146
1.194047 -0.9099493 -1.164088 1.72332 -2.604668
1.207692 1.112341 1.405113 1.405113 -0.7398307
1.424987 -1.212534 1.445188 1.817241 1.300011
1.080305 0.8747406 1.165618 1.881973 0.7457143
1.326278 1.375086 1.366841 1.322473 1.656619
0.8620059 1.608209 1.263645 1.592485 1.105271
1.512763 -1.249563 -1.326278 -0.8854401
