1.401122 1.309565 4.773474 1.398154 1.395922
1.666585 1.952286 1.260513 1.757609 1.410109
-3.54654 1.877914 1.699743 2.679921 1.696432
2.052544 1.346724 1.760051 2.146683 1.413981
1.534305 2.682859 1.838075 4.56234 1.443164
1.604703 1.127802 1.39091 2.072765 1.271427
1.652233 1.596355 1.745222 2.059112 2.712265
1.715992 1.969395 1.617811 -1.436044 3.174998
-1.626638 1.384854 2.339093 -1.472398 1.973675
2.072582 2.084965 1.370304 1.329961 1.505902
2.552411 1.703741 1.936873 1.837789 2.662561
1.776344 1.53282 1.665169 1.548967 2.161511
2.401504 1.812183 1.930115 1.437857 2.561882
1.842633 1.849739 2.484835 1.903118 1.381409
1.183313 2.682859 1.39091 1.358308 2.032503
1.843227 1.971415 1.592602
