2.384277 2.894677 2.219532 2.346355 2.492883
1.967955 2.057159 2.147504 2.308878 2.666386
1.750885 2.146938 2.012869 2.382414 1.936355
2.438964 2.500717 2.509192 1.66911 1.551841
1.934225 2.379684 2.291636 2.117239 1.460837
2.085661 1.725203 1.556531 2.441235 1.995152
2.212783 2.295908 2.080302 1.457853 2.388986
2.172919 2.329432 1.772086 2.42409 1.820656
1.910967 1.429883 -1.391956 1.491098 -1.950751
1.550686 1.644658 2.229842 4.28369 1.608856
1.121178 1.779667 1.541492 1.766586 1.526188
1.610837 1.530781 2.047241 1.864521 1.934842
1.442787 2.312679 1.646611 2.017537 1.644895
1.899509 2.530663 1.338162 1.85141 1.544359
2.071305 1.934225 1.517728 1.572569 2.100658
1.922537 1.655838 1.218075 1.779496 2.647142
2.432444 2.182232 2.275763 2.416095 1.485105
4.490788 1.534663 1.7677 1.460146 1.434773
2.569534 1.927008 1.684545 1.564045 2.373907
2.051479 2.367006 1.887543 1.592072 1.884061
1.464279 1.322119 2.260734 1.928523 2.074626
2.639341 1.529209 1.679682 1.525893 2.365894
1.898315 1.813851 1.540823 1.394023 1.121178
-1.530781 2.012869 1.052539 -2.235703 1.276101
2.076306 1.275352 -1.747971 -2.094934 -2.501699
2.609343 -2.104425 2.061481 -2.449347 -2.029818
1.840385 -1.26002 -2.456488 2.295908 -2.602574
1.969583 1.606159 1.330482 -1.535448 2.118606
1.105647 0.9314927 1.178191 2.097569 2.35643
1.645576 1.563681 1.869735 1.386659 2.390046
1.875029 1.940003 2.464501 1.672854 1.549664
2.220411 1.667962 1.572802 1.922595 2.083405
2.243454 2.347297 2.127524 1.821858 2.77337
2.180073 2.30763 2.051925 2.237166 2.180361
1.868096 2.004353 1.585236 -2.774274 1.703684
1.515949 1.823617 2.021064 2.521939 2.673347
2.353611 2.160383 1.739659 1.761047 2.205409
1.756035 2.551264 2.115456 1.747974 2.131354
-1.373569 2.143572 1.794447 1.517728 1.275352
1.450569 -2.416095 -1.564045 -1.886731 1.826793
1.945353 1.456243
