2.264612 2.263034 1.628318 2.09836 1.572348
1.50783 1.829169 1.376343 1.06549 0.816476
1.696753 1.203281 1.732581 2.10643 1.961967
0.9614025 1.330452 1.276162 1.393637 1.288127
1.040046 1.923484 1.447063 -1.195177 2.263034
1.068618 -0.9906176 1.746634 1.371997 2.203887
3.870698 1.197013 1.766648 0.6658508 1.132528
0.9068371 1.870881 1.010082 1.345643 0.9971507
2.630984 1.511835 1.210309 0.9670969 1.066901
1.299783 1.914592 1.556386 1.521921 0.8674575
0.8651152 1.80372 1.131665 1.168342 1.105164
1.063512 -1.464706 1.280633 0.8921956 -1.051123
-1.46808 -0.8928374 -0.8069867 1.298356 -0.8661285
