2.695062 2.456833 2.445192 2.699912 1.713647
2.674014 -1.693967 2.244233 2.01337 -2.148899
1.698081 1.990449 2.341524 2.142837 2.548048
2.413038 2.32622 1.642589 -1.21518 1.903347
1.592612 -1.16142 2.28351 1.866349 -2.11484
1.645375 2.077309 4.465573 2.615528 1.999167
2.374946 2.269978 2.687907 2.461093 2.079061
2.245691 2.411642 1.939822 1.516362 1.624446
1.655566 -1.741729 1.898261 2.276386 3.229669
2.28285 1.817512 1.807841 2.388385 2.058113
2.207513 2.550577 1.489369 1.903797 2.006175
2.076716 2.077309 -1.321017 -1.672884 2.268671
-1.974922 2.562278 1.790758 -2.336168 1.888348
2.063831 2.045475 1.983825 2.128337 2.190936
1.873054 1.833113 2.447295 2.295867 2.562278
1.961806 2.024134 1.996329 1.634903 2.237031
2.547318 -1.466509 1.723959 1.577292 -0.7043561
1.888613 -2.039146 1.51313 1.838262 1.632584
1.383358 1.849111 1.787223 1.8906 1.637807
1.833308 1.742051 1.9352 2.394999 1.585357
1.137509 1.830709 2.170752 1.300657 2.06139
1.602714 1.428383 0.814479 2.178117 2.114678
2.027423 1.177213 1.493041 1.446049 2.457452
1.88366 1.407998 0.9512912 2.346552 0.9673161
1.267367 0.9722808 0.7546153 1.635881 1.313699
1.161059 1.131016 1.367458 1.980889 1.428629
1.931962 1.643426 1.545846 1.331909 1.839753
1.374523 2.058674 1.522583 1.20695 1.501487
2.170433 -1.017427 1.813173 1.219445 -2.893512
1.585357 -1.124556 3.229669 -1.553154 1.021065
1.838395 1.692227 2.392315 1.690984 1.037226
1.555652 2.549321 2.549321 2.549321 -0.8277671
1.496917 1.55229 1.506764 1.291599 1.547214
1.50378 1.474578 2.401416 1.449617 1.700272
1.487974 0.9267079 0.8870762 1.733957 1.595087
2.032478 2.577778 2.15254 1.321266 0.9406079
1.079353 1.11475 -1.172459 1.813173 -1.566148
-1.758663 1.378898
