2.899157 3.052323 2.807752 2.067334 2.682047
1.695348 2.190372 0.8807594 1.830349 2.793856
1.869603 2.039245 0.7580723 1.003167 1.181627
1.001484 1.447905 0.9625085 1.678516 0.9310258
0.9580598 1.199438 0.6863418 0.536687 0.9559898
0.7176574 1.551856 1.554299 1.49152 1.97265
1.21689 1.006233 0.535417 0.9385649 0.580132
1.338401 0.9254986 1.020473 1.083517 1.539397
1.322691 1.53484 3.016026 1.706058 0.6438516
0.5236273 1.01312 1.511399 0.7267572 1.25883
1.131463 1.474539 0.9308799 0.9448552 1.236624
0.8291775 1.089091 0.7098918 1.617565 1.780024
1.40494 -1.849688 0.6406001 0.6406001 2.067334
2.067334 0.6089326 1.577563 0.6863418 1.93677
1.020473 1.696351 1.141024 0.8012683 -1.720522
0.7134645 0.7134645 2.567413 1.138748 1.251767
0.6884011 2.90197 1.470354 1.470354 1.358224
1.513848 1.857598 0.4664388 1.106115
