2.956179 2.761699 2.254702 2.389477 2.791002
2.730162 -1.97961 0.995875 1.86989 1.513131
1.840867 1.467256 1.65059 2.367954 1.853337
2.402496 1.928091 2.210453 2.680936 1.466066
2.433083 2.203864 1.677954 2.345147 1.978018
1.413559 1.07314 1.891491 1.56926 2.065521
1.926131 3.05985 2.731336 1.299944 2.048939
1.762871 1.727476 2.206993 2.572034 2.379417
2.135425 2.069738 1.741435 2.34828 3.263163
2.078468 2.377937 2.029275 2.287497 1.190282
2.448252 -2.901332 1.456621 1.456621 -2.456913
1.167772 1.520642 2.071918 -0.9588162 0.8645652
2.644248 2.885241 2.885241 2.249264 1.197597
1.222088 2.254702 -2.401503 1.343286 1.636091
1.148014 1.520599 1.503515 1.121393 1.166348
2.028312 1.373957 0.9465695 1.31035 0.813509
1.075241 1.292734 2.473716 0.6951886 0.7912617
0.9123691 1.131475 1.691443 0.9118869 2.3031
1.383103 0.7598464 1.098182 1.396092 1.046529
1.743605 1.418643 1.335992 1.636168 0.907363
1.696938 1.328567 1.296408 1.47917 1.284347
1.742502 1.157073 1.452656 1.632484 1.442073
2.081766 1.859581 1.217849 1.15844 1.752333
1.098099 1.381978 1.513095 1.248793 1.491898
1.145354 1.749348 1.732081 0.8724142 2.541137
1.079164 1.547319 2.001587 1.77601 1.226312
1.096768 0.6863186 1.356085 1.564143 1.411721
1.799179 1.081614 1.704667 1.539263 1.050344
1.503515 -1.335194 1.935222 1.540426 1.302002
0.933641 -1.254794 2.078468 0.7989442 2.140728
1.333341 -1.861506 0.6986935 2.473716 0.8137235
3.247338 -1.196241 0.9797932 2.178868 0.9744673
2.110122 1.228494 1.466066 1.338025 1.174399
1.116522 0.5052863 1.746914 0.9881905 1.297576
0.8576277 0.9489448 1.47917 1.700681 1.157073
1.776999 1.820038 1.589191 1.539006 1.791237
1.486319 2.467363 1.827423 2.001089 0.8793214
0.9329183 0.9067431 1.437994 0.8645652 0.9670736
5.102502 1.450473 1.105378 2.986589 -1.586287
1.078497 2.50782 -1.267118 1.558482 -0.958184
1.091344 1.045401 0.7750792 1.117689 1.868081
2.587999 0.920477 1.678829 1.227723 2.111053
1.595627 1.709001 2.157026 1.33358 0.9380564
0.9876367 0.9203514 1.745008 1.537795 1.140275
1.244361 0.6448518 1.029842 1.414669 1.123136
1.24406 0.8774448 1.291382 1.204048 1.265691
1.677785 1.80452 1.42084 1.096484 1.116682
1.725911 1.524739 1.245535 1.425972 0.7982613
1.518337 1.06705 1.068045 0.8495707 1.085231
1.182688 0.9538862 2.027609 1.126743 1.146103
1.549141 0.9940127 1.088449 0.9886582 1.767179
1.246891 2.285943 0.9298489 1.738984 1.452773
2.34828 0.6657397 0.848182 1.254794 1.051072
0.8822669 0.9876367 1.231307 2.473716 1.185254
0.7721634 1.111236 1.359917 1.48041 0.886789
0.7598464 0.907363 -2.344097 0.7896216 -1.700681
1.017414 1.017414 1.776999 2.056097 0.9144297
1.289694 1.749348 -1.749348 0.9067431 1.096768
1.727548 0.4497288 0.8718707 1.447965 1.388366
2.170323 1.09253 1.312496
