3.09851 1.815734 1.6683 1.171965 1.63112
2.114459 1.457068 1.88861 1.786632 1.443517
0.94483 0.9637507 1.55794 1.920858 1.022645
1.876953 1.439137 1.459558 1.823869 1.277704
1.086866 1.420489 1.487323 1.231524 0.8107156
1.576569 1.618208 0.9579377 1.460384 1.47862
1.6683 1.144209 -1.267293 -1.244793 1.489134
1.459558 1.927718 1.941079 1.226055 1.798234
0.9566268 0.6341009 1.010253 0.8447982 1.18378
0.6645208 1.656609 0.7301399 1.042613 0.9385736
0.5200094 1.238771 0.6970808 1.81426 0.5265256
0.5209239 0.8581986 0.8262003 0.504217 0.7336028
1.4757 0.3259822 0.9465748 0.9054853 0.7833941
1.043249 0.5497548 0.7345963 1.390474 0.8171984
0.5847219 0.3807422 1.174492 2.585622 0.7551371
0.6891577 0.7280457 0.6252965 1.077384 0.7452349
4.173691 0.5152635 0.6222626 1.236696 0.4554853
0.8121162 1.10026 1.498361 0.7228007 0.4664521
2.075652 1.358722 0.7346919 1.31765 0.7997601
0.4918109 0.9087042 0.9965725 0.4825377 1.256562
0.9327126 0.6503431 0.6341461 0.5142792 0.709825
1.056602 0.7721602 1.232965 1.013509 1.22666
1.22666 0.9190116 1.693718 -1.313453 0.8072603
1.31765 0.8772894 -0.6747141 1.25799
