2.31355 2.09913 2.439958 2.158405 2.791367
1.69701 1.395917 2.220164 2.052187 2.173152
2.025097 2.219536 1.844117 2.525771 2.180309
2.043833 2.27047 2.163027 1.647938 2.0295
2.478447 1.419855 1.753539 1.249031 1.618327
1.442609 1.694036 1.32879 1.342294 4.158463
1.780559 1.660177 2.232269 1.830081 2.209427
1.192538 1.897012 1.719315 1.940943 1.295341
1.721767 2.318262 1.409154 2.276204 1.830883
2.094171 1.919997 1.910853 1.706823 1.118803
2.262589 1.325581 1.407903 1.354462 1.398116
1.29487 1.275897 1.113649 2.215674 1.27034
2.047784 1.683014 1.15845 1.325072 1.434382
1.780245 2.180309 1.763471 1.595968 1.260947
0.9390286 1.259364 1.014232 0.9382424 1.415284
2.332476 1.699704 2.030048 2.043217 1.557154
2.203805 2.108887 0 1.585627 2.106183
2.132882 2.044248 2.321082 1.930733 1.814117
2.155183 2.130556 1.959653 1.782516 1.913791
1.741445 2.212443 2.894813 1.896267 2.346183
1.897012 1.639326 4.164895 2.321989 2.345931
2.57262 2.185468 2.417877 2.221469 2.045965
2.275352 2.417151 2.43454 2.047154 2.304211
3.372049 2.323374 1.654347 2.394422 2.106183
2.229682 2.229682 2.915695 1.716867 1.629784
1.722718 2.275083 2.619132 2.011199 1.902336
2.536576 2.175519 2.633769 2.281039 2.315855
2.207306 2.38783 2.457429 2.007142 2.634127
2.400692 1.985659 1.940871 2.37084 2.387275
2.297359 2.341385 2.198492 2.41912 2.402594
1.731704 2.106032 2.109191 2.264634 3.372049
1.971981 2.089622 2.541574 2.300727 2.272596
2.330288 1.771715 2.209929 1.98985 2.245221
2.141141 2.140926
