2.215812 2.508234 -2.073294 1.923173 2.634394
-2.321882 -2.546106 1.393981 -2.499213 2.134569
1.873213 1.910838 2.277285 1.733797 2.25573
2.028547 1.68381 1.139894 1.962235 2.042681
1.757502 1.642174 1.601584 1.354341 2.106758
1.480683 1.69058 1.460642 1.7497 1.888073
1.832296 2.171275 1.685154 1.28907 2.064581
1.2561 2.411033 1.638286 1.789521 1.170301
1.709857 1.493151 2.294437 2.052811 2.46202
1.401012 1.264296 1.327781 1.557981 1.419643
1.119382 2.389613 1.977108 1.796725 1.243566
2.014741 1.139848 1.852068 2.854689 1.497075
1.290577 1.351509 0.999447 1.250401 2.601316
1.893124 1.035148 1.818672 1.514416 2.797774
3.171779 1.910838 1.910838 -1.083909 1.248525
1.893237 0.7779825 2.204122 1.450443 0.829958
1.943658 0.7854177 -1.314978 0.9353621 0.6664685
1.806519 -1.664586 2.463322 2.463322 1.850733
1.241856 -1.285203
