4.80963 2.667933 2.674873 2.477735 2.701604
2.619206 2.802764 2.632324 2.814294 2.334105
1.750444 2.372765 2.192992 2.804945 2.337603
1.071987 2.545463 1.168491 1.695663 1.69663
2.123483 1.400622 2.349925 1.565924 2.662126
3.37684 2.105886 1.042968 0.8974194 1.025735
0.9656438 1.359826 1.274306 1.03343 2.123075
2.42 2.537398 1.272891 1.842517 1.619616
2.265085 1.515493 2.026222 1.290868 1.263205
1.123535 1.221305 1.401013 1.203701 0.9869345
0.9692737 1.062862 0.6340691 1.382862 1.382542
0.8332844 1.335648 1.742318 0.8435193 1.620629
0.7374669 1.218031 1.557092 0.7037405 0.8927858
1.985667 1.842337 1.736231 0.9982227 -2.340446
0.8265675 1.750444 2.662126 2.036237 1.551706
1.391137
