-2.403422 2.264167 1.696037 1.893198 1.862318
1.604323 1.87036 1.386765 1.946753 1.55998
2.270158 2.207529 2.075817 1.890074 1.655892
1.742977 1.354031 2.170073 1.940638 1.613617
-1.698347 1.529633 1.963993 1.834618 2.151805
1.555931 0.7200985 1.626922 -2.316271 1.154722
1.266409 -1.332857 1.747924 1.04958 2.279422
1.323795 1.323795 -1.547524 1.258793 1.978033
1.970805 2.499733 1.900581 1.758633 1.7727
1.79502 1.288107 2.085679 1.392323 -1.327739
2.101979 1.422921 1.340813 2.241352 2.534106
1.378969 1.322523 -2.486692 1.900543 1.379514
1.235314 -1.287139 0.9146174 1.272066 2.06168
0.9401561 1.547524 1.312141 0.7538857 1.487706
-0.5781311 2.045556 -1.104157 1.406301 -1.841454
-3.160261 1.737533 -1.057805 2.249724 -2.316271
0.8294544 -0.6488273 -1.507334 1.300265 1.585119
1.298594 1.720263 1.847651 1.123306 -1.415711
1.156897 1.031197 1.410242 1.299246 2.510712
1.604323 0.7895381 -1.692376 -0.7011318
