2.828564 2.41634 3.086584 2.751988 2.633906
2.841153 2.582275 2.839552 2.771797 2.535031
2.94435 2.497263 2.559306 2.937548 2.824739
-2.507142 3.083761 2.90109 3.113698 2.895123
1.968766 2.37021 -2.346259 2.448248 -2.64612
-2.345216 2.583294 -2.757675 2.594945 -2.62052
2.596149 3.002046 2.486655 1.871875 2.141204
0.9635546 1.330038 1.533759 1.798188 1.000341
1.650885 1.804591 1.289546 1.62293 1.765937
2.551126 1.333249 1.507407 1.264938 2.210014
-1.111431 0.9974535 1.644344 0.7623507 0.985594
1.014836 1.425562 1.16547 1.318899 1.082043
0.889857 1.267318 1.195376 2.072961 1.248347
1.14238 1.381344 0.9181007 1.628737 1.351392
1.168446 1.299435 1.030433 1.668138 1.650455
1.842336 1.254133 -2.213258 1.47117 1.509114
1.387784 0.887447 1.391723 1.889586 1.487479
1.434143 1.764464 0.9390843 -1.757701 -1.208865
-1.900051 -1.472407 -1.238834 1.77426 -1.91327
-0.6652283 2.147831 -2.306088 -1.184989 -1.601579
-1.81869 -1.323298 -1.598749 -1.459474 0.9918953
0.9326495 -1.834538 -0.9292007 -1.456919 -0.9737415
-1.445215 2.005368 -1.650713 -1.077349 -1.77585
-2.036689 -1.112835 2.469323 -0.949303 -1.006497
-1.028291 0.7924504 0.9197263 0.8533739 0.7371478
0.8917442 1.006218 0.7581701 1.977425 1.103033
-1.896035 1.079323 1.452321 -0.9993809 0.9314186
-2.152359 1.174553 1.075626 1.557138 1.346604
1.735147 1.143947 1.621635 1.289933 1.154412
1.935137 0.8306014 0.9399251 0.9245693 1.364438
1.6442 1.492438 1.019274 1.542569 1.548698
0.7978781 1.022084 2.173274 1.086741 0.8525505
1.34063 0.8960882 1.235982 1.884742 -0.912715
1.039617 0.8253843 1.419084 1.209805 1.503618
1.222207 0.7782543 0.8343605 1.142543 1.413917
0.7658948 1.473485 -0.9597045 0.831957 1.883734
1.778898 0.9278296 1.118925 2.086928 1.022707
1.644212 1.247333 1.520598 0.9423924 1.564122
0.8867153 1.190948 0.9216333 1.178624 0.7771154
1.396186 1.375462 1.083516 2.090801 0.8847357
0.8643086 1.027829 0.7408054 0.8867581 1.116682
1.375342 1.174107 2.160331 1.918226 1.271922
1.260885 0.6302275 1.850607 1.030434 1.690382
1.040915 1.093169 1.59534 0.470551 1.027016
1.326272 1.353628 0.7282097 -1.088409 1.023269
1.184967 1.590077 0.9933134 0.9365078 1.610542
1.394112 1.101595 -0.8791789 1.083579 -2.343777
1.212708 -1.050042 0.7992242 1.102275 -0.8911541
-0.7799001 -1.551862 -1.475358 -1.453771 -0.9273704
1.019688 0.9512595 -0.8623353 -1.302646 -1.223508
-1.946941 -1.010574 -1.010574 -0.6212553 2.405278
-0.8915944 -3.333347 -1.139626 -1.35134 -5.789971
-1.455582 -0.7870602 1.484107 1.209078 -1.81869
-1.696915 1.0642 -0.7975842 -1.162049 -1.771909
-2.147275 -0.7623507 -1.544127 -1.845295 -1.118212
-1.574668 -0.9182806 1.293077 -0.8160517 -1.865438
-0.6297725 -0.6297725 -0.9597045 -1.729702 -1.743314
-1.222325 1.533442 -1.082043 0.5943656 -1.479951
-2.011463 2.157478 -1.445215 -1.466481 -1.843751
0.5338612 1.124067 -0.948539 -0.9055205 -1.525281
0.9703576 -1.201118 -1.463105 1.436645 1.668138
-0.9211688 -2.452679 1.387555 -0.9067443 -1.289738
1.051093 -1.425109 -1.598429 -0.9654366 -0.9391018
-0.9061142 0.8848647 -0.905278 -0.9838517 -1.130918
-1.982314 -1.646971 1.428144 -1.088409 -1.695836
2.469323 -2.093085 0.5856459 0.9670102
