2.346087 -2.177987 -2.611754 -2.717667 -2.536535
-2.54181 -2.947886 -2.918097 2.638133 3.215947
-2.857839 -2.645381 -2.30003 3.082144 -1.976063
-2.276325 -2.952073 -2.567538 -2.505724 -2.818779
3.036669 -2.359661 -2.898099 -3.139503 -2.483404
-2.394011 -2.323988 -2.437729 -2.531243 -3.187176
-2.213473 -2.341339 -2.341339 -2.827381 2.04666
-2.406488 -2.672098 -2.935849 -2.62704 -2.855629
3.082144 -2.536535 -1.629097 -2.515635 -2.113604
-2.520245 -1.623614 -2.54181 -2.528183 -1.922305
-1.890427 -2.562105 -3.187176 -3.187176 -2.34575
-2.442611 -2.697045 2.225478 2.35436 1.899917
-1.676028 2.324769 -2.933116 -2.501467 2.628303
2.21811 -2.309065 -2.251562 -1.766266 -2.023579
-2.53954 -2.348138 1.587324 -2.933116 -1.867258
-2.359661 -2.10324 -2.533809 -2.499784 -2.499784
1.568825 -1.961678 1.99449 0.8999582 -2.267986
-0.943225 1.627325 1.521807 1.521807 -1.419798
-2.254524 0.9024198 0.853384 0.9936915 1.167865
1.374669 1.500607 1.427441 1.14957 1.591587
0.9036359 0.7941284 0.8083363 0.8908742 -0.8980342
0.7917493 1.026172 1.148747 0.965471 0.7709216
0.8850227 1.117155 0.9427791 0.8491838 0.9202765
0.8546713 0.7780978 1.08225 0.9244946 0.6086231
1.091018 0.9086687 -1.099269 -1.153733 -1.641919
-1.411321 -1.095829 -1.408448 -1.737814 -0.5765067
