-2.868898 -3.126153 -2.963202 2.669656 -3.110122
2.592546 -2.377379 -2.345406 -2.182445 2.23641
2.984571 2.299275 2.303416 -2.226177 2.089139
-2.616221 -2.781018 -2.831413 -2.497673 -2.911131
-3.116392 -1.803623 1.634114 2.217368 2.564734
-2.057984 2.333794 1.32753 1.859293 -1.515156
-1.569814 0.9094378 1.945402 -2.320971 1.70391
1.758245 2.014439 1.872039 -2.089139 -1.083582
-2.057984 -1.342882 -2.984571 -1.779636 -0.8550998
-2.500501 -1.515156 -1.535278 1.562842 -1.386176
-1.886416 -1.567971 -1.328131 -1.128155 -1.825875
0.8404039 1.003915 1.556387 0.569198 -1.339135
0.9412216 0.583312 0.7475742 0.7610408 1.029453
0.6656875 1.98642 0.8708184 1.252698 0.6509248
0.5865472 1.144325 0.7783316 1.005303 1.216835
0.643424 0.8414559 0.8300278 0.7684809 0.6127257
0.8264287 1.449345 1.32079 0.5033732 -1.199033
-1.490701 -0.8083103 -0.8083103 -0.7401828 -0.6219796
-1.928357 1.751147 0.7664686 0.5728339 0.4852421
1.190067 0.4910769 0.4692981 0.5398475 0.8049105
0.7469611 0.733613 0.4501922 0.6245282 0.3697506
0.6151006 0.9044523 0.4106366 0.5544524 0.4552194
1.082668 0.8821782 0.4485819 -0.7793405 0.6337486
0.6449754 0.8850015 0.2406011 -0.8778292 0.5702654
0.8708184 -0.7175555 -0.4106366 -1.337252 -0.9445822
-0.8206161
