1.588959 1.297547 1.465858 1.390987 1.143691
1.365465 2.036878 1.901632 2.687432 1.896157
1.883415 -1.743959 1.359914 1.059679 1.51501
1.846076 2.213284 1.415171 1.558408 2.114997
1.22323 2.014552 1.974518 1.844376 2.151308
1.794486 1.346674 1.471218 2.182359 1.577338
1.610788 2.17649 1.566142 1.590743 1.288554
1.166309 1.748188 1.485713 1.690245 2.404864
1.440681 1.38304 1.174734 1.81463 1.127633
1.679353 1.358505 1.261498 -1.228055 1.775017
2.473708 1.010444 2.095146 -1.587951 0.9128501
1.435761 1.452266 4.348997 1.557949 1.363857
0.9040921 2.166159 -1.020787 2.90477 1.826273
1.216368 1.327463 -1.235415 -0.5763357 0.9586143
1.530101 2.428191 2.215579 -2.910958 0.8858943
1.163364 1.989654 0.7358891 1.109403 0.6956783
1.395703 1.877671 0.7653456 1.629252 2.889552
-0.7854177 -2.184549 3.250471 1.582459 1.315976
1.477977 1.965649 1.986403 1.986403 0.7565552
0.8072293 -0.9228542 2.625559 2.625559 0.7494651
-2.473957 1.848879 1.068521 -1.108491 1.867654
1.35125 1.736856 1.371375 -1.121411 1.864807
2.254649 -2.488561 1.518067 0.6655145 1.104158
1.716486 1.806228 1.368427 0.7001626 1.130527
1.834669 1.321801 1.842709 0.9128883 1.249415
-1.312348 -1.312348 -0.9955482 0.6868408 1.285025
-0.6532829 1.60136 -1.042103 -1.301852 1.287185
1.130309 1.127473 1.398613 1.448869 1.819133
-1.448605 -2.565048 -2.565048 1.182749 1.32792
0.7773852 0.578253 0.8205584 2.193077 1.409096
-1.210425 1.610495 -1.52571 0.7778706 -2.099846
