2.53091 2.611192 -1.530004 1.924482 -2.465061
2.445364 -2.349726 2.968258 1.484437 2.62148
1.170955 1.039296 0.7034539 -2.013051 1.291253
1.948448 1.918764 1.820677 1.513124 0.9520998
1.961779 1.302156 1.116969 1.478437 1.530918
-1.962576 2.055096 1.667221 1.087126 1.671204
-1.530004 -1.765773 -1.249268 0.758173 0.6208288
0.8195852 0.9086455 0.4261862 0.7518142 1.527225
0.8091081 0.4630406 0.6088944 1.443476 0.8204673
0.8046389 0.5559153 0.7667937 0.4231789 0.6545865
1.045971 1.302161 0.533627 0.7976323 1.038254
1.495895 0.3869882 0.4530191 1.060265 0.9240459
0.47442 0.6328337 0.5888049 -1.197191 1.489602
0.4635486 0.5706462 -0.7041895 0.7629179 1.055507
1.304777 0.7830434 0.8272676 1.049171 0.5265466
2.027068 0.6019359 0.6178978 0.5802546 0.9953322
1.448961 0.3922637 0.4631913 0.5500202 2.047433
0.7279827 0.7111519 1.62462 0.830682 -1.067084
0.9520998
