2.253758 1.273877 1.39835 1.605639 1.478151
2.508864 1.599392 1.939072 2.273107 2.337888
2.160506 2.443893 1.493492 1.785056 1.674155
1.352061 2.35598 1.874749 2.337502 1.336
1.449376 1.343983 1.387462 2.494243 1.54195
2.732695 1.341835 1.044477 2.204539 1.677719
1.921816 1.960078 1.935538 1.758766 2.082466
2.110945 2.722344 1.507051 1.223424 1.365213
1.862601 2.060764 2.264717 2.78405 1.634145
-1.616892 1.664249 -2.254956 1.493492 1.436722
2.253758 2.5139 2.059078 7.923758 -2.732695
1.632227 1.972555 1.652402 1.297957 2.580941
-1.445222 -1.680292 1.24467 1.223424 1.999451
-2.233281 1.24467
