2.729706 2.709574 -2.533032 -3.206802 2.533671
2.084136 2.564569 2.530258 -3.206802 -2.02032
1.268889 1.739383 1.649877 -3.206802 1.45075
1.070392 1.854755 2.682004 1.308657 1.281676
-2.316587 1.478768 2.076711 1.035314 1.355386
0.9014933 1.352766 1.35688 1.699846 2.055043
1.227974 -1.412619 -1.678425 1.996755 1.439738
-1.865344 -1.865344 -1.379496 -1.978378 0.684672
1.512907 -3.206802 2.076711 -0.8701432 1.46296
-1.817169 -1.814554 -2.082894 1.177122 1.242411
1.35885 1.608554 1.457868 1.17071 1.064062
1.140106 1.031355 1.362548 0.7991123 1.391851
0.8193522 1.406723 1.161883 0.9213609 1.503749
1.309922 1.218714 1.336251 0.9961977 2.181641
1.26584 1.049206 1.250633 1.25815 -1.342102
-1.094202 -1.384812 -0.9808301 -1.004318 -1.26861
-0.9534504 -0.8868017 -1.414084 -1.552876 -1.137045
-1.362487 1.804868 -1.047125 1.28836 -0.8919656
0.8006075 -1.022839 -1.16716 -0.6273353 -1.342435
2.088758 -1.595299
