2.368602 1.134315 -1.77908 1.929911 2.156263
2.035145 2.808645 2.240724 -2.742999 2.404601
1.806001 -1.620577 2.438978 -2.156263 -2.636253
-2.742999 -2.656035 2.123095 -1.561637 2.635645
1.897164 2.109921 1.057447 1.540722 1.763044
1.628466 1.592436 1.325203 1.193588 2.054897
1.92019 2.486578 0.8290799 1.806001 1.75555
1.46162 -2.459479 1.219792 1.321287 1.911703
1.411516 2.795956 -1.099239 -0.901487 -1.096381
-2.636253 -1.493993 1.493993 -1.167449 1.167637
-1.053766 -1.521507 -1.066765 -0.8962777 0.7223023
0.9488001 1.609712 -0.8905728 0.9987212 0.7033609
1.04111 -1.805886 1.144044 -1.132311 2.486578
-1.588987 -0.8483672 -1.379669
