1.834474 2.559699 2.257844 -1.451223 -2.864877
1.656135 2.918868 0.9379046 1.118531 1.80677
2.542348 3.145954 1.320497 1.022909 0.5917192
1.374417 0.9829178 1.1638 0.872972 0.472931
1.218969 0.9557728 1.465214 0.760416 0.9296468
0.8661265 0.7372785 1.062023 0.8035814 0.8003141
0.5127652 2.571327 1.353239 0.8646654 1.536439
0.6258587 0.4726629 0.8045255 1.232271 1.355135
1.229064 0.9692024 0.8408303 1.092067 0.8024946
1.055545 1.194792 1.417254 1.580854 0.8833462
0.4731812 0.6287234 0.9115415 0.9455309 0.8509002
1.262708 1.664763 1.107383 0.8805034 1.114846
0.6359316 0.7814265 1.12773 -1.410229 0.9730284
1.070691 0.9210435 0.7469801 0.7411942 1.043276
0.6085734 0.6487992 0.8714268 1.223432 1.320497
-1.136604 -1.407018 0.992219 -0.6336739 0.8258313
1.989169 0.8718342 0.4404424 0.5383795 1.08088
0.8719752 1.076712 0.5908245 1.156156 1.156156
1.183338 0.5318053 0.6117808 0.8674898 1.834474
1.492788 0.9455309 1.35358 0.5420896 0.8770282
0.4981106 1.149892 0.8393437 1.148108 1.197178
1.047572 1.047572 0.5404592 1.064757 1.246272
0.6257557 1.092369 0.6924044 1.191807 1.101617
1.026417 1.246978 0.6342229 0.78689 0.795032
0.6595342 -1.024118
