3.169512 2.443216 2.560165 1.921989 2.385007
2.530756 2.333784 1.960048 2.488475 2.351499
2.140892 2.45231 2.698771 2.15762 2.471813
2.31229 2.333784 2.687377 2.486264 1.508299
1.966079 1.676001 1.412873 0.9356998 2.241995
1.38697 2.066679 1.612891 1.917286 1.875323
1.730252 2.342699 1.346089 1.729362 2.177527
2.177527 2.744272 2.165341 1.3967 1.402374
1.362361 2.056204 1.344189 1.411455 1.881078
1.294553 0.9780657 1.302899 1.688176 1.170334
1.824195 1.243988 1.270999 2.615413 2.409014
2.086838 1.311775 1.589569 1.593536 1.881123
1.825838 1.232032 1.208815 1.348366 1.740064
0.7979451 2.815966 1.510121 1.221002 2.273668
1.476711 1.612945 1.451704 1.241167 2.165641
1.960048 -1.875323 1.396431 2.162526 1.757726
1.142331 1.142331 2.45231 1.718681 0.9860553
1.1086 1.041216 1.082973 0.8242275 0.9902205
0.9023353 0.6330052 0.7602893 1.132328 0.6719724
0.5995614 1.2049 0.9021294 1.009394 0.5813859
1.22619 0.6877631 0.9153666 1.231553 0.5477849
1.354028 0.721761 1.603179 1.005267 1.360619
0.7494491 0.9599097 1.10908 1.430899 0.8871215
0.8862975 1.086933 0.8437405 1.471188 0.6921513
1.087341 0.5945147 0.780841 0.6743992 0.6743992
1.606602 0.8428099 1.367173 0.6342926 0.9666097
1.093496 0.6791583 1.654895 0.7131722 0.7879407
1.407734 0.8777227 0.8443467 0.7281319 0.8117553
1.135316 1.774818 1.011878 1.621407 0.7732739
0.867717 1.008072 1.405706 0.8378327 2.196244
1.450022 0.802934 0.92975 0.7392594 0.9085898
0.9080154 0.7474101 0.8205774 1.3646 0.9677594
0.9057651 0.7744367 0.735087 0.4852891 1.337081
1.008057 1.780863 0.9919194 0.8251674 4.037063
0.5878019 1.073431 0.812379 1.732737 0.7972907
0.7382134 0.9501274 0.8898564 1.199515 1.702826
1.035402 0.8222109 1.437504 0.6873452 1.718681
0.8475549 1.528891 1.220242 1.11302 1.915597
1.442129 1.385817 1.054678 0.7480543 0.6115315
1.310303 0.7626074 1.309572 1.313873 1.10764
1.396541 0.7528386 0.7164531 0.6330069 0.72159
1.712738 1.933212 1.586216 0.9034515 0.5084467
1.05985 7.754352 0.9848482 0.9772386 1.660849
0.6059212 1.718613 0.6826343 0.8988759 0.8242275
0.8242275 -2.001503 0.8952732 -1.527732 0.8871215
-1.397434 1.036176 1.362361 1.362361 2.346747
0.8117553 0.8849884 -0.8849884 -2.000643 -1.926154
-1.254628 -1.605488 0.767881 -1.337039 1.718681
0.7058414 1.118005 1.313873 0.7665334 1.933212
0.8310642 0.6826343
