2.270701 2.434985 -1.971415 1.574892 2.453786
2.20521 1.700157 2.314622 -1.569213 2.076771
1.415289 2.105802 1.810935 1.72998 1.595728
1.902397 2.021953 2.501134 1.564875 1.540962
1.931776 1.501492 1.668171 -2.318175 1.193628
1.74267 1.877252 1.634934 1.777115 1.592223
1.64601 1.61288 2.435247 2.125332 1.9949
1.388554 2.00346 1.939563 1.695429 1.943703
1.773009 2.454558 2.097436 1.665202 -0.7505034
1.64164 1.405276 -1.554311 1.194028 -1.534298
1.701509 1.599601 1.438165 1.432989 -1.390206
-1.204869 1.458505 1.888895 -1.193628 -1.516808
