0.8313498 0.8445305 1.826291 1.610745 1.165999
1.609132 1.045593 0.9792927 2.013405 1.112473
1.313478 1.374188 -1.720607 1.20497 1.58904
2.137417 1.91608 0.878542 1.887732 1.723782
1.552958 1.921617 1.441814 1.53345 1.054856
1.373206 1.135064 1.405603 1.93448 1.045618
2.121886 1.254107 1.284742 1.467205 1.95885
1.218022 -1.757844 -1.341142 -1.734541 0.742163
0.6443336 0.9952353 0.8804732 0.62962 1.120809
0.8309511 0.9352951 1.772771 1.298724 1.156568
1.003229 0.8974003 1.407478 1.823393 0.8225327
0.6551861 1.153264 0.9104093 1.226143 0.493797
1.662876 0.607874 1.236212 0.8592987 1.215723
0.6195308 0.6432156 0.5688085 0.8613764 1.124942
0.8391048 0.8479291 0.5280824 0.5294613 1.070458
0.6825104 1.214092 0.5041719 1.150636 1.259662
0.7868422 1.341142 0.9260566 0.6703966 0.9049809
1.502211 0.7642225 0.5975613 0.8708384 0.5386652
0.7869563 1.08447 1.023715 0.7337148 0.8632616
0.7633646 -1.199686 -0.9475426 0.5284251 1.341142
-0.8940597
