-2.451444 2.409354 2.711516 2.542477 2.722659
3.126036 2.411072 2.895179 2.414922 -1.820689
2.474788 2.633917 2.633917 3.157519 2.176566
-2.731556 2.536814 2.636375 2.251543 2.65251
2.704089 -2.343033 2.643777 3.157519 -2.770256
-2.730547 2.65251 -2.906479 -2.237023 -2.3461
-1.406867 1.825979 1.416072 2.127976 1.557055
-2.730547 1.678628 1.548964 0.9857395 1.1401
0.7480722 2.002005 1.466002 1.611074 0.8614005
0.9835855 1.477753 2.212937 1.120071 1.348341
0.6917183 0.9854078 1.064939 1.116199 0.8808468
0.6896807 0.6736075 1.655185 0.6966255 1.184554
1.158499 1.430354 1.139999 1.513338 1.405878
1.36221 1.302879 1.065113 1.611927 -0.5760512
1.922753 0.9237121 3.157519 -1.275666 1.62113
1.378927 -1.359438 1.249759 1.177398 0.6966255
1.36221 0.9631745 -2.561325 1.251128 0.9579693
1.157476 1.089997 -1.243282 0.6896807 1.405878
