-1.422571 -1.29956 2.133017 1.265143 0.9008419
1.145402 1.628846 1.126835 1.277536 -1.288151
1.11543 0.6917344 1.026922 1.712593 1.12013
1.719317 -1.422571 -1.436914 1.171768 0.7710972
0.8773997 1.134747 0.8996852 1.501786 0.9389959
0.7927546 1.649715 0.5000825 1.37681 1.255732
0.5890875 0.9091796 0.7138532 1.420219 0.4736264
1.410896 0.8957688 0.6602662 0.4975807 0.493797
1.416221 1.33747 0.7184337 0.5511019 0.6016248
0.4534227 1.655634 0.6176451 3.942742 1.185205
0.3836956 0.726249 1.190724 1.506787 0.69172
1.417019 1.433282 1.635284 0.9167327 0.6044998
0.5885436 1.210509 1.210492 -1.34263 -1.314148
1.12013 0.7370253 0.6015237 -1.413812 0.9628141
-1.436914 -1.345788 -0.5281046 1.433282 0.7468933
0.8128026
