-2.111552 0.7597633 0.8932442 0.9471595 1.727254
1.335436 1.386794 2.314189 1.249098 1.585156
0.808671 2.259216 1.568381 2.209159 1.336451
1.481812 0.8349354 1.748129 1.944221 0.5821861
1.035044 1.050846 1.695088 1.45385 1.138208
0.9653774 1.550423 1.75385 0.9667723 1.50271
1.228825 1.427156 1.567714 -1.567714 -0.9311267
1.849494 -2.260836 -1.173018 2.082016 2.442575
1.812015 -1.158018 1.619812 1.11878 1.935722
-1.269059 1.269059 -0.7516794 -2.158991 1.308325
0.8175149 0.8175149 -1.128868 -1.187915 0.7992374
-1.670432 1.397213 0.8343706 -0.9150646 -1.557999
2.626584 1.040757 2.505943 -0.7362101 -1.869496
-1.501006 -1.560657 0.818521 2.403182 -2.117565
