-1.862615 1.691439 1.389915 1.603106 1.716951
-1.245798 1.362389 1.877713 -1.525852 1.413194
1.686637 2.245853 1.757052 1.67615 -2.125649
-1.862615 -2.276462 1.578546 1.958419 2.030341
2.293134 -1.869772 -1.485148 1.111367 1.120253
1.064216 -1.295184 1.201685 0.9545744 1.502589
2.191727 1.488913 1.644322 -2.550797 2.651067
1.458591 1.567602 2.054707 3.821761 1.503293
1.983245 1.552578 1.208744 1.307881 1.21631
2.630191 1.564129 1.367194 1.868269 1.414465
1.501865 -1.603982 1.131915 -1.621691 1.8816
1.270469 -1.889452 1.348268 -1.658676 1.258724
2.407545 -1.697146 -1.359162 1.101312 1.415035
1.177456 1.451194 1.533851 1.790113 1.448176
1.590169 1.347434 1.834981 1.076883 1.45066
1.194605 1.47737 1.197355 1.531278 1.569235
2.027283 1.246091 1.623707 1.21742 1.593895
1.86986 1.563338 1.174892 1.543244 -1.517058
1.243745 1.795596 -1.496895 1.704561 1.892592
1.288684 1.382054 1.681788 1.41429 1.602404
-1.543986 1.489931 1.133037 1.548359 1.962487
1.271712 2.276636 2.002397 1.756434 1.302118
1.289933 1.220855 1.772132 1.277937 -1.3935
1.38667 1.724772 1.647852 -1.67589 1.543891
-1.547723 1.277836 1.632063 -2.308667 -1.6576
1.542757 2.309513 -1.386789 1.565151 1.374673
1.163209 -1.409432 1.24153 1.294111 2.604755
2.03546 1.538104 1.559555 1.530569 1.322105
2.152092 1.558004 1.127551 1.462345 1.708832
1.45711 1.354459 1.394693 1.567275 1.334179
1.147745 -1.396747 1.481379 1.26937 1.712818
1.478997 1.478795 1.184204 1.658936 1.584489
1.560688 1.096163 1.25898 1.239821 1.377919
-2.79878 -1.501184 -1.335011 -1.130283 2.196333
-1.728395 -1.180483 -2.183713 1.328 1.841789
-1.327729 -2.567144 -2.67186 -1.906178 -1.624705
-1.512927 1.754686 -1.80424 1.501865 -1.519808
1.359044 -1.578952 -1.448564 -1.658676 -1.381151
-1.573217 -1.596878 -1.414774 2.061336 -2.76273
-1.377536 -1.34012 -3.554615 -1.333405 -1.429504
-1.431766 1.716951 -1.321606 -1.612822 -1.319318
-1.319318 -1.233271 -1.575573 -1.657513 -1.80902
-1.21058 -1.314951 -1.955797 -1.245798 -1.628694
-1.324137 -1.405603 1.290423 -1.525852 -1.442025
-1.335095 -1.994046 -2.12182 -2.481217 -1.47571
1.959206 -1.578876 -1.290693 -1.499237 -2.372496
-1.576976 -2.605176 -1.549299 -1.402697 -1.499515
-1.308414 -2.040209 -1.242646 -2.269329 1.743768
-1.940599 1.940599 1.651487 -1.319686 1.234729
1.734723 -2.265503 1.20686 -1.20686 -1.322105
-1.694324 -1.938925 1.485647 -1.236873 1.559003
-1.877799 -1.322742 -1.196784 -1.164245 -1.372093
-1.904344 -1.913486 -1.580243 -1.798373 -1.396747
-2.668182 -1.59421 -2.290428 -1.184204 -1.281699
-1.479519
