2.905878 1.707657 2.448554 2.36195 -1.580403
2.151112 1.691345 1.488997 1.230207 1.788155
1.192904 -1.650452 1.503159 1.015273 2.072052
1.450363 1.63488 1.559598 1.688647 1.52179
2.275732 1.73678 1.170766 1.34251 -0.715022
1.476816 -1.691345 -2.00533 -1.411157 -0.6116354
-1.696297 -1.578574 -2.458013 -1.771868 -1.558186
-2.053056 1.282998 1.282998 0.5499489 -0.789495
1.08206 0.6925221 0.749979 1.143857 1.345436
0.6486042 0.6787251 1.729575 0.9689708 0.9072438
1.02342 0.8597891 0.9003156 0.984204 0.5446883
0.7579698 1.048158 0.6908694 0.8904938 0.9948511
1.639956 1.255801 0.5598197 0.5213029 0.6840007
1.249063 0.8133556 1.266617 0.6103522 1.212615
0.7786635 0.5741278 0.6804232 1.282998 0.7379385
1.015071 0.7310807 0.5087571 0.578456 1.038711
1.565504 0.8711577 1.081827 0.5947919 2.033446
-0.4823324 0.852492 0.5587241 1.686097 -1.274944
1.707657 1.123453 -2.094561 0.6641558 1.395275
-0.8381425 -0.3778302 1.282998 -0.9121746 -0.8188029
-2.073407 1.009343 0.7371132 1.007055
