2.037899 1.894784 2.77494 1.700597 1.742137
2.062367 2.6858 1.930046 1.872603 1.016657
1.137513 1.727904 1.310153 1.557247 1.428148
1.720818 1.443517 2.199329 2.035845 1.280712
1.672996 -1.210709 0.9281437 0.8539835 0.9544852
0.7993017 1.314167 1.317317 1.372099 2.247897
1.516796 0.8463424 1.309669 1.227947 1.357625
1.357643 0.8509626 1.49145 0.9134924 1.538129
1.507815 1.197132 0.4954057 1.211109 1.540726
1.0247 1.383416 1.18484 1.282642 1.349685
0.9811196 1.992675 1.269517 1.598299 1.110861
0.9432919 1.921211 1.382273 0.8605382 1.134059
1.052517 0.7463425 1.020172 1.180962 0.7274253
1.018413 1.070005 1.131539 1.039233 1.135822
0.8933408 1.21322 1.691609 1.081041 1.582745
1.154936 1.354063 0.8604823 1.130067 1.872603
-1.280379 1.098044 2.399726 1.252661 -1.153886
-0.9616779 1.089784 -1.23745 1.269326 1.058418
2.544777 0.9045851 1.273218 0.9457225 1.137513
1.432958 -1.013598 -2.052623 1.540138 1.012133
1.83409 1.428752 -2.030655 -1.354931 -1.646032
1.259734 1.238572 1.187603 0.9041795 1.796556
1.773205 2.027573 1.130286
