2.819528 2.548625 2.476664 2.78966 2.551455
2.726965 3.117032 2.813836 2.210893 1.598103
1.905326 1.363982 1.485414 1.023644 1.613271
1.642903 0.4776309 1.237053 1.601745 1.773193
2.040071 1.853104 0.4551765 1.206266 0.6709265
1.832264 1.525222 1.709193 1.397721 1.703173
1.850064 2.004489 1.478126 1.549722 1.207316
1.874494 1.41575 2.105808 1.142417 1.3727
1.393668 1.162901 2.857231 1.537142 2.274117
0.9304019 1.761394 1.603416 1.580862 1.279913
1.961496 1.564774 1.454427 1.612651 2.426192
2.136116 1.636923 2.603538 2.549903 1.773098
2.497769 1.24184 3.191298 1.492714 1.241226
1.046602 1.778319 1.490281 2.104357 1.732485
1.100686 1.771387 1.481512 1.007211 1.499039
1.226031 1.609452 1.220469 2.102525 2.053955
1.774618 0.9083173 1.161774 1.792027 0.4796255
0.9964521 -1.865753 2.071712 1.502288 2.058861
2.043562 1.593792 1.362975 2.034797 1.5006
2.104389 1.853035 1.793779 1.865285 1.237293
2.188225 1.888204 1.280403 1.689635 0.8343042
0.9879719 1.494798 1.043101 1.980463 1.96582
1.854159 1.509385 0.7174215 1.754683 1.402039
1.909901 1.725955 1.221 2.337659 2.091592
1.213092 1.462448 1.233556 1.553616 1.184304
2.003104 2.178047 1.713296 1.868608 1.598103
1.809264 1.729929 -1.394392 1.178797 1.339065
1.678195 -1.0345 0.6688302 -1.907801 1.142459
1.609452 1.451271 -1.328011 1.922024 1.850295
-1.185652 -1.54395 1.853035 1.763788 1.116735
1.835292 3.105005 1.323038 2.492409 1.442184
1.166425 0.7977649 1.295636 1.342148 1.324866
1.387577 0.7166906 1.191544 1.871603 1.618464
1.160463 1.256904 1.290975 1.981214 1.135607
1.589341 1.862663 1.261348 1.193782 1.262271
0.7861323 0.826542 1.427264 1.906366 1.595973
0.7799779 1.069468 1.797223 1.386658 0.9813976
1.273887 1.216788 0.9425281 1.294262 1.183217
1.337358 1.788517 0.8117409 0.927086 1.902644
1.256924 1.632561 1.382643 1.04009 0.6269161
0.4551765 -2.507951 1.568098 0.6490006 1.178797
1.557124 0.5862371 -1.531603 0.7115707 -1.880871
-0.9055275 1.468862 1.220469 0.5723288 -0.536972
2.071712 1.689171 1.171922 1.152827 -1.930207
1.125057 0.646025 1.301942 1.705886 1.515613
1.367834 0.7500532 1.267625 1.812624 1.018752
1.37573 1.88555 0.9172649 1.153925 0.788826
0.9181831 1.388298 1.353419 1.353419 0.9511239
1.016205 0.7694259 -0.5561483 0.788826 2.042251
-0.9644221 1.086349 0.8794664
