-1.180968 1.42923 1.117992 1.29317 0.8663218
0.877806 0.6808149 2.009065 0.837787 1.249584
1.598827 0.648712 1.001092 0.7420702 1.553899
0.9932221 1.589566 0.917609 1.517608 1.139325
0.6959301 0.9340952 0.7321628 1.281022 2.87475
1.193728 1.633313 1.713128 1.013147 1.50465
2.469913 1.807616 1.021717 0.8644792 1.011279
2.560274 0.7881503 1.600642 1.41853 0.5253265
1.764649 1.119349 1.17067 1.308617 1.49054
0.9593112 2.383669 1.377478 1.428343 2.303076
1.391826 0.9440347 0.9438207 1.099394 0.9193444
1.53462 0.7617264 1.596306 1.17322 0.7536571
1.300758 0.9408547 1.273539 0.7820783 1.239904
1.513784 1.411941 1.026911 1.264262 1.071874
1.554672 0.9550813 1.211092 1.676266 0.6692708
1.916441 1.341564 -3.037977 1.430998 1.202595
2.011043 1.062554 1.525724 1.291258 1.556847
0.9086902 1.565008 0.8233889 1.402144 0.8453533
1.221051 1.380837 1.658509 0.6590926 1.57051
1.157075 1.644503 0.862667 0.5895389 1.146303
1.43446 0.9958871 1.044306 1.32556 1.027886
1.373041 1.531342 1.677216 2.40578 1.122293
-1.318738 -1.580622 0.7889485 -1.685792 1.589566
-2.177736 1.655615 1.072817 -1.384165 -1.206715
1.299199 -1.347064 -1.567226 -1.026584 -1.15488
-1.777774 -1.984298 -1.090781 -1.473783 2.387099
-1.360178 -1.047646 2.196464 -1.516703 -1.673081
-1.643795 -1.178929 -1.127407 -1.34214 -1.992451
-1.400813 -2.247278 -1.211573 -1.631981 -1.44436
-1.46004 -1.796007 -1.472559 -0.650337 -0.7400333
1.525724 -1.464593 -1.329357 1.675564 -1.843664
-1.090832 -1.896306 -1.644503 1.080207 -1.450749
-1.035707 1.979458 -1.112799 0.9557975 1.949733
0.9999977 1.113712 1.906328 -1.572543 -1.400392
-0.7856885 -1.576702 2.060845 1.715327 0.8212412
0.9355567 -0.7279313 -0.9467139 0.8399849 0.9208104
0.5719947 0.9927836 1.083495 0.6032089 1.041902
1.225564 1.356746 0.8616236 1.035318 1.356378
1.027289 1.378457 1.743678 0.9758898 1.258504
1.162928 0.8171913 0.8288686 0.9418343 0.8496021
1.414267 1.759303 1.032853 0.9646063 1.254517
1.412527 1.39112 0.7780073 1.181594 2.468185
1.27253 0.6666093 1.342386 1.513303 0.8545366
1.118053 0.9673599 1.714966 0.9353857 1.441223
1.164195 0.9201308 0.791417 1.470307 -1.151566
0.730326 1.195295 1.534776 0.929565 1.082006
1.288902 1.51956 1.419576 1.395219 0.7341266
1.585806 0.7410901 1.777747 1.163419 1.868971
0.7724701 0.9902933 0.8077443 2.10739 1.640077
0.9247498 0.8547278 1.621484 1.024372 0.8020834
0.6580264 1.338753 1.081346 1.295636 0.8885244
0.6294382 0.677428 0.7166508 1.265331 0.9713391
0.7822118 1.079455 1.960348 1.245702 0.6486371
2.022186 1.278144 1.111343 1.036215 1.166553
0.9476446 1.052385 1.014863 0.7211297 0.8821703
0.9514757 1.577149 1.422777 0.9858325 1.493007
1.448059 1.168877 0.8690729 0.6849293 0.9831367
-1.103425 -0.807942 1.088523 0.8202601 1.685076
-1.42846 -1.383775 1.352394 -0.8309736 -2.162986
-1.756342 1.089815 2.387099 -0.8132387 -1.05897
1.428343 -1.349163 1.099394 -0.8821274 0.8821274
-2.135882 -1.476537 -1.028191 -1.732566 -1.173894
0.6797603 -1.694581 -1.459888 0.7820783 -1.319816
-1.536788 -0.5372589 -1.179131 -1.054219 1.550759
-0.8703152 -1.382892 2.069293 -1.358787 -1.322896
-0.6611098 -1.385034 -1.090832 1.196024 1.19971
-0.6132557 1.083438 0.7141625 -0.5875663 1.422999
-0.7107022 1.196884 -0.7115282 -1.208687 2.142157
0.7924252
