1.633997 -1.663958 2.071293 1.536322 0.9136702
0.7700347 1.045024 1.599215 1.146049 -0.9732813
-1.111962 -0.5801447 1.956936 1.033875 0.824152
1.238227 0.8218842 0.7087127 0.9299333 -1.318315
1.660914 -1.275792 1.986856 1.268307 1.214807
0.893336 -0.8428122 -1.009859 0.7486317 0.7099194
0.6878337 -1.129457 1.684587 -0.7920042 1.715757
-0.6854876 -1.494422 -2.089117 0.6382637 -0.9580363
-1.663958 -1.073562 1.956936 -1.223633 -0.969651
-1.700712 -1.606934 -0.8263525 -0.6897093 -1.102205
-1.55607 0.9154793 -0.9154793 -0.8083097 -1.574572
-0.7585715 -0.7261582 -2.83786 -1.338284 -1.736503
-1.287637 -1.566059 -1.118622 1.832714 1.842246
1.086493
