2.805228 3.199388 3.13291 2.899129 2.710655
2.759146 5.009663 2.847152 -2.782465 2.706113
2.759364 -2.844829 2.667038 2.836015 2.430806
2.715734 -2.732866 2.407858 -2.486983 3.010664
2.713944 2.678566 -2.446616 2.696184 2.768893
2.480735 2.543556 2.677532 2.335047 -2.590047
2.538983 2.405727 3.100518 2.590848 2.572266
2.567924 2.415221 2.720039 2.466671 2.257335
2.755952 2.710656 2.700798 -1.643381 -2.612456
2.25605 2.38663 2.526627 2.93056 2.828683
2.98813 2.455968 2.278246 2.207801 2.506973
2.277668 2.736881 2.350987 2.956411 2.389082
2.797106 2.740876 2.759036 2.874409 2.357213
2.956199 2.731633 2.756538 2.517047 2.280901
2.355113 2.437509 2.284805 3.168309 2.423533
2.352247 2.43341 2.305864 2.173045 2.361514
2.45227 2.232788 2.67273 2.579609 2.538497
2.442648 2.402707 2.384717 2.655539 2.584564
2.37894 2.775292 2.301316 -2.851242 -2.318328
1.71594 -2.369566 2.729414 2.256393 2.435683
2.333139 2.594656 1.98113 2.994081 2.513241
2.197322 2.157556 -2.071393 2.416125 2.385382
2.039171 2.559938 -1.981808 2.193037 1.774268
2.450553 2.018703 2.157554 2.265724 1.982684
2.379939 2.243653 -1.629772 2.391156 2.568239
2.07385 2.708448 -2.275777 2.729728 -1.621173
-2.851242 -2.623857 1.664893 1.637622 -1.847856
2.527335 2.243653 -1.973908 -2.999148 1.649868
1.767355 2.367733 2.06559 2.374822 1.55654
1.91657 1.926674 1.417391 -2.689748 1.931103
1.811769 1.726519 1.313729 1.772829 1.955299
2.251737 1.924757 2.665674 2.776321 2.392162
1.977005 1.648075 1.624065 1.800911 2.225332
2.193714 -2.462889 1.576218 2.470196 1.77874
1.600293 2.18581 2.076309 2.169224 1.71722
2.058944 2.027501 1.511352 2.601618 1.516771
1.934833 1.724475 2.416937 1.814727 2.795334
1.773749 1.00368 2.048998 1.964898 2.151422
1.558969 -2.026078 1.952233 1.777548 2.160112
1.652906 2.352282 2.38303 2.100295 -2.333538
2.380587 -1.360712 1.702059 -1.274661 1.719373
1.590305 1.936059 1.744432 1.918442 1.81531
2.234948 2.454262 -1.420117 1.621718 2.081528
1.861548 2.240104 1.976516 2.220783 1.830583
1.428398 1.946351 1.678412 2.113255 2.298661
1.785073 2.022353 1.167613 -2.43399 2.329267
1.327644 2.035123 -1.855274 1.47908 1.491593
1.490601 2.14198 1.452622 2.41339 1.78117
1.383582 1.899509 1.955738 -2.823698 -2.132483
-1.75139 -2.307002 2.70241 -2.56751 -1.269453
-1.510516 -1.423568 -1.584607 2.188121 -1.195748
-1.405059 -1.379388 -1.53358 -1.737294 1.737294
-1.374584 -1.324178 -2.501741 -1.915552 1.18391
1.367921 0.9500409 1.352708 1.919285 0.7762008
0.9636728 1.084379 1.143238 1.480341 1.380506
1.703128 1.043422 1.057171 1.451536 1.546979
1.318361 1.672873 0.8914232 2.125626 1.224262
1.354248 1.547156 1.250061 1.220329 0.9964424
1.286006 1.513207 1.529418 1.593306 0.9827265
0.987066 1.049824 1.144764 1.43332 1.092162
1.862572 1.32035 1.159845 2.317079 1.890261
1.158324 1.3675 1.550614 1.934048 -1.47661
1.39007 1.573243 0.9344482 1.726152 1.472377
1.153479 1.205705 1.354126 0.8919194 1.422219
1.161372 1.56321 1.070626 1.203603 1.285739
1.062557 1.550974 1.768745 1.71634 1.129016
1.481917 1.536185 0.9845852 4.730848 1.634947
1.432368 1.476365 1.579658 1.285419 1.545993
2.700998 1.39134 1.575759 1.551382 2.025255
0.9130742 1.509735 1.842516 1.089195 0.9957696
1.00281 0.8471252 1.06527 0.9512434 1.325252
1.224391 1.182147 1.681502 0.8834102 1.170503
1.676214 1.540223 1.507445 0.8190682 1.295104
1.471645 1.440561 1.160411 1.327754 0.9500409
0.9500409 -0.888919 -0.6387722 -0.9862624 1.550558
-1.511352 -1.207454 0.7477706 0.8307 1.363117
-1.115238 1.325252 0.8173021 0.7416946 1.404895
1.169518 1.058049 0.801464 0.753543 1.115456
0.6568569 1.04878 0.9327275 1.254731 1.35261
0.8684304 1.142172 0.6920705 0.8900621 0.8918655
1.134849 0.7869727 0.9287951 -1.593961
