2.650181 2.074734 2.477746 2.661614 2.353691
-2.294639 2.650181 1.817153 2.371066 1.339625
2.394233 2.271266 2.407928 2.583882 2.040334
2.337796 2.693806 2.055159 2.131482 2.483694
2.335075 2.241513 2.228132 2.508985 1.896755
1.85272 2.848772 2.637036 2.510597 2.279601
2.615459 2.865574 -2.762444 2.693806 -1.272318
2.30063 2.34199 -2.245635 1.614558 1.240912
1.004775 -1.978858 1.172325 1.837258 2.128179
1.144853 1.052581 1.992263 -2.034662 1.21027
1.633048 0.9237046 1.161975 1.93341 1.937938
0.8613608 0.7995013 0.7995013 1.705158 1.578759
1.864013 -1.732116 2.07759 2.186862 0.9722587
1.269393 1.130525 1.883101 1.556895 2.371066
-1.978858 -1.956358 1.392907 2.693806 1.99992
1.24688 1.93341 0.8682037 -1.463559 -1.772947
1.096155 0.6985978 0.9344751 0.9406992 0.6765008
0.8950194 1.229762 0.5965413 0.7742324 1.303154
0.8678309 0.5885215 0.5925343 0.716673 0.5839517
0.5994967 1.145156 0.8782107 0.8332032 1.49841
1.221806 0.8398602 1.755212 1.007818 0.6116902
1.065865 0.5338318 1.031568 1.437732 0.8107348
1.291232 0.5995699 1.167531 0.9262671 1.504745
1.214326 0.7195943 1.269777 0.76776 0.4708564
1.181265 0.6962643 0.8209964 1.07657 1.14279
0.661285 0.7020133 1.680577 0.8884285 0.6092285
0.7218989 0.6075826 0.624839 0.7447847 1.11555
0.8567868 0.9215659 1.452793 0.8973371 0.7985153
0.5087152 1.182883 0.8307119 1.560404 1.045541
0.4288333 1.18396 1.210601 0.5969134 0.8413121
0.6873326 1.013075 0.7779886 1.451295 0.4846288
1.67927 1.163209 1.24512 1.006587 1.039895
0.6217935 0.7749481 0.9700163 0.9271952 0.5900286
0.9054495 0.9733967 1.404637 0.7165513 0.6307505
0.7440591 0.9203694 0.6817956 0.8747589 0.6053448
0.8329488 0.7789598 0.6798439 1.088777 1.276828
1.22206 1.289218 0.7259379 0.5930346 0.9629904
0.8080434 0.7537329 0.5784545 1.039804 0.8735666
1.151897 1.24688 0.8825655 0.5939579 1.078121
0.5581562 1.206637 2.506117 0.8513093 1.03163
0.817602 0.6794472 0.9067842 0.793304 0.8051175
1.02095 0.6912202 1.166358 1.855437 0.627825
1.155704 1.588233 0.8168267 0.810632 0.8169529
0.8362963 0.7553286 1.056704 1.492532 1.297969
0.7165152 1.636441 0.6958688 0.6057049 2.043599
4.252187 0.6862787 0.7393599 0.5969048 1.037209
0.9715583 0.839416 0.9857276 0.8538792 0.4828076
0.6537427 1.664236 0.8527154 0.9777487 1.421084
0.796887 0.639882 0.8895908 0.9525041 0.5518964
1.119064 1.89882 1.551859 0.9748296 0.990036
0.6680796 1.47402 1.077974 0.8674094 1.533467
0.50481 1.020468 0.8004782 0.6734409 1.468835
0.4778947 1.349797 0.98133 0.7568909 0.7623398
0.9883868 1.215391 1.732116 0.6506079 0.8837319
0.6735999 0.7677875 0.9225701 0.8288987 0.8246099
1.163325 0.5803332 0.9670066 0.7125209 1.253381
0.761396 0.6818384 1.215001 0.5951394 1.235969
0.9018233 0.6792495 0.9894017 0.571562 0.7463879
0.7992665 0.5453922 1.548115 0.9199023 1.644006
1.538425 0.6771804 0.7592019 0.4352978 1.04433
0.6823979 0.8928121 0.9010745 1.552981 1.118597
0.4455654 1.483669 0.6140626 -1.240912 1.189827
0.9599276 0.6208502 0.7908324 0.651467 2.200491
-1.200639 0.9657081 1.223207 1.102126 0.745465
1.533467 1.017806 1.772947 1.128225 1.253381
1.09508 0.7829254 0.5304407 0.701177 1.405593
0.5468583 1.050402 0.6509394
