2.46165 2.731247 2.751842 -4.918142 2.242309
2.679158 2.56934 2.934663 1.530056 1.683937
-2.057643 -1.640124 -1.650908 -1.556642 0.976223
1.46865 1.050683 0.8547349 1.716415 0.8412228
0.9860554 0.9788354 2.154774 1.602654 0.9870861
1.643954 1.419118 0.9335563 0.9954207 0.982598
1.11494 1.334027 0.7606391 1.180759 0.9442699
1.482001 0.9775396 1.667988 -1.032569 1.053956
-0.9445107 1.324672 1.748641 -1.501901 -1.288983
-0.7000842 -0.9569996 1.318285 -0.755474 -1.643412
1.04225 1.241251 1.250999 1.27702 2.391631
1.173934 1.721795 1.189503 0.8837743 0.9560868
1.391644 1.027941 1.958258 0.8265624 1.071569
-1.624513 -1.081503 -0.7359639
