1.756358 1.226488 2.039287 0.8877538 1.618142
1.786973 0.730085 -0.9944706 1.031666 0.7127145
1.841343 1.031325 2.036033 0.8230528 2.444028
0.6650731 1.349197 1.421413 1.530651 0.9329704
0.9444772 0.8014563 0.8782612 1.094576 1.006954
1.446468 0.8662291 1.017288 0.8516383 1.348265
0.8984246 1.073158 1.26937 1.628468 0.9400788
1.132233 1.148535 1.137346 -0.8035097 1.340029
0.7972623 1.581417 1.085105 2.192087 1.251634
1.134145 1.205043 0.7348495 1.739961 1.636023
1.170412 1.40493 1.104124 0.6396358 1.986386
1.805059 1.681277 1.678336 1.496987 0.9652377
1.231496 1.46888 1.358821 1.114318 1.051406
1.010155 0.9155381 0.920647 1.448919 1.589855
1.085702 1.726766 2.44355 1.161673 1.302837
-0.7968319 0.6898468 1.786973 -1.457521 1.355162
1.180685 -1.228659 1.835489 -1.350369 -3.227099
-1.708689 -1.423228 -2.33006 -0.9473438 -1.020633
-0.8285743 -1.620934 -0.7946352 -1.649763 -1.801771
-1.726414 1.04439 -1.880302 -1.963452 0.8788669
-1.652612 -1.110165 -1.66181 -0.8035097 1.84685
1.071451 -1.529545 1.403001 -1.65176 -1.622971
-1.916919 -1.497942 -1.26457 -1.527545 0.7437392
1.421562 -1.405064 1.969396 -1.956325 -0.9737788
0.9090299 -0.7229855 0.9498272 -1.625326 2.740851
-1.095269 2.110307 0.9382787 1.150259 -1.151613
0.9707136 -1.090127 -1.304433 1.547748 1.681277
0.9498272
