1.48133 1.418627 2.131255 1.854219 1.928818
-2.01523 1.899933 2.723019 1.351433 -1.730883
2.082148 2.462099 1.992445 2.185522 2.210454
1.528526 1.687822 1.801574 2.347793 1.871708
1.632227 1.907212 2.156855 2.14254 2.631133
1.597374 1.569536 2.320247 2.633711 1.621963
2.026154 2.976682 1.666771 1.865455 2.281617
2.13791 2.566733 1.815945 2.401147 3.189184
1.664085 2.067557 1.778857 2.247316 2.022115
2.0064 2.023968 2.074182 2.128534 2.758345
2.650798 1.820325 1.682757 1.649331 1.567155
-2.620757 -2.625105 -7.559535 1.619987 1.196841
-1.879908 2.720533 -1.592967 -1.58724 -2.018366
-1.649675 1.644772 1.91813 -1.696872 -2.267282
-3.640694 1.528526 -1.548893 -1.721985 -1.51147
-1.717944 -1.869378 1.869378 -1.561169 2.301183
-1.824149 -2.422777 -2.400333 2.859979 2.859979
-1.44822 2.876523 2.316249 1.955919 -7.920645
-1.878426 -1.77435 2.976682 -2.157438 1.829046
-1.705144 -1.705144 -1.654538 -1.670691 -1.621145
1.411202 -2.42258 1.833822 1.816227 -2.146398
-1.88054 1.679979 -2.056847 -2.003189 -2.758345
-2.796844 -1.758002 -1.723435 -2.213228 -2.213228
1.379745 -2.101154 -1.493114 1.649331 -2.734574
1.718933 -1.718933 2.077326 1.620783 1.62351
1.97763 2.32686 1.661367 1.863477 2.387484
1.71358 1.936471 1.723637 2.304274 2.102259
1.823041 2.035408 1.751873 2.197992 1.804573
2.041122 2.429616 -2.191232 1.610707 -2.716978
1.750487 -1.679342 -2.811701 -1.91813 1.614557
-2.301183 2.505476 -1.621963 -1.666771 -1.865455
-2.071009 -1.970267 -2.160019 -2.303118 -2.378416
1.519952 -1.493114 2.184603
