-2.773455 2.32636 2.150592 3.055206 2.25956
1.856006 0.7300377 1.043114 0.7709947 2.458161
1.418948 0.7239018 0.7062867 0.990917 1.340774
0.8392484 1.20495 1.213605 1.407129 0.8492099
0.7138952 1.26951 1.105242 2.028615 1.030405
0.5986717 1.770457 1.785175 1.358988 1.112942
0.8868361 1.352827 2.134976 2.064804 0.9502901
-1.246176 1.787472 -1.255896 -2.093191 -1.227211
0.8117694 -1.297679 -1.437217 0.9754831 0.7138952
-1.55822 1.380086 1.385494 1.776839 -0.5212848
-0.9110057 -0.8720504 -1.323533 2.497597 0.9743582
1.134056 1.223248 0.5893076 0.7136339 1.384565
0.737786 0.6687291 2.336562 2.017677 0.9903154
1.093209 2.133233 0.9597034 1.221395 0.8448335
1.363026
