2.429557 3.269591 2.6519 2.497872 2.743091
-2.604775 2.545995 2.276546 3.022634 2.456535
2.764969 2.668755 2.195045 2.712735 2.561517
2.724707 -2.430626 2.429557 -2.218667 -2.440003
2.215416 4.146703 2.002995 2.48111 2.565175
1.966566 1.787104 2.049061 2.421421 2.586806
1.591099 1.991825 2.271525 1.79248 2.846408
1.912808 2.949078 2.453317 2.658402 1.689888
2.337627 2.590888 2.022014 -2.485372 -2.755033
2.611187 2.276546 1.540466 1.890226 2.368055
1.72622 1.689805 -1.663724 2.564726 2.092722
1.813851 2.035575 2.206542 4.721416 2.026407
2.183781 1.691366 2.091115 2.205384 2.20505
1.71942 2.251267 1.932288 2.585136 2.133578
1.906314 2.099101 1.835562 1.992668 2.096904
-2.595567 2.527997 1.935863 2.372786 2.008663
1.87557 2.650008 -2.125138 1.706084 1.890226
-3.202743 -1.710191 4.108363 -2.173784 -1.890424
-1.980105 2.453317 2.287424 2.492788
