2.552905 2.641672 1.839977 2.524559 2.753492
2.323474 2.51533 2.245855 1.921177 2.268721
2.622184 2.126204 -2.380397 2.418765 2.266495
1.699974 -2.306795 4.32135 1.821042 2.372675
-2.088398 2.115058 2.124376 2.439386 1.824978
1.647089 1.554421 1.718861 -2.60373 1.834649
1.516565 1.797558 1.652827 1.558422 1.732746
-1.872417 -2.008544 -2.422061 -2.314192 1.765707
-2.220668 -1.613296 2.097964 1.972743 1.717027
1.983899 1.850031 1.321396 1.896139 2.025012
1.64988 -1.792225 2.276729 2.157546 4.31012
2.844251 1.881845 1.860545 -2.300663 2.188027
2.520656 1.844629 1.998314 -1.925105 -2.654148
1.631865 -1.853755 2.897585 -4.729129 -3.09499
2.148923 1.772512 -2.005752
