2.144654 1.814009 2.346319 2.089728 2.192392
1.82406 1.673963 1.479986 2.530298 1.963603
2.182896 1.539179 1.962182 2.021317 2.018218
1.490091 -1.107958 1.287947 2.192392 3.393294
-1.264996 -2.215573 2.07584 2.335065 2.335065
-2.71679 -2.137828 -1.599994 1.416264 -1.268484
1.205107 2.131987 2.916075 -2.342213 1.71276
1.674381 1.740502 2.010967 1.778153 2.064703
-1.784464 2.137348 1.556587 1.874802 1.901897
1.380173 1.642761 2.221022 2.09153 1.966013
1.379772 1.807739 2.078626 1.303286 1.499053
2.528149 1.698845 1.25199 2.431197 1.852729
1.479537 2.028851 1.730212 1.534669 2.593244
-2.306758 1.684585 1.39735 4.041128 1.84698
1.508899 -1.230469 2.360733 1.268484 2.81273
-1.156822 -2.242729 1.993796 -3.238242 3.393294
-1.673963 -1.200405 1.245994 -1.604103 -1.634554
-1.223213 -1.479986 -1.825536 -2.242428 -2.256437
-2.190986 1.252508 -1.674648 1.338185 -1.40289
1.160081 -1.517035 -0.9305482 1.475069 -1.416264
-2.766318 -2.178251 -1.390274 1.468199
