2.904201 2.439784 2.904201 1.687194 0.973473
1.586845 1.222317 2.457102 1.534121 1.080357
0.8408524 0.9147836 0.8909764 1.361755 1.077575
1.518591 0.984509 1.647183 1.301618 1.554978
1.447912 0.6715109 0.7471036 0.8727295 1.050303
1.556118 0.9519689 1.24139 1.380991 1.057566
1.145513 1.488008 1.534591 1.053974 0.9151675
1.081813 0.6082466 0.9857672 1.882412 1.222317
0.7722676 1.696972 0.3606215 0.616256 0.8781919
0.788826 1.540048 0.9197488 0.5669999 1.035279
1.047107 0.9928156 0.6449216 0.8199818 0.8410992
