1.96507 2.898903 1.835179 -2.232738 0.9159549
0.6896893 1.041017 0.7364178 0.9153912 -1.479845
1.200861 0.6946297 -1.1162 0.9388177 1.157281
0.7994094 1.267811 -1.777376 -0.629327 0.983615
0.5116047 0.7050873 -0.7562082 -0.9674728 -0.6112231
-0.6570015 -2.553693 -0.9065966 0.7107868 0.5193282
1.019741 0.9090197 -0.8075116 0.5810643 -0.8416908
0.9964221 0.6487403 0.9421863 0.5976229 -0.8126915
0.5181878 1.139379 0.5520234 0.6896994 -0.8352631
0.4371959 1.659539 1.270837 0.5549244 1.102361
1.257223 1.031243 1.257887 -0.7238133 -0.9306385
-0.8254746 -1.657214 -1.649282 -1.545197 -1.925774
-1.201658 -0.8745043 1.061366 -1.43043 -0.6108004
-0.6731622 -0.9689332 -0.5053441 1.073235 0.4725103
0.5968257 0.6458926
