2.613645 -2.337291 2.260991 2.369124 1.43399
-2.825529 -2.940777 1.829877 2.10874 -2.630575
1.597151 2.063145 1.966207 1.526175 1.33112
1.492053 1.730207 1.964202 1.926192 1.773149
1.543622 1.747149 1.900165 1.804818 1.115032
1.976073 2.136849 1.403773 2.062313 -2.174109
-1.689148 -2.458902 -1.543622 1.747149 1.58966
1.086678 1.093306 1.295625 0.6986728 1.29143
1.07726 0.8725203 0.7861913 0.9020277 0.6254666
1.500009 0.8242914 1.280024 0.8690491 -0.7987969
0.8778721 1.725029 -1.765138 0.8923688 -1.242798
3.013433 0.9230601 0.8165878 0.9814863 1.014203
1.010654 0.8127444 1.176801 1.073644 1.066384
0.8677536 0.7004072 1.23549 -0.8951599 -1.961736
-0.5550695 -0.7888269 -1.061095 -0.6242468 -0.8081534
-1.94264 -1.782796 -1.38831 1.073644 -1.620138
1.403773 0.9140096 -1.890352 0.969464 0.5740711
