3.199052 3.028516 3.160258 1.271863 1.60057
1.989209 0.6246924 0.5342561 1.130862 0.3996367
1.391706 1.315926 1.432855 0.5683518 -0.4931418
1.091514 1.363796 -1.709912 1.166055 1.18251
-1.646321 1.162954 0.8705052 0.8681449 0.6549255
1.096527 0.6336251 0.6184566 1.103761 0.8552279
0.7134467 1.423676 0.9631026 0.5466164 0.5406725
0.5274084 0.743083 0.6513004 1.11256 2.470591
0.6236194 -0.4831454 0.4869698 1.824334 0.7059045
0.8641013 0.6106652 1.069392 0.7708666 0.8011521
0.8153613 1.18251 0.7436475 1.265825 1.2032
1.01767 0.8427946 0.6231141 0.5756454 0.8039945
0.7231613 0.6166535 0.6056745 -0.808717 1.18251
-0.819989 0.9464957
