1.563085 1.409615 0.7126114 0.6233373 0.9570431
1.711245 1.10791 1.082311 0.650175 1.174418
1.48125 1.067282 2.567796 0.8760448 1.438061
0.929998 1.435905 1.415393 1.47811 1.38382
1.554083 1.283061 1.139406 1.066195 1.179575
0.7511969 1.457671 1.305466 0.9650055 0.8660041
1.496443 1.547933 2.392054 1.297037 1.711245
1.219598 1.618808 1.228941 0.6590926 1.137581
0.8030595 1.515544 1.101389 2.394984 1.28124
1.400586 1.416982 1.903901 3.710227 1.252318
1.291694 1.843395 1.858392 1.182455 1.152384
1.536071 0.9473711 1.325409 0.9261872 1.087693
0.6533297 1.3517 1.186081 1.565212 1.214305
1.021271 1.082753 1.157334 1.245172 1.085249
1.178196 1.461246 1.412721 1.118301 1.08211
1.500067 1.452726 1.391316 1.113542 1.39803
1.623268 1.230408 1.40636 1.227715 2.842546
1.520869 1.324825 1.324825 1.051718 1.336305
1.115726 0.9914251 0.9587932 1.452633 1.6548
1.222802 1.018146 1.069495 1.042847 1.425368
1.163447 1.415228 1.445228 1.664453 1.347981
1.760178 1.81235 1.297812 1.522801 1.12393
0.8436984 1.57477 0.8229491 1.592399 1.838659
1.319746 1.598069 1.51471 1.223121 1.025767
1.307741 1.120806 1.926638 1.510768 1.436645
0.9295323 1.246556 1.616082 1.98661 1.496009
1.298328 1.47442 1.159807 1.176933 1.094559
1.107318 1.081038 1.221957 1.626398 1.416586
1.318773 1.393956 1.397104 1.544462 1.263128
1.268661 1.268661 1.328538 1.032128 1.287134
1.650228 1.643707 1.241903 1.559982 0.9129707
1.15251 1.931303 1.520906 1.255652 2.40963
1.447266 1.677984 0.9261872 1.172738 1.142206
1.0983 1.336305 1.47267 1.47267 1.71354
1.838614 0.6860111 1.623937 1.793279 1.623098
1.035132 1.180123 1.263128 0.9184522 1.079435
1.412227 1.412227 1.524029
