3.201008 2.993741 2.929741 2.931863 3.128492
2.979748 2.609516 3.145995 2.616348 2.282479
3.059767 2.74965 1.983199 1.766638 2.569658
1.990023 0.6898053 2.844986 2.688146 2.212141
2.011232 2.212215 3.207998 2.66662 2.033487
1.311454 -2.075674 0.9169812 1.75364 1.898252
2.033487 2.029479 2.332284 2.735909 1.427503
2.872156 2.54981 3.043351 -1.61753 2.059732
1.145581 0.6572025 0.5625136 1.210666 1.317079
0.8734946 -1.986204 -1.154308 -0.7355498 0.4683245
0.651227 0.8750495 -0.8891518 -0.8607476 0.715978
1.233451 1.994461 1.213847 0.8368304 0.5500371
1.131203 1.34685 0.8611045 3.035314 1.252557
1.037739 0.8155369 1.281322 0.8764422 0.5604975
1.139104 -1.189484 0.724641 1.673414 0.9614373
-0.510879 0.6249578 1.237777 0.6913412 7.854943
1.226654 0.9376384 2.038208 0.7485527 1.425335
1.08289 0.7579969 0.7773404 1.848153 1.440901
0.6507927 0.8450171 1.360984 2.354975 1.021799
0.9051354 0.7203468 1.335939 0.7871057 1.288283
1.903472 1.928231 1.189484 1.735584 1.541576
0.720531 -0.5919626 0.6093547 1.845256 0.5205035
0.5797452 0.8969943 0.6708037 0.6229266 0.922814
0.774289 0.7866713 1.437433 1.418593 0.6865711
0.5573538 -0.5573538 0.6754499 0.7990233 0.6998764
0.7029518 0.6473024 0.6395808 1.895738 0.907448
0.585202 0.6567838 0.6616399 1.083284 0.5208
1.184693 0.9556273 0.6683962 0.7396685 0.9468714
1.113152 0.9928853 0.4310825 0.4371959 0.9574059
0.6936732 0.735392 1.196008 0.6970636 -0.8092995
1.535805 0.9653536 0.9436464 0.7536146 0.5217895
0.4332212 0.8493491 0.5473469 0.5380183 0.7568618
1.011468 0.7866713 1.233451 1.360984 1.953994
0.6898053 -0.6813416 0.5105824 0.7428179 0.8324769
0.8368304 1.113152 0.4371959 1.037252 1.25233
0.9870427 0.5914565 0.7064143 0.5270686 -1.10889
0.8612062 -0.80751
