1.075266 0.9771974 1.422875 0.8135708 0.5357867
0.9064507 0.9251751 0.6481256 0.9576566 0.7976099
0.5022796 2.12278 0.7675358 0.8898697 1.187289
0.9918803 0.7596857 1.217376 1.182091 0.8437573
1.41616 1.350707 0.7833478 1.297207 1.278504
1.075523 0.9127688 0.7241461 0.6093856 1.120587
0.4738838 1.441886 1.604913 -1.320262 0.9010794
1.183568 1.833105 0.5646719 0.4507691 0.6564718
0.6826899 0.7210333 0.6449754 0.375314 0.701848
0.7350044 0.5788925 0.7838608 0.5102825 0.5968257
0.7381256 0.8011844 1.28058 0.8714972 1.082435
0.6299659 0.6905078 0.581018 0.7705482 0.820865
0.743304 0.567295 1.152049 0.8129135 -1.679693
-0.9064507 -0.6148009 0.8453709 0.766501 -0.5968257
-1.546421
