1.824045 2.271442 0.7293567 1.197091 0.9351353
0.6368412 0.6399867 0.7853883 1.487466 1.536192
0.6263367 0.6559929 0.8788846 0.6972782 0.7751065
0.7219035 2.248116 0.7469856 1.218139 1.507092
1.049945 0.9686088 1.282185 0.8628534 0.5428437
0.9987464 0.4154545 1.684714 0.9557801 1.095997
1.472058 0.4178047 0.9949984 1.177812 1.179753
1.124987 0.9907573 0.772762 0.7947619 1.222628
1.370731 0.7687506 1.138523 1.021973 1.400955
0.6019014 0.5516794 0.7797521 0.6429005 0.5880999
-3.008838 -1.97655 1.108446 -1.059615 -1.139063
-1.274797 0.5929667 -1.953957 1.348119 0.7188399
-0.7585797 0.8567545 0.4154545 -2.236745 -0.7313257
1.578165 -2.06424 0.9096933 1.370731 0.8473076
-0.8473076 -0.7022099 1.853445 0.6827834 0.8171067
-0.7996199 -1.24381
