1.569789 0.6263501 0.7386035 1.977041 1.589865
0.9485326 1.210181 0.5481948 1.843038 0.7541639
1.432506 1.46166 1.447038 2.114125 0.8744812
1.453523 1.185577 0.6722087 1.019027 0.6924845
1.083684 1.761939 0.8366636 1.959089 0.7608465
1.344949 0.9038807 0.5900373 1.152738 0.9022851
1.203662 2.119772 1.819071 1.004461 -1.628067
0.4824088 1.058664 0.8312659 1.83162 -1.04643
0.8749184 1.269375 -0.8221104 1.484028 1.5935
-1.072701 2.050589 0.897283 1.225994 -0.9337085
-0.5922917 0.5922917 1.761656 0.9965481 2.034576
-1.207937 1.569789 -1.524295 -1.693353 1.468063
1.387686 2.1005 0.9271416
