1.926856 2.316406 1.972512 2.198939 2.182552
1.222876 1.244072 1.523333 1.579189 1.5445
1.38034 1.921114 2.364588 1.865213 2.584071
1.481227 1.453278 2.022983 2.049069 1.40594
1.666138 1.207911 2.01449 2.135823 2.514825
1.799327 0.981398 1.905215 1.391041 1.082546
1.305874 2.187903 0.9413429 -2.160096 -1.26622
0.9421379 1.405914 1.67424 1.481776 1.417836
1.890213 1.521544 -2.45142 1.226618 1.770782
2.44735 1.972262 1.082189 1.460382 1.222876
-1.708405 1.269492 -1.776702 -1.608041 1.739982
1.688661 2.086787 -1.094728 1.897438 1.972512
1.390986 -2.508307 1.865213 -0.8107277 -0.8893493
-1.421764 -2.890897 1.972752 1.550211 -1.057803
