2.081163 1.923197 2.0877 2.61566 2.200913
1.979103 2.116106 2.093216 2.039464 2.271665
1.821488 2.124233 2.011634 1.515104 1.899887
1.923197 1.811261 -1.798704 -1.598166 2.155131
4.067521 2.297172 1.950326 2.252028 2.556557
1.259613 1.535454 2.136526 1.625115 1.424946
1.740082 2.031475 2.254694 1.43849 1.664094
-1.977453 1.209771 1.420391 1.952858 1.782489
1.777421 -2.17047 4.937488 2.131472 1.935357
1.483765 2.346495 2.623908 1.430601 1.765324
1.506651 1.942507 2.204268 4.28243 1.860937
1.67827 1.505035 2.112495 2.41687 2.007441
1.768525 1.878471 2.41372 -2.486358 1.963158
2.385148 1.944638 2.144249 2.167002 1.782489
-1.741906 -1.503238 -2.201506 1.950326 -1.246965
-1.605054 2.594726 -1.88763 4.118832 -1.272322
2.285161 -1.786091 -1.687383 -1.650717
