2.43595 2.119378 2.475569 2.512763 2.391097
2.544558 2.609188 2.179086 2.140635 2.265078
-2.173654 -2.254522 2.2563 -2.003239 -2.394156
2.061633 -1.734397 2.477784 2.410388 2.572699
2.300872 2.255757 2.595252 2.097057 2.632331
2.541252 2.610925 -1.698635 -1.676344 2.490557
-1.449251 1.559745 -1.108506 -2.060845 -1.956432
-2.221109 2.126583 -1.010456 2.360187 -2.232746
-2.187166 -1.165423 2.345258 -2.390891 -1.435823
-1.956278 -1.658494 2.738875 -1.381449 -2.389618
-1.793128 -1.566283 -2.314463 2.518729 2.66711
-2.474443 -2.424792 -2.391928 -2.502641 2.157725
1.804398 1.659586 2.163822 1.579714 -1.217399
-1.859592 -2.040643 2.316429 1.659586 1.862929
-1.345998 2.092946 2.25461 -1.826171 1.384028
2.079597 1.806778 1.507551 2.207414 1.721295
