1.230016 1.007902 0.6503651 1.054191 1.77547
1.148949 0.8610775 0.708402 0.6855556 0.8710951
0.6436998 0.6143517 -2.757711 0.8558724 1.109532
0.7814125 1.423248 1.309421 0.967689 1.282214
0.8040772 0.8446719 0.8315434 0.6883568 0.5789071
0.9357932 0.9609613 -0.8852432 0.9525202 0.8055883
1.089894 0.8265153 -1.519798 -1.072922 0.8250922
1.054191 0.6625205 1.148949 0.8968581 0.5530529
0.547617 0.9327754 0.8655893 0.7522507 -0.8710791
1.16798 1.16798 1.065008 1.230016 1.276538
-1.163152 1.895822 -0.5531348 -1.564928 1.269297
0.6998382 1.094437 1.109697 0.9318916 1.260172
0.5798104 1.120487 0.7014352 1.285992 0.9011682
0.7426141 0.9779381 1.181232 -1.560998 0.6436998
0.8655893 0.616256 1.094437
