-3.637063 4.193898 3.356836 3.489055 3.306501
-3.544156 -3.066339 3.567613 3.549304 3.460996
-3.776388 3.275362 -3.842742 -3.310078 -4.000423
-3.535857 3.131873 3.528138 3.870866 3.24642
3.528983 -3.59914 2.892963 3.559726 2.947001
2.947001 3.243098 -3.090846 3.181612 -3.146611
-3.119976 3.362451 3.091742 3.305032 3.323899
3.292313 3.242725 3.404707 3.11973 -3.298502
-3.461213 3.391825 -3.186246 3.462896 -3.286708
3.072661 3.120398 3.248133 3.087112 -3.357431
3.559976 3.60645 3.516946 3.369728 -3.130778
-3.426413 3.246319 -3.32141 3.091742 2.998003
-3.669595 -3.489161 -3.34979 -3.34979 -3.491252
-3.539422 3.508363 -3.375178 -3.263164 3.344797
-3.134033 3.222844 3.310078 -3.548467 -3.222951
-3.357431 -3.295449 -3.295449 -3.146611 3.293182
-3.551952 -3.881327 2.995948 3.008642 -3.583408
-3.554615 -3.260529 -3.120392 3.059196 2.958262
3.50378 -3.759987 -3.388474 -3.583502 3.027116
-3.583408 3.462896 3.39302 -3.188774 3.273282
3.120566 2.991164 -3.111603 2.859319 -3.583408
3.225051 2.839554 -3.104625 -3.131209 2.943064
3.271209 2.941007 2.81769 2.956202 2.919384
-3.301534 2.908416 3.40043 -3.010551 2.796293
3.131628 -3.262874 3.082761 3.228096 3.192671
2.917335 2.901152 3.077658 -3.210079 2.887619
2.869272 3.10653 3.265636 2.964108 2.89703
3.756036 2.792381 -2.884728 -2.986573 2.943995
3.277043 2.914013 2.824937 -3.055506 -3.07818
-2.898802 -3.19822 -3.025673 3.013783 3.058503
-3.23791 -3.023443 -3.105496 -3.161031 2.980727
-2.97982 2.930277 3.151109 -3.165914 2.977792
-2.995399 2.995399 -3.093587 2.839554 3.120674
3.120392 -3.120392 3.059196 -3.210079 -3.210079
-3.04538 3.069542 -3.045606 2.851593 3.165914
2.832659 3.00087 2.944597 2.850259 2.885958
2.859777 -3.163051 3.010407 2.804925 2.890482
-3.216639 2.793367 3.003213 2.947756 2.98744
2.851242 2.860911 2.853082 2.942116 2.784708
2.872865 2.852218 2.856514 2.986335 3.081466
2.886442 2.869051 2.923997 2.838313 2.871076
2.850403 2.950087 2.904696 3.058577 2.906812
-3.043243 3.120392 3.025526 -3.014234 3.302048
2.882951 -3.026629 2.975793
