2.455135 2.279505 2.105945 2.024343 2.120915
1.91546 3.281192 1.987558 -1.353696 2.427171
2.024343 -2.334082 2.109964 1.492893 1.442809
1.141204 0.4241777 -1.177282 1.526465 0.9073415
1.590698 1.211633 1.031647 1.701059 1.91232
0.9122725 0.9501235 1.215646 1.541114 0.7796499
1.249764 0.8254709 1.915475 2.240874 2.452017
0.7302726 1.094448 1.510762 1.624418 1.759395
0.921336 2.408127 1.992391 1.150112 1.437933
1.10676 1.327184 1.163571 1.485531 1.224054
1.302477 1.448098 0.9418215 0.7895244 1.650973
0.8707297 1.575604 0.6766249 1.074424 1.742634
-0.5340733 1.514863 -1.330634 -1.235041 -1.015906
-1.657626 1.4928 -0.8328214 -1.353696 0.7547662
-1.971525 -2.088623 -1.104549 1.153045 1.673605
1.163571 1.218177 -1.054271 1.522648 -0.798039
1.227631 0.9725559 0.3814273 0.8624527 0.7434496
1.678491 0.7962805 0.675995 0.970326 1.165258
0.9459272 0.9295011 -0.9127597 0.9215491 1.535257
0.3887687 -0.7688997 0.5203571 1.216954 1.13077
0.7504865 0.7499504 0.7827412 0.8863185 0.9972173
1.714796 0.5783288 -0.5783288 0.6852416 0.6867063
0.7447807 0.8405548 0.7496203 0.781668 0.8559896
0.8596001 1.521273 0.8125437 0.7012617 0.9455845
1.020977 -5.684758 -1.9437 -2.082421 -1.699473
-0.6872981 -0.9907188 -0.7504865 -2.22155 -0.5686602
0.9604518 -1.269338 -1.063025
