1.114688 0.974534 0.9341222 0.7784587 0.8090422
2.302629 -0.6433803 0.838342 0.9918746 1.11439
0.8480702 1.866328 0.8781353 0.7621114 0.7922947
2.263422 1.562812 1.51311 0.8974266 0.6508108
1.016034 0.9303942 0.808313 0.8494083 2.917712
1.012814 1.070593 1.420045 0.8353184 0.6755713
0.8655498 1.306047 0.8927243 0.6299773 1.222528
1.921583 0.9162195 0.768585 0.7502159 1.733349
-0.6041108 1.163439 -2.050324 -0.7189464 0.9224902
0.8224791 -1.460855 -0.7309295 -2.119373 0.9097615
1.016212 1.395344 0.7020378 0.7831344 -1.769092
-1.295014 -2.423151 0.7933495 1.426493 0.9909215
-1.961527 -1.9148 1.908284 1.253533 0.738475
1.160985 -2.035662 2.880399 1.435916 1.183049
0.9396516 1.607717 2.584441 -2.584441 0.9284336
1.217601 -1.723095 0.7520264
