2.366138 1.507908 -2.412364 -2.0562 1.32658
4.733875 1.401345 1.346021 1.936323 1.015803
1.375859 1.59471 1.862768 -1.132508 -1.093136
-0.9701529 -2.422872 1.875508 1.727204 1.726749
1.916401 0.9286504 1.957366 1.434784 1.380266
1.181359 1.407863 0.9063538 1.805325 1.077091
1.303838 1.221356 1.266704 2.388834 1.921414
1.057276 1.160246 1.152282 3.263395 1.730201
1.576533 1.269439 2.180642 1.408034 1.370643
1.222292 -1.497754 2.133906 -1.717943 0.7808984
-2.09805 1.365853 0.6831435 -0.6923738 -1.691726
0.9286504 1.03488 1.558923 -1.406126 0.9486155
-0.893747 -0.6226267 -1.147293 -1.382344 -2.192792
-0.8281231 -2.458153 -1.221053 -0.9861773 0.9146306
-1.045524 -0.8012943 -1.750091 1.076278 -2.620355
-2.788865 1.228661 -1.371813
