1.189135 1.08723 -0.6589005 2.109361 -1.199658
-0.7699178 -1.051899 -1.183404 0.6549317 1.219032
-1.364447 -1.266427 -0.6676192 -1.473186 0.893995
1.293738 0.884531 0.7578897 0.6112527 1.035093
-0.9011682 0.3259822 1.614645 -1.016107 1.27931
0.7211816 -0.482628 0.4259455 -0.460527 -1.106935
1.082438 0.6663018 -0.8980342 1.144446 0.826104
1.564186 0.6922354 -0.738092 -1.065224 0.6426669
-0.8949004 0.7726217 0.5669873 -1.170603 -0.7188918
0.4996701 1.088548 0.656608 0.6669313 0.5495743
-0.5995842 1.649049 0.6834253 1.988148 0.5811432
-0.990645 1.03816 0.5695989 -2.001758 0.8033086
0.8488715 0.9079329 -0.9646524 -1.116387 -0.4548311
-0.4846331 1.183997 0.4877364 0.4990315 0.9125978
0.7791587 -2.028942 0.3454354 -1.509196 0.4055071
-2.730342 -1.240959 -1.290496 -1.503965 0.7578897
-1.131687 -1.383793 -1.383793 0.5807202 -0.6977936
-1.105865 -2.128196 -1.169224 -0.3566065 1.199658
-1.101037 0.8079157 -0.9770353 -0.6716792 -0.7308077
-1.191063 -0.9558576 0.8371048 -1.44455 -0.3545513
-1.408034 0.966476 0.6709464 0.9319798 0.9319798
-0.9413752 0.5907703 -1.622509 -1.378003 -0.5913895
-1.237531 -1.237531 0.5662157 -1.040588 -0.8079446
-1.156318 -0.8861726 -0.7615176 1.127026
