-2.591119 2.468803 2.452199 1.479032 2.213463
-2.396266 -2.733904 -1.465626 1.585236 1.761642
1.631027 1.67361 1.512297 2.319366 -3.26042
1.994808 1.999581 2.573029 1.748277 -1.770124
2.266771 2.532831 2.138678 1.835899 2.147536
2.291087 2.186881 2.347066 1.754012 1.378383
2.076264 2.488645 1.53282 -1.901063 -1.747606
-1.59938 -1.473718 -2.06328 -1.475479 -2.122688
-1.688885 -1.439793 -2.541418 -2.522718 -1.372082
1.224709 -1.865239 1.501998 2.111962 1.624089
1.906298 1.677732 1.176348 2.029196 -2.10846
1.156593 1.566406 1.233149 1.54195 1.987422
1.739615 2.449421 1.635121 1.50371 1.407396
2.473898 -1.931888 1.310773 1.792434 2.279759
2.531279 1.379613 1.19911 -2.221706 2.103207
2.000485 2.193552 1.912971 2.141196 1.339421
1.481197 2.759941 1.237458 2.138036 1.521265
-2.222898 2.401911 -1.14445 2.858161 -2.787006
-1.433341 -3.26042 -1.295463 1.093488 -1.094334
-2.173193 -2.213463 -1.469279 -2.532831 -1.153604
-1.537732 -1.591051 -1.517337 1.253584 -1.521265
-1.271552 -2.223575 2.10775 2.005579 -1.669181
