2.566142 2.730959 -3.095522 1.398979 -2.067606
1.964368 1.308507 1.878806 2.005959 -1.94693
2.523574 -2.613674 1.245331 1.576016 1.699525
-2.157957 -2.910963 1.149691 2.442769 1.572734
1.727518 1.845468 1.845468 2.381855 1.829795
1.425586 1.569762 1.606097 1.634661 1.098446
1.642726 -1.531081 -1.545194 2.730959 -0.8145671
1.774569 0.8852804 -2.390209 0.6203179 0.7173647
0.6174889 1.347343 0.6604169 0.8526139 1.510063
0.6361495 0.8052806 0.8815985 0.5465398 1.292688
1.172999 2.068376 0.7002943 0.7669274 0.5182755
1.334184 0.624766 1.194341 0.8812759 0.9262789
1.229576 1.229576 0.5787231 1.050905 0.7010842
1.07821 0.6726934 0.5331934 0.6806243 1.393828
-0.8998228 -2.080066 -1.196876 0.6306557 -0.7037637
