2.402012 1.661829 2.05918 1.759523 1.988664
2.588698 2.784092 2.588783 1.995286 -1.924245
2.001199 1.904576 1.92371 1.841691 1.939368
1.388931 1.631355 1.835611 1.063256 1.133877
0.9801535 1.184281 2.470317 0.5934132 0.8371671
1.619209 0.8362208 0.80317 0.5582049 1.510633
1.11535 1.430848 1.219055 1.197462 1.017263
1.458888 1.269845 1.422619 1.223826 0.9998097
1.173686 1.334048 1.047782 1.935587 0.9373727
1.237536 0.8206668 1.420463 2.307702 0.7955438
0.9641839 1.636272 2.081134 0.6499178 1.38109
1.395691 2.012646 0.9708864 0.9216407 0.8183096
1.245284 0.7893867 1.613444 0.9304326 1.132711
1.241144 1.603028 1.487334 0.5457992 1.132588
0.7319145 0.9222483 1.257781 1.684606 1.065153
0.8714448 2.476458 1.193448 0.7236476 1.411171
0.8845104 0.9520841 1.247533
