-1.699998 1.233433 2.10213 1.900553 0.9202638
2.224897 1.207056 2.179836 1.266205 1.422179
1.371592 1.558377 1.447984 1.453409 1.597934
1.413445 1.590342 2.018442 1.705856 -2.744254
-1.051272 0.7770808 1.13382 1.549062 0.952985
0.7160937 0.9827923 0.9125674 1.286686 0.9877588
1.036405 1.093103 1.125993 2.046731 1.274521
0.9478439 1.704096 1.87183 0.9445595 0.9627317
2.385624 0.7725098 0.9632343 1.029121 0.8865703
1.61748 1.018397 2.347474 1.828314 2.477163
1.336399 1.582306 1.560032 1.556152 1.143427
1.740003 1.106275 1.030199 2.032695 1.172892
0.8105714 1.227699 0.9359854 1.279135 0.9453975
0.9548952 0.9752084 1.101395 1.252576 1.187585
2.710985 1.847663 1.473943 1.331532 0.9932753
0.9381586 1.540555 1.268437 2.129239 0.82942
1.377114 -1.008297 -1.971613 2.018442 2.018442
-1.361608 -1.770347 -1.234664 -0.8741188 -1.678431
-1.272257 -4.615271
