-2.676449 -1.980459 -2.939493 -2.255252 2.843861
2.556582 2.209041 2.733055 2.27101 -2.233717
-2.448034 -2.84287 -1.736065 -2.294924 2.475007
-2.910885 -2.691722 -2.346126 -2.243621 -2.233717
-1.909437 -2.166438 -1.831194 -2.090369 -2.060459
-2.691716 -2.61191 -2.334206 2.435321 2.137959
2.490376 2.564639 -2.33566 1.701707 -1.537417
-1.610892 -1.568684 -1.78569 -1.822105 1.8879
-1.694399 1.944959 -1.819966 1.592394 2.462572
2.751691 -2.164437 1.73889 1.761368 1.525722
-1.999099 2.412273 -2.031284 -1.680586 -2.069239
-1.909591 -1.497149 -1.859107 -1.514002 -1.641223
-1.814211 -2.066883 -1.525722
