-1.074466 1.511851 1.425365 1.155697 1.244521
1.462965 1.251818 0.9457746 1.090408 1.007067
1.344912 1.1228 1.172473 0.9663336 1.435506
1.364834 1.057927 1.392631 2.282398 1.374147
1.634254 1.140644 1.36396 1.230809 1.461358
1.280367 1.152466 1.118639 1.155574 1.199684
1.264943 1.215116 1.306044 1.395569 -1.129467
0.9912556 0.9666998 1.297852 1.377763 1.050936
1.062322 -1.156357 1.322247 1.334786 1.293899
-1.363109 1.425365 1.251656 -0.9904187 -1.462965
0.9859956 2.075846 1.455772 1.374147 1.524517
-1.074466 1.361451 1.651936 1.466253 -0.9594073
1.991274 1.299446 1.2154 -1.215116 -1.382147
-0.9029208 1.411208 -0.9106685 1.047797 1.310529
1.097447 1.675901 1.55336 1.070346 1.720624
1.396789 1.351001 0.9357306 1.212056 1.214276
1.016099 1.049349 0.9990284 0.9202585 1.421797
0.984741 -0.9826735 1.057927 1.357967 0.9666998
-1.295068 0.9222392
