2.721221 2.701767 2.661608 -2.719889 2.565055
-2.800536 2.6738 -2.801755 2.587158 2.468719
-2.633094 -2.722565 3.188972 2.308942 2.467925
2.725529 4.908491 2.590391 2.636755 2.741059
2.737041 2.621395 -2.184799 -1.505489 -2.425725
1.884477 2.685167 2.718364 -1.951925 -2.431485
3.188972 -2.14635 2.499534 2.725529 2.725529
2.758032 -1.881686 -1.837342 -1.291991 1.883443
1.980223 1.819068 0.9244783 1.66304 1.398694
1.124328 1.45308 1.122301 2.215978 1.88693
1.251013 1.461471 1.24841 1.897344 1.30674
-3.188972 2.146629 1.398157 1.66304 -1.738602
-1.231165 -1.405046 1.600988 -2.210175 -1.104257
1.667971 -1.591741 2.495893 2.608777 -2.608777
-1.291991 -1.291991 1.883323 1.14405 -1.106465
0.8238073 1.294308 1.478929 1.507629 1.576556
0.6428012 1.534981 1.10856 1.796777 1.088448
1.634686 2.42371 1.018103 2.107789 0.9036792
1.188654 1.463518 -0.8892954 1.699228 -1.651361
1.81191 -2.161146 -2.529134 -0.7088691 -1.910074
-1.158107 -1.788817 -1.339689 -0.6800161 2.323457
-1.291991 -1.291991 1.770966 1.631808 2.469204
1.971064 1.227148 2.044745 1.669365 -1.701596
