2.567538 2.533726 2.735584 2.366621 2.874254
2.728344 2.572934 -2.99456 -1.513719 -2.26395
-2.225636 -2.386994 -1.615746 -1.677487 -2.890064
-2.304783 -2.308584 -2.36775 1.059029 1.418295
1.031918 0.6530982 1.027483 0.90039 1.372568
0.7074466 0.8123864 1.245045 1.515295 1.410031
0.4885529 1.305618 0.5537097 0.8872775 1.042439
-1.097435 -0.6154784 -1.007209 1.009379 -0.6091167
-1.107803 -1.356055 -1.103764 -0.7754531 -0.4429683
0.478045 -1.27655 -1.55603 -1.298624 -1.206069
-0.4673613 -1.225661 1.216396
