-1.203723 1.0247 2.357962 1.117323 3.799027
1.37928 2.124774 0.8298543 0.7687685 0.8657738
1.322295 1.07548 0.780792 1.191145 1.159675
1.385941 1.24408 0.8505174 2.612663 -0.7664029
1.402624 0.7755711 0.980076 0.9356972 1.376439
0.9983792 0.7623728 1.399059 1.099559 0.7892985
1.31187 1.716051 0.9103388 1.506093 0.6128105
1.129764 1.15425 1.89165 1.104325 1.746282
0.8616034 0.9681183 1.385584 0.9044831 1.253904
0.9978931 0.9834277 1.071411 0.8792124 0.8181345
-0.6141336 -1.702805 -0.7727868 0.8132459 1.414814
0.6695159 -1.531593 -1.203723 0.8489703 0.6796727
1.14227 -0.7664029 0.7506549 0.7187601 -1.566199
-1.446665 -2.149747 -1.108765 1.447311 -0.6640528
0.7364065 -1.59798 1.74858 -1.374297 -1.123585
1.230917 1.025262 -1.010645 0.7425774 0.8659674
-1.467032 -0.7793448 0.9530468 2.342515
