-2.693147 1.790022 -0.9839522 1.517414 2.28974
1.595961 1.334774 1.173655 -1.618017 2.33596
1.209601 1.511407 1.056322 -1.154878 1.74975
-1.251366 1.781275 -1.618017 -1.041507 -1.029286
-1.776664 -1.430011 -2.6007 -1.379035 1.070488
1.328781 1.173951 1.443713 0.8923712 0.8681601
0.661154 0.6291075 1.07027 1.511791 0.7196476
0.8105516 0.8490145 -0.7084792 1.274977 0.6854925
1.410791 0.6422021 0.6933354 0.7785807 -1.154878
-0.857803 0.6841979 -1.66423 -1.74975 1.74975
-1.917379 -1.251366 -1.179225 -2.643961 -1.074675
-1.494984 -1.92908 -1.025171 -0.6826972 -1.093108
-2.33596 -1.61969 -1.968548
