2.325625 2.190262 2.476241 -2.146884 -2.560151
1.642823 1.970951 2.149925 2.150936 1.416544
1.460415 1.109869 1.895863 1.042197 1.572448
2.345666 1.857511 1.657937 0.919875 1.773775
1.649352 1.041765 1.831232 1.033281 0.7541326
2.389152 1.094824 1.57472 0.7900142 1.647058
1.974335 -2.15733 2.221164 1.48248 1.510505
1.510505 2.07968 0.9617785 0.767614 0.7733438
0.4887909 0.6965607 0.4971646 1.155553 0.6794563
0.984175 0.5878973 1.359315 0.6667469 0.7750023
1.630305 1.090673 1.496844 0.5351744 0.815776
1.769018 0.9589244 0.6387586 0.7394701 0.6592329
0.5041003 1.11437 0.5465072 1.347747 0.5422984
0.7174219 0.8347546 0.6396102 0.9822073 0.8434284
0.7290524 0.5078151 0.3589643 0.787888 1.060647
0.7054687 0.9252435 1.173658 1.433679 0.7531372
2.040587 0.8300656 0.7155676 0.7260416 0.3701321
0.9402285 0.4171242 0.8729894 0.7655125 0.6160755
1.18819 1.579423 0.707102 1.66483 0.4851522
1.167866 1.079608 0.7287219 0.9597442 1.118871
0.9762416 0.7287761 1.014946 2.058709 0.6373792
1.435484 0.7835447 1.510505 0.6935925 1.19753
0.9640152 0.5947318 0.4655328 0.474544 0.900378
0.9288384 1.030966 0.7124484 0.7237985 1.042383
0.930506 1.247411 0.8961282 0.9703346 0.4576358
0.7995355 0.5369184 0.7780242 0.4756097 0.5500371
1.864969 0.8061806 1.351368 0.5233195 1.625898
0.4441987 -1.642823 0.7907138 -1.709343 1.510505
1.247411 1.114371
