1.133305 1.414167 1.233946 1.295871 1.10918
1.569524 2.112313 -2.743528 -1.447696 1.488476
1.412464 -1.41567 1.727115 1.505378 -1.578738
1.221154 -1.565861 1.472315 1.222523 -1.345321
1.593187 1.547794 -1.827945 1.375671 1.484694
1.412915 -1.147646 1.128925 1.32374 0.9094092
1.735631 -1.298866 1.937988 -1.44731 -1.244445
-1.72215 -1.205847 -1.571042 -1.579651 -1.581891
-1.455206 1.141824 -1.838743 -2.215175 1.882816
-1.301027 1.456279 -1.248515 -1.716184 -1.510403
-2.550668 1.671851 -1.922421 1.502449 1.271545
1.360749 1.133948 1.282998 1.73155 1.154835
1.55618 1.472986 1.27776 1.299042 1.178397
1.382573 -1.616142 1.525502 1.944087 1.200491
1.133305 -1.589779 -1.693092 -1.24931
