3.001941 3.450784 3.117889 2.75607 3.056608
3.028258 3.093393 2.844921 2.952984 3.23378
2.871172 2.897555 2.791852 2.672658 2.955781
2.873672 3.021126 2.581222 2.704445 3.128387
2.988558 3.091885 2.963737 3.116024 2.972249
3.465085 3.174459 2.924273 3.171868 2.805111
3.105656 2.7646 3.190089 3.291953 2.377887
3.053901 3.093393 2.782764 2.81708 2.883904
2.938825 3.319012 2.598352 1.988861 3.300376
3.176905 2.705409 2.838492 3.107714 2.820699
2.969142 2.108951 2.06474 2.215951 1.739832
2.540329 2.081259 -2.287321 -2.134278 -3.090846
1.82182 1.999517 1.906208 1.920377 1.292943
2.584344 1.243852 1.962626 2.18177 2.257414
1.309125 2.327748 1.528934 1.594877 2.021447
1.941217 1.778858 1.395273 2.356983 2.073134
2.359858 1.77045 1.980819 2.153899 1.917718
1.466788 1.929973 2.303585 2.275193 2.088488
2.167907 1.54871 2.691023 1.705163 1.405932
1.764663 1.604488 2.672457 1.867521 1.296254
2.468971 2.698099 2.047138 1.812341 1.565684
1.655342 2.007783 1.851866 2.860284 2.178949
1.554692 2.285709 1.813873 1.547385 1.613743
1.453676 2.657552 2.062786 2.04305 2.222863
2.140779 1.523824 2.139847 1.521553 2.150382
2.445049 1.850105 1.998148 2.812207 2.035981
2.020835 1.836007 1.637702 1.938198 1.571803
1.854104 1.888722 2.246759 1.992706 1.809072
1.994352 2.228585 1.514758 -2.0627 2.280278
2.001823 2.101019 2.012472 1.295116 1.57911
1.475829 2.050573 1.947775 1.282353 1.679896
1.9655 2.104549 2.244151 1.923878 1.586918
1.760567 2.158411 1.996571 2.074179 2.372698
2.188482 1.809139 1.911523 1.966666 2.072216
2.094071 1.492714 1.963618 1.3176 2.071361
1.689831 2.266575 1.615663 1.889258 2.514461
2.023735 -1.693581 2.253506 1.466044 1.877342
1.725579 2.672748 1.823362 1.818999 2.137109
2.118508 1.661844 2.346159 1.73997 1.550594
2.45361 2.327585 1.443812 1.651504 2.086067
1.716151 1.816996 1.978615 2.190401 2.195075
1.945358 1.753048 -1.937226 -1.765322 1.935256
2.454271 -3.090846 -2.525446 1.980236 -1.727677
1.78694 1.679896 2.171863 2.672107 -2.063885
2.405183 -2.878665 1.693215 1.355329 2.093657
1.899422 1.509813 2.36935 1.466162 2.318508
1.59824 1.746425 1.674242 1.592057 1.631114
1.953442 1.285245 1.736802 2.100392 1.521459
1.872121 1.610992 1.721779 1.990258 1.572842
1.49842 1.429332 1.505189 1.539681 2.216905
1.867408 1.401409 1.60056 1.490647 1.665577
1.726717 1.862611 1.638597 1.885652 1.864508
1.521723 1.399884 1.598873 1.548404 1.392075
2.209071 1.688471 1.635681 1.613206 1.964969
1.565741 1.457792 1.673589 1.941502 2.401438
1.805016 1.744869 1.587932 2.097211 1.609688
1.583708 1.4405 1.695298 1.702054 1.763254
1.576922 1.39142 1.99473 1.697838 1.540366
1.48002 1.871185 1.57211 1.673873 1.794764
1.466629 2.031514 1.70705 1.506383 1.612991
1.92079 2.195511 1.93569 1.894107 1.376701
1.533579 1.6786 1.435906 1.653162 2.028878
2.412044 2.076398 1.426785 1.700379 2.663286
1.575006 1.851182 1.406848 1.705006 1.383549
-1.59096 -1.7591 1.533586 1.570912 1.623957
2.265683 2.05061 1.930998 1.495462 1.540993
1.442313 1.650407 1.808839 1.646551 2.062166
1.66431 -1.821071 1.647307 1.903619 1.707444
1.475519 1.621419 1.726511 1.646512 1.434283
1.613524 1.731446 1.710038 1.66401 1.585094
1.707401 1.753063 1.646763 1.863888 2.093114
2.076684 1.421707 2.074626 1.556251 1.606699
1.24581 1.476704 1.641881 1.61733 1.349541
1.754158 1.660716 1.828842 1.820929 1.637126
1.834545 1.609694 1.618462 1.551881 1.638036
1.899422 1.633212 1.889105 -1.942545 1.721779
-1.911555 -1.624984 -1.917718 -1.514146 1.593697
-2.062786 -2.139847 1.702054 1.571803 -2.167809
1.591008 1.93569 1.450644 -2.045659 1.660635
1.451223 1.435744 2.29138 2.326826 1.471553
2.447118 -1.540993 1.702173 1.859145 2.486376
1.726447 -1.292649 1.921175 2.857337 1.535586
1.343319 1.686943 1.529985 2.144117 1.877929
1.556743 1.576178 2.120357 1.336003 1.54653
1.911128 1.360447 1.431391 1.815734 1.912291
1.807163 1.823927 1.471535 1.524006 1.467658
1.435028 1.835361 1.772664 1.830629 1.657756
1.571751 1.319935 1.66492 1.654406 1.280654
1.985794 1.686711 1.473261 1.649049 1.85402
1.767073 2.066188 1.395291 1.69732 1.582217
1.571234 1.757354 1.837037 1.633859 1.623241
1.654835 1.328864 1.489143 1.572826 1.707412
1.519475 1.302464 1.632273 1.695023 1.391869
1.464546 1.723665 1.353198 1.591008 1.476476
1.388117 1.59264 1.48655 1.319762 1.351672
1.842446 1.635435 1.461235 1.392119 1.797096
1.652231 1.400646 1.440922 1.753903 1.574921
1.727952 1.64249 1.64249 1.462683 1.439961
2.598552 1.765422 1.665836 1.752096 1.859145
1.309844 1.387616 2.011748 1.653558 1.731446
1.64117 1.492013 1.398492 1.660097 1.459161
1.276674 1.467125 1.351221 1.531642 1.510766
1.5899 1.383401 1.738857 1.534895 1.631594
1.779987 1.605732 2.122536 -1.693215 1.633212
1.704064 1.704064 -1.484178 1.457792 2.401438
-1.871952 1.859145 2.153646 1.545562 1.703316
1.479809 1.479809 1.403843 1.769386
