2.823618 3.157223 2.684966 3.081137 2.805101
2.95356 -2.808361 2.368883 2.905101 2.827496
2.112693 -3.061963 2.471787 2.901688 2.594346
2.95403 2.613167 2.464411 -2.730155 -1.68798
1.734273 1.870043 1.364901 1.409743 1.269443
1.357101 1.793358 1.638391 1.393302 1.85408
1.825102 -1.194783 -1.218809 -1.204144 -1.504087
1.545567 0.6464364 1.04655 0.7913295 2.009197
1.233728 0.8951243 0.7381568 0.549624 0.5813918
0.8193618 0.7021734 0.9488911 1.116043 0.5791927
0.9707493 1.147832 0.9884913 0.7019678 0.9418443
0.5420627 0.7291032 1.32976 1.147832
