2.866883 3.023004 1.717518 1.728841 1.569756
2.216689 1.773254 1.881741 1.255213 1.177889
1.381311 1.278644 1.548917 1.427414 1.753261
1.363538 1.885947 0.7130625 0.3898269 0.7905968
1.261512 0.5011097 0.3912447 0.6321516 1.157324
-0.6176253 0.5457085 0.8748526 0.6634372 0.8549942
0.8800387 0.9427142 1.804214 0.6730081 0.4669324
0.6712716 0.52276 0.9705003 0.796392 0.684404
0.7615886 0.8841965 0.557725 0.8181091 1.169073
0.5991463 -0.5900251 0.9966553 0.6146563 0.7799439
-0.4709764 0.4936836 0.9530879 0.7324379 0.5342783
0.4604542 0.7493288 0.8258447 0.524405 1.71545
1.370983 1.229936 0.9605721 0.5417676 -1.775057
-0.547891 1.548277 0.5996659 0.4472904 -1.303784
0.6492063 1.71545 1.263823 0.5369384 0.6274158
0.821353 -1.057125 0.6006005
