3.019298 -3.106333 2.961453 3.550326 2.909625
5.510981 8.079096 2.91269 2.495288 2.521006
2.851941 3.432421 2.569015 -2.991308 2.40263
2.443641 2.220411 2.482537 2.229033 2.124046
2.755288 1.837386 2.881203 2.881203 -3.246279
2.288573 3.035668 2.021469 2.166293 2.235146
-1.852093 2.745456 2.063261 1.847631 2.08473
1.910328 1.859989 1.654574 1.727926 1.618155
1.936814 1.848014 1.977591 1.825194 1.835323
1.75909 2.354387 1.532898 1.854254 1.842611
2.258256 1.847631 1.874381 -1.974902 -2.039792
-2.031434 -2.154839 -1.921208 -2.354387 1.92835
1.949716 -2.235146
