-2.61739 3.048217 -2.7352 -3.051466 -3.090215
2.536659 -2.412888 -3.011871 2.551259 -2.734368
2.627765 2.575886 2.17141 2.250567 2.598144
2.188707 -2.432729 -2.655725 -2.054261 -2.612075
3.048217 1.915705 -2.257478 0.9953215 1.405321
-2.328606 -2.294007 -3.15418 -3.15418 -2.119207
-1.997845 -1.421484 2.534334 -2.171626 2.736018
-1.912388 1.720769 -2.338034 -2.192887 -2.057929
-2.270186 -1.575918 -1.982352 -2.380024 -2.432729
-2.605871 1.636037 -2.587428 -2.230806 -2.359946
-2.256788 0.9428432 1.334862 -1.476193 1.709337
-1.632385 -1.285323 0.9747587 0.9871309 0.555488
1.070293 -1.8209 1.302936 -1.339431 1.377018
1.243712 1.597209 1.585724 1.050622 1.675614
0.86312 2.094674 1.392745 1.769085 1.559365
1.145507 -1.476193 -1.459152 -1.633993 -0.7651227
-0.7651227 1.699351 -2.036932 -2.359946 -1.342407
-1.302936 -1.650049 1.318335 1.517826 1.701317
-2.884128 -2.884128 1.563973 0.8429908 1.36124
0.6299161 1.238025 0.6183247 1.060929 0.5257005
1.336568 1.163517 0.8405185 -0.8685778 0.726418
1.063971 1.424902 0.62077 0.8205205 0.577625
0.8128413 0.5378695 1.180602 -1.022841 -1.276639
-1.070293 -1.110104 1.059601
