2.999909 -1.956888 1.737945 0.8886933 2.090507
0.8661715 1.09439 0.8844794 0.8244718 0.4846222
1.096077 0.632935 1.17948 0.7955104 0.7955104
0.981492 -0.4839177 1.196862 0.6512519 0.7656633
0.9887267 1.636463 0.4673938 1.234579 0.6317394
1.401527 0.6293089 0.8016047 1.357732 0.6261846
1.785033 1.093415 1.1677 0.9143541 1.543439
0.5781511 0.5537676 0.6956768 1.234287 0.6147106
1.629161 0.5399901 0.8115483 0.6734275 1.628717
0.8120891 0.6516703 1.131066 0.6250504 1.103948
0.8155447 0.8735623 -0.7857302 0.708907 1.466433
0.4707088 0.7662439 0.8663879 0.6363938 1.907386
0.3905088 0.713084 0.7247874 0.8003232 -1.206705
0.6422928 1.103606 0.9706873 0.5880999 1.105559
0.8692249 0.8941221 0.6632726 1.222768 1.442017
0.4441987 0.9728206 1.643995 0.750742 0.8751249
1.076799 0.9819381 0.641322 0.9575657 0.6766369
1.002944 1.02389 0.9441082 0.7991737 0.6324451
0.8602442 1.509542 0.7197124 0.9016207 0.8679033
0.5576729 0.9012893 0.7306883 0.467113 0.7399546
1.065774 0.8902306 1.118001 0.8652676 0.7191014
0.5623375 0.5259268 0.661776 0.47957 0.6093547
0.6300403 1.75051 0.6546701 0.4992764 7.784311
0.8301479 1.003883 1.181108 1.251967 0.5867389
1.626653 -1.271017 -0.728398 0.8123381 -1.247485
-1.278305 0.6006005 -1.31308 -1.96093 1.509542
-0.646929 -1.069069 -1.986339 1.118001 1.75051
1.015128 0.578288 0.634231 -0.99829
