2.734489 2.805664 2.620019 2.548565 2.42808
2.307298 2.480279 2.795154 2.358484 2.935346
-2.281158 2.355795 2.379355 2.499127 -2.93311
-2.753083 2.019155 2.529148 1.881513 2.094449
2.704894 2.493745 1.860585 1.938678 2.593522
2.376334 1.953804 2.080188 2.553027 2.362917
-2.753083 1.876337 2.650343 2.504224 2.561628
2.721652 2.107589 2.788178 2.569486 2.407228
1.855026 2.762956 3.139072 -2.287522 3.15872
-2.198636 1.873886 -2.72408 -2.662072 -2.753083
2.357048 -2.099267 1.256326 2.502706 -1.729915
1.879369 1.631689 1.95224 2.253265 1.985024
1.487935 1.856924 1.967649 1.875264 2.362093
1.888943 2.201134 2.508762 1.946823 1.783169
2.216823 1.741052 1.01566 2.058339 2.612375
1.572224 1.67891 1.363276 2.531928 1.510716
2.656285 1.750293 1.770247 1.745818 1.100603
3.15872 2.113029 -1.418535 1.957081 -1.204387
-2.726656 -1.195374 -1.065827 0.8212162 1.383434
0.9080923 0.9747098 1.137204 1.069387 1.362938
1.226753 0.8842067 1.242459 1.062746 1.210305
1.432196 0.9930569 0.7005288 0.8730063 1.308446
1.331209 1.179554 1.133464 1.548379 0.9515195
1.390464 1.015713 1.287734 1.463312 1.06219
1.415044 0.7959376 0.9948402 1.198415 0.7688835
1.009617 1.495207 1.132332 0.8272873 0.8142926
0.8243568 1.02078 1.045573 1.00294 0.7663031
1.128049 1.082404 1.269908 1.002379 0.8834814
0.9834378 1.42996 1.176008 1.179794 0.7065767
1.042408 0.7072846 1.323699 1.093202 1.072265
0.9255877 2.231083 1.628593 2.312626 1.40996
0.9554234 1.147508 0.9015419 1.422379 2.91656
1.386843 0.6150447 1.470095 0.9221797 1.659076
1.004184 0.8828097 1.146094 1.016579 1.203474
0.6084286 1.532379 0.8574789 0.8078278 1.04115
0.9579967 1.400283 0.9729613 1.057239 1.043426
1.158979 1.062504 0.7051928 1.053277 1.137261
0.9977224 0.6884297 0.8988655 1.317924 0.8532404
1.437553 1.118586 1.517611 0.9655672 2.753083
1.311772 1.256844 1.447394 0.8080155 1.566184
1.281891 0.8186676 0.9280862 1.620721 1.063699
1.531866 1.370023 1.58451 0.8784966 2.111157
1.225045 1.441807 0.7994493 1.114111 2.108883
1.163025 0.8413433 1.741823 1.185649 0.7582009
1.120055 0.6727751 1.171301 0.9521584 1.41246
1.26672 1.407044 2.663344 0.8040013 0.8285476
1.350274 0.8293887 0.9060061 1.078735 1.355516
1.19922 0.8722526 1.494021 1.008178 1.377452
0.8500454 1.172294 0.8858121 1.251141 0.8897136
0.8429327 1.143081 1.600351 0.7517591 0.9874252
-1.135285 -2.018342 1.00294 0.776843 0.7694025
2.186689 1.049241 1.292951 1.160533 -2.726656
0.7062607 1.811698 1.819719 1.420985 1.865219
1.805046 1.63015 1.613752 1.753768 1.702519
