2.231047 1.736687 2.321609 2.191905 1.952513
2.649131 1.878266 2.342299 2.077182 1.754274
1.518705 2.210084 2.31193 2.615609 1.963318
-2.053235 1.546072 1.96601 1.492876 -2.524294
-1.197978 1.614404 1.997096 -2.019951 2.024583
1.786451 1.896681 2.070026 1.702859 2.417438
2.338719 2.057981 2.225931 2.162448 1.887536
2.276481 1.451218 2.217445 1.911664 2.222401
2.032184 2.12087 2.425718 1.889936 1.613924
1.754416 -1.393609 1.297541 1.57685 -1.50258
-1.259332 -2.088325 -1.952513 1.541179 1.538431
-1.433307 1.401961 1.832922 1.703181 1.099348
1.668318 1.996244 1.824104 4.227645 2.487579
1.628007 2.225135 1.635068 2.024061 2.100109
1.814695 2.14039 2.225342 2.116884 1.959038
1.559306 1.365283 1.476978 1.447008 2.071014
2.186926 2.143078 2.046371 1.707697 1.608466
1.300628 1.849551 1.616 1.576671 1.305759
1.327765 2.060359 2.460097 2.648335 1.496209
2.258893 2.179634 2.277056 2.233618 1.576659
2.266355 1.618243 1.947487 1.278014 1.767592
2.077592 2.240039 1.433947 1.120652 1.501372
1.503064 2.044978 -2.077858 -2.268288 1.860585
2.374286 1.854459 1.553083 2.172226 1.873668
1.750337 1.770891 1.687607 1.560193 1.88538
1.206423 2.23053 1.753705 -1.227924 2.041202
1.093577 1.663998 1.560043 1.576367 2.121484
4.899433 1.758331 1.521036 1.569725 1.837518
1.518266 1.909591 1.537791 1.840949 1.558857
2.497247 2.330759 1.225095 1.494676 1.941244
1.657579 2.147841 3.481758 1.887237 2.081046
2.24213 2.413202 1.404178 1.868869 1.456233
1.92739 2.048297 2.071014 1.643106 1.676833
2.101429 2.30405 1.495666 1.664335 1.84814
2.591841 2.171322 2.220768 2.394352 2.515647
1.504234 4.478888 1.662843 1.705165 1.599931
1.404813 2.524894 1.900774 2.289023 1.735258
1.621217 1.698091 1.906952 2.057099 2.121146
1.809644 1.808243 1.94513 1.52619 1.644085
1.998438 1.803891 2.150321 2.215304 1.789344
1.588126 2.266368 1.814958 1.87982 1.560043
-1.72383 1.521036 2.151698 1.983253 1.558857
1.558857 2.024061 1.289096 2.824239 -1.35503
1.740128 1.598884 4.236649 2.08799 2.688392
-1.172943 1.125825 1.466221 1.605245 2.006936
2.460097 2.277056 2.02339 -2.421139 2.160059
-0.9892371 2.511597 1.842207 2.407474 1.628111
1.762896 1.781855 1.389546 2.509615 1.837388
1.871162 2.381539 1.916439 1.711721 1.933607
2.500714 2.008241 1.702202 1.779488 1.654974
2.059317 2.091114 2.320176 1.950159 2.021175
2.605211 2.264277 2.206939 2.172077 1.962071
1.688885 2.678375 1.891755 1.493559 1.592911
1.611951 2.269537 1.95189 2.270985 1.919001
1.739611 2.274783 2.053675 2.135492 1.884289
-1.663998 -2.070965 2.586546 -1.305159 1.907688
-1.530213 2.068203 2.374286 1.611183 1.451643
2.063701 2.454247 2.071014 1.86962 -1.643106
1.598884 1.691822 2.591841 1.470417 -2.515647
1.77369 1.605245 -2.584741 1.698091 1.67781
1.497935 2.052976 -1.559549 1.72886 2.108785
1.93288 2.822156 3.000268 2.119403 1.922952
-1.792513 2.210624 1.591738
