3.28252 2.714772 2.668277 1.758548 1.875561
2.42207 2.172322 2.72804 2.719463 -2.868107
3.032409 1.587144 2.083188 0.9574478 1.872992
1.856551 2.047848 2.14251 1.760823 1.813363
0.9135282 0.9546886 1.018808 1.255868 1.645926
2.022352 1.678805 -0.6112745 -1.321418 1.543095
-1.911042 1.7531 -2.974048 0.738973 0.3678465
0.6762425 0.9849644 0.679288 0.9419932 0.3002173
2.018044 0.7644637 0.593111 1.229664 0.6478673
1.232281 1.004075 1.063017 0.854757 1.543095
1.255462 1.097539 0.738973 -0.6492086 0.8027679
0.8845804 0.7448435 1.543095 -1.255462 -0.9488546
0.5043184 0.2448214 0.8957215 0.8120382 0.3964915
0.6433843 -0.9813563 0.8916317 1.062141 0.9694092
0.4051895 0.9272936 0.5821366 0.644648 0.5043184
0.7613337 -1.209125 1.364782 0.3930198
