2.686736 2.249112 2.529602 2.119513 2.283314
2.254748 1.732578 1.678266 2.3433 2.408162
2.271601 2.066866 2.4163 -1.524302 3.49554
-2.157356 2.164418 1.845996 1.928414 2.725315
1.954271 1.927025 2.125662 2.124164 2.256758
2.159597 2.632054 1.934144 -1.989908 2.385661
1.866829 2.049574 1.826168 1.527305 2.342689
1.59931 2.724156 2.348337 2.504609 1.501023
2.041085 2.110179 1.950059 2.038731 1.935397
2.010924 2.193295 2.254011 2.020005 2.000392
2.423753 2.230347 1.889303 1.851348 2.903308
1.411351 2.1365 2.164418 1.585266 -2.725315
-2.725315 1.667194 -2.632054 2.903308 2.903308
2.322653
