1.40581 1.84292 2.000482 1.747937 2.178466
1.13585 1.825068 1.452176 1.105647 1.819964
4.472342 1.05502 1.364534 1.56989 1.192157
2.143917 1.914094 1.222799 1.641433 2.236547
1.01032 1.175478 1.695498 1.313513 1.108345
1.294134 1.880454 2.087116 2.229387 4.314089
1.412169 1.025595 0.951227 1.545667 2.098556
1.49103 1.230955 1.811035 2.255107 1.344497
1.508827 1.5704 1.695407 2.002411 1.197786
-1.192157 -1.729058 0.8506349 1.766599 -2.254487
-0.5670743 1.216435 1.168355 -0.6697178 -1.603132
-2.640496 -1.772934 1.772934 0.9409966 1.974826
0.6012593 -1.278237 -1.336936
