3.322508 3.048921 -3.234944 -2.78206 3.053502
3.223004 -3.269306 2.835197 3.303974 3.494826
-3.095627 -1.887464 2.898094 2.360492 2.839683
3.084003 3.494826 3.114976 2.584798 -2.953221
-2.395242 1.955727 2.606462 2.790998 2.417253
2.587693 3.097411 2.616612 2.956844 2.61207
2.05054 2.587723 4.680373 3.494826 -2.499663
-2.567422 1.846682 1.970123 1.650523 1.594622
1.593265 1.519224 1.414529 -1.641036 1.493511
1.431837 1.93955 1.821137 1.333823 1.524129
-1.505957 2.224541 1.675986 2.114985 1.666983
1.618945 1.473433 1.509369 1.601459 1.748059
2.148339 1.610857 1.62265 1.73295 1.853452
1.336454 2.871825 1.613203 1.609399 1.931281
1.33632 1.584353 2.097714 1.623965 1.648881
2.099536 1.672773 1.877618 1.848832 2.494336
1.994912 -2.808833 1.624269 1.688308 1.683087
1.735955 1.679247 1.664633 1.6592 1.678884
1.78303 1.681871 2.92144 1.419067 1.686477
-2.294057 1.559316 1.556963 1.731629 2.669771
1.59248 1.574486 1.767058 2.55067 1.878499
2.135345 1.557318 1.791835 1.546835 -2.087651
2.281262 2.089876 1.619815 1.846805 1.539214
1.630185 1.646811 -2.544441 1.873082 1.650565
1.492222 2.260277 1.417111 1.551002 1.673493
1.603691 1.720485 1.689735 2.604283 1.392307
1.776601 1.782787 3.26514 1.839979 1.518552
-1.603689 1.716978 1.63257 1.582973 1.342382
1.699785 1.83601 1.914182 1.519187 1.55119
1.501847 1.536769 1.678945 1.415094 2.144815
1.599166 1.969061 1.517753 1.546252 1.626407
1.903827 1.74783 1.590444 2.61052 1.257006
2.013033 1.670603 1.806984 1.917037 1.591996
1.485922 1.682631 1.472925 1.276259 1.568441
1.49508 2.040885 1.610327 2.319001 1.506362
1.944534 1.828595 1.894183 1.91439 1.601083
1.653741 1.865263 1.775309 1.526268 1.609988
1.511648 -2.391596 1.887464 1.530409 1.510545
1.571356 2.41458 2.572982 1.584348 1.546419
1.574931 1.760892 1.300411 1.432653 1.926688
1.806539 1.672647 1.497235 1.637029 1.860112
1.576589 2.02212 2.087263 1.776708 2.319189
1.529933 1.700394 1.379759 2.018876 1.709724
2.160914 1.665609 1.519399 1.703647 1.568563
1.763426 1.76774 1.784321 1.481637 1.649853
1.54635 1.309051 1.507136 -2.333044 2.172407
2.613383 1.464415 1.650523 -2.203275 1.429724
1.512322 -2.080151 -2.257247 -1.688445 -2.583959
-1.627469 1.37478 1.780417 -1.926105 -2.360492
1.592413 1.408471 1.331674 1.331674 -1.773249
2.669771 -1.679605 -1.816096 -3.494826 -2.089528
-1.576741 1.779479 -2.614951 2.27555 2.229642
-2.544441 1.392307 -1.8341 -1.836415 -2.217616
1.761157 -2.108873 -1.501847 1.415094 2.144815
-1.546252 -1.52758 -1.741251 -1.574971 -2.056085
-2.167573 2.515077 1.573382 1.573382 -2.969966
-2.197822 1.775309 -2.723733 -1.926688 -1.646521
-2.277006 -1.560803 -1.777792 4.680373 -2.104186
-2.013811 -1.769398 2.160914 2.160914 -2.727698
-1.611291 -2.896807 -1.463941 -1.589855 1.587662
2.155776 1.919495 1.400612 -1.716369 -1.716369
1.768298 1.980794 -1.985614 -2.519279 -1.815213
-1.931281 -1.946898 -1.987986 -1.898096 -1.916106
