3.030226 2.908564 2.713929 -2.767046 -2.789971
1.736592 2.675441 2.673831 2.737997 2.908564
1.954125 2.530194 -2.789971 2.364452 2.489221
2.550349 2.711113 3.04067 2.822664 2.614078
2.515874 1.793194 2.043475 2.383099 2.449203
2.679639 2.191048 2.098085 2.027889 2.19604
-1.846467 -2.230716 2.908564 -1.693987 -2.500862
-1.807647 -1.807647 2.751086 -2.352489 -1.251235
2.308998 1.982311 -1.697023 -1.910879 2.031518
2.079087 2.19458 2.011645 1.474834 1.893439
1.688017 -2.50047 1.740162 2.317105 2.548595
1.302178 1.658358 -2.107016 2.106817 -1.156878
1.165968 -1.326981 2.031977 1.844946 2.33742
2.106817 2.00898 1.068457 1.870998 2.51655
0.6931061 1.029809 2.508893 1.89528 2.061706
1.132249 1.232909 1.146876 2.908564 2.50047
2.517254 1.46892 -1.079447 -1.055229 -0.8273425
1.532589 0.848026 1.23063 1.088285 0.6195141
0.8669692 0.463421 2.00898 1.431267 0.5939579
1.26419 1.423092 0.5771816 1.149474 0.9627974
0.630144 1.080293 0.9322715 0.9987464 0.4238521
1.11393 0.9007551 0.8812396 0.9116386 0.9886687
0.6649732 0.5352242 0.4705631 0.696042 0.8488571
0.6040527 1.180429 0.9597841 1.36984 0.8149426
0.4820188 0.6172688 0.841475 1.026565 1.132159
0.5568999 0.8003232 -0.5304543 -0.5621889 0.8006372
-0.5133689 0.5704254 1.739925 -0.463038 0.6990556
1.132159
