1.206297 1.468808 0.7682907 2.122976 0.9334794
2.202635 1.343681 1.59818 1.742443 -1.716367
-0.9524978 1.35045 1.361388 1.416261 -0.9492111
-1.998826 0.5854172 -1.214012 -2.476379 0.906145
1.383983 0.8987186 0.6193376 0.5401822 0.5731375
0.9125563 1.357571 0.8255191 0.804037 0.6490122
0.7936606 1.083013 1.380415 0.3910502 1.045096
0.4761463 1.10621 0.724879 1.249806 1.716367
0.5096431 1.006628 1.382318 0.9093803 0.4920899
0.5656691 0.6357819 2.024816 0.6777984 1.582371
0.6154541 -1.829483 -0.6899297 -2.270314 0.8250448
-0.6974993 -0.7576659 0.6403435 -1.450547 1.382318
-2.024816 -1.332721
