2.874984 2.737458 2.011816 2.563889 2.00423
2.158532 2.561869 2.533258 2.330636 1.601254
2.564384 -1.757435 -2.929942 -1.693868 -1.956286
2.240596 2.165414 2.239786 2.220216 2.13344
2.515369 2.151592 2.438541 2.424451 2.087141
2.142247 2.32097 1.680695 -2.240093 2.372195
2.483169 2.590941 2.074613 -2.304014 -1.746974
-2.23154 -1.773341 -1.633406 -1.66135 -2.38694
-2.00423 -2.007421 1.424946 2.006509 -1.264737
-2.525921 -1.956286 -1.727144 -1.873512 1.485405
1.689394 4.232943 2.395541 1.474139 1.967343
1.75706 1.89965 2.08027 -1.416402 2.058272
1.995874 1.310097 1.231341 1.894028 2.20844
1.792299 2.096244 1.512636 1.860783 1.475588
1.667413 1.239533 -2.373493 2.650976 1.375527
2.330236 2.199721 1.943791 1.205231 2.10361
1.773212 1.24545 1.769221 1.377792 1.384318
-2.320302 -1.119884 -2.181783 -2.475201 2.094294
-1.748308 -1.263597 2.162914 -1.57179 -1.202718
-1.592969 -2.217718 -2.18412 1.866801 -2.367952
1.623908 -1.949823 -1.282668 -1.084746 -1.12728
-1.186266 -1.773212 1.132419 2.103187 -1.297867
-1.810857 -1.091261 -1.483489 1.460837 -1.805074
1.868012 4.712706 1.317007 1.888306 2.490479
2.130766 1.169141 2.057664 1.902219 1.185388
-1.248929 1.984862 1.894028 1.464257 2.364343
1.952264 2.2939 2.142206 -4.333003 1.544549
1.363898 -1.236531 2.511988 1.847818 1.616123
-2.110097 2.059921 1.772919 1.789425 2.119709
1.683942 1.233435 2.254335 1.810099 -1.45182
-1.469847 -1.317007 -1.388592 -1.89965 -1.277021
-2.176152 -2.037249 -2.791505 2.042675 4.071095
-1.805419 -2.216419 2.594783 -2.578846 -2.270892
-2.079491 1.537172 -1.623806 -1.60023
