-2.15273 2.870222 -1.528788 -2.258903 2.266281
2.111372 -1.656547 2.078765 -1.862202 -1.59408
-2.468899 2.135559 -2.593679 3.175301 -1.511178
-2.137278 -2.255297 -1.903597 -2.779305 -2.1944
1.896017 -0.4671798 1.309323 1.939416 0.7113735
1.332799 0.8181241 0.5187481 1.384891 0.6803188
0.7758512 0.8248982 1.162144 1.258291 1.117269
1.561399 0.9267192 1.348207 1.203774 1.305853
0.8347781 0.9904492 1.292151 -0.9640673 1.309323
0.7479287 -0.9840042 0.966493 -1.28668 -1.685872
-1.117268 -1.558923 1.050314 0 0.9701575
0.9701548 0.7607938 -1.913833
