-0.8064213 0.8571577 0.6854876 1.055922 1.01887
0.6435329 1.106281 -1.188815 0.8600833 1.149244
0.7649339 2.444159 2.414232 0.9748577 0.6320655
0.5119743 1.117645 0.8085162 2.292122 1.693248
0.5770474 0.978178 0.7145443 -0.9556526 1.109161
0.763406 1.422835 0.787818 1.085977 1.303856
0.5326927 1.007082 1.040918 0.6968236 0.9842234
1.099158 1.261607 0.5242562 -1.061936 -1.784601
0.598107 -1.982074 0.6805158 0.6620201 0.7312031
0.6488454 2.451983 1.32643 -0.5492869 -1.602094
0.7107207 1.682453 -0.8230913 1.032732 -1.417628
-1.685877 -0.5897175 -1.377702 -1.209264 -0.6002474
-1.749719 0.9230864 -0.7719139 0.8831653 -2.646632
-0.8150057 -1.230899 -0.5469568 -1.074286 -0.5714274
1.254534 1.10395 -1.10395 -1.373267 1.277083
0.9539902 0.5779146 1.063558
