1.840812 2.241455 2.272988 2.361263 2.278052
2.259129 2.06611 2.12011 2.282635 2.377586
2.227529 1.593287 -2.852323 -2.207262 -2.171773
-1.954415 2.686034 1.923944 1.253825 1.241157
0.8089912 2.207063 1.433335 0.9043578 1.201933
2.458673 -1.575102 -1.871664 -1.112903 -1.619741
-1.392781 -2.36523 1.343038 -1.779138 -1.546311
-1.286304 -1.954415 1.929345 1.660916 0.7183792
0.7346357 0.7526236 0.9947573 1.280875 0.7407713
0.8540503 0.8130752 1.178691 0.8416281 1.629785
0.7323791 0.9830047 1.696931 1.090489 0.7062247
0.6757469 1.01596 0.8713516 1.165336 0.8049435
1.362052 0.6115097 0.7799416 0.8275568 0.8201031
0.7115847 0.8543703 0.973854 0.9110889 1.389373
0.5945813 1.189851 0.8144736 0.9577403 0.7517384
0.8419712 1.218117 -1.07328 0.9481329 1.362866
0.8426469 1.576629 2.73988 0.6953833 1.878104
0.783266 0.8983743 0.9602279 0.8571042 0.9049758
1.013906 0.863415 1.498039 0.6138133 0.8839872
1.227841 0.8472678 1.011669 1.307128 0.8012762
0.8694319 0.7785187 1.384862 0.840903 0.8298267
0.8809929 0.7930236 0.9488482 -0.6265629 -1.396003
1.437217 -0.9863245 -0.8111103 -1.188008 1.2617
-1.656348 -0.7791401 1.366919 -1.434254 -0.939501
-1.050774 -1.050774 1.006148 1.543897 1.003624
0.8606651 0.8638037 0.6412032 0.7656265 1.100697
0.6520991 0.7930124 0.7641594 0.8681546 0.6702728
1.079992 0.7614253 0.804835 0.6690125 0.794442
1.521675 0.8276361 0.5932228 0.6667242 0.6246258
0.758943 0.6576355 1.359041 0.7575764 0.6558821
0.65671 0.6873256 0.8659478 0.7451144 0.9097553
0.697614 0.7619497 0.7069034 0.893598 0.9170289
0.5511968 1.073207 1.221105 1.072907 0.8748821
0.6333093 0.9925068 0.9988237 0.8194898 1.437217
0.8795195 0.5720057 0.6397065 0.6718292 0.6864731
0.6211988 1.017505 0.625935 1.033709 0.7403384
1.089389 0.7142811 0.5297801 0.8412338 0.970173
1.860488 0.7545273 0.8081475 0.745613 0.3430043
0.7503971 0.5472138 0.5123468 0.7797235 0.7455681
0.6641573 0.9426004 0.7784999 1.11408 1.558777
0.8485516 0.8891733 0.7043414 0.7049667 0.7685909
1.290709 0.5901263 0.7798331 0.6595669 0.759524
1.060698 0.9794434 0.6568015 0.6296361 0.6328046
0.854092 0.9025381 1.163574 1.200082 0.5270304
0.8969215 0.7972485 0.6376131 0.7561021 0.6375649
1.038289 0.8688668 0.8534381 0.857734 -1.574706
0.6690125 -0.9259267 -0.8357911 -0.6117035 -0.9481329
-0.9481329 0.676965 -0.7455681 0.7790798 -1.344835
