2.889613 2.532311 2.734825 2.927499 2.566601
2.673219 2.631726 2.176735 1.713117 1.924335
1.879905 1.323019 2.853904 1.332235 1.937335
1.319622 1.534371 1.526785 2.01272 -2.263386
0.8045081 1.142247 0.7727593 0.4824996 0.7219323
1.231449 1.186222 1.228028 0.8046963 1.579109
0.6121157 1.216742 0.7838239 0.4459032 1.110856
0.5123953 -0.5024258 0.9598818 0.6853371 1.596719
0.9224811 1.197117 0.6652897 1.552097 0.4454892
0.9316528 0.7334772 0.6006966 0.519227 1.198595
2.120941 0.5935685 1.022584 0.8402615 0.8708964
0.7465891 1.233731 1.487189 2.940322 0.8511622
0.9965772 0.783785 1.183417 0.942412 1.09066
0.5203631 1.23906 0.8309254 0.5081618 0.9784988
1.155195 1.03096 0.7028067 0.6316176 0.5028435
0.8240629 0.5980779 1.400518 1.382804 1.497814
0.5936738 0.8045081 -1.24454 -1.24454 -2.263386
0.9316528 1.319622 1.155195 0.6573082 0.5936738
0.4458999 0.3602588 1.011248 1.970715 0.5849114
1.042738 1.16772 0.8352079 -1.651682
