-3.058313 3.077645 2.535542 2.408488 1.833735
2.301195 2.802544 2.40561 2.552475 -2.576738
-2.02339 -2.266843 2.397675 2.642354 -2.780988
2.244522 -2.642091 1.667194 2.740774 2.317469
-2.352479 -2.7475 -2.424364 2.301195 -2.561472
2.36897 -2.928896 2.252041 -2.850475 2.27429
2.549914 3.060261 -2.02339 2.306567 1.873738
2.511473 -2.316613 2.060178 2.381781 1.724627
1.79247 2.693946 1.860802 2.31015 2.055104
2.440987 2.692212 1.634487 2.178005 2.255748
-2.12901 1.628985 2.195243 2.195882 1.957809
1.934144 1.813845 1.706516 1.930876 1.797049
1.929894 1.98709 1.99222 2.052542 2.230131
1.999231 -2.80978 1.947105 1.908295 -2.511633
2.039249 3.103987 -2.584806 -2.429393 2.169692
2.187905 -2.233835 2.403991 2.397479 2.051018
1.755094 2.566281 2.429282 -1.505804 -3.177146
2.011072 -2.057285 1.852655 1.868928 -2.335984
-1.792111 3.601088 -1.717974 -2.386106 4.140545
1.533388 2.077688 -2.928896 -2.928896 -2.405552
8.146832 -2.80978 2.30515 -1.629119 -1.802467
-1.797652 1.851807 3.10559 -1.858342 2.439253
-1.705414 1.743942 -2.145768 -1.808894
