5.306154 2.101186 2.804481 3.132953 2.483044
2.319129 1.190371 2.11909 0.7578216 1.023769
0.887702 0.6537713 0.9510907 0.5537326 1.074858
0.7822031 0.6351232 1.054793 0.6443678 1.175167
0.7006154 1.34994 1.122578 0.8845439 0.6083753
2.528203 0.7853656 2.316958 1.266449 0.5445456
0.6853325 0.6319148 1.22915 0.8601374 1.106961
1.321865 1.038698 1.384623 0.6567794 2.119664
1.330591 0.6932759 1.2808 1.053679 1.391782
0.9612814 0.6583847 1.163633 1.872443 0.9404517
0.9409447 1.319191 0.9127591 0.8692964 1.348534
0.9072212 1.399663 0.729605 1.240879 1.889695
1.716959 2.523337 1.292346 1.233354 0.8593621
1.114782 0.8732157 1.120753 1.167394 1.227868
0.8880904 0.8591643 1.272611 0.9608165 -1.036533
1.422518
