0.7402996 1.206727 0.7273967 0.9898013 1.294804
1.277905 1.057979 1.03753 0.8037684 1.162083
1.033624 1.076623 0.7888546 0.966812 0.9867838
0.8408008 1.220344 1.135397 0.7640027 0.7837002
1.559349 1.18202 1.381029 2.041029 0.5759126
1.335573 0.9573782 1.604472 0.9009673 0.8045968
0.9635915 1.047001 0.7634254 0.7081111 0.8029963
0.9933503 0.5404251 1.233065 0.942329 0.7265933
1.035277 1.168356 1.452148 0.6555514 1.363552
0.6042183 1.451738 2.135851 1.433377 0.4798074
1.035698 1.378266 0.7752465 1.097694 1.092917
0.7456896 1.079868 1.89627 1.792198 -0.9987572
-1.302466 1.886075 0.5344694 1.26926 0.8703397
0.9490795 1.544905 -1.867463 -1.252279 1.077335
2.475981 1.205783 -1.575993 -1.191885 0.6922308
-4.615591 1.241953 0.6150893 1.349426 1.203885
1.204274
