3.056556 2.831753 2.702769 2.158198 2.316749
2.110406 1.26199 2.006373 1.760687 2.780812
1.551792 2.186229 2.991855 2.587572 -1.737124
2.08237 1.814595 1.986308 2.13316 1.991614
1.648499 2.244632 1.984269 2.797012 2.573887
2.161944 1.388569 1.421762 1.80988 2.7984
1.974095 1.414816 1.961391 1.867471 0.7872753
1.54171 1.433993 1.430058 1.214182 2.278903
1.680662 1.46839 1.49964 2.26182 1.470554
1.85799 -1.513893 1.411453 1.345173 1.675821
0.7501629 1.684613 -2.30811 -2.427153 0.9111525
0.8195852 1.055125 0.7207718 0.6115281 1.002333
0.5040444 0.8003483 1.181579 0.8455676 0.8985671
1.165279 0.8731528 0.9808552 1.087107
