2.625375 -2.922908 5.049951 2.995837 2.911429
2.993328 -2.503471 -3.08187 2.788141 1.43204
2.57664 1.922463 1.666741 1.679691 1.78898
1.944447 -1.800687 2.035041 2.124018 2.177667
2.039505 1.49303 2.369886 2.025911 2.14816
2.04305 1.91454 2.60702 2.277483 1.900413
2.249019 2.577914 1.876795 2.21059 1.820795
1.73104 1.750732 2.129784 2.035433 2.68062
1.854371 2.030212 2.303748 1.93968 1.977229
1.651324 1.655517 1.917162 1.887795 2.214715
1.951694 1.744523 2.322828 1.99483 -2.651286
2.150184 2.171452 -1.613811 2.479457 1.987747
2.033682 2.53441 -1.494153 2.892244 2.892244
1.785955 1.715877 2.104289 1.925969 1.81029
1.572391 2.031603 1.669184 1.911538 2.651993
2.295642 1.784602 1.870507 1.684593 1.809799
1.862018 1.550986 2.002253 1.982643 1.629245
2.900649 1.871646 2.156248 1.503213 2.2014
1.737627 1.6582 2.853497 2.638272 2.468499
1.649697 1.74792 1.728357 1.78535 1.68408
-1.878044 -1.728222 2.150184 -1.59497 2.880012
-1.565112 -1.743433 2.127963 -2.269296 1.908735
2.969193 1.644458 1.938896 1.801801 1.772635
1.834432 -2.044714 1.520692 1.454809 1.938315
1.983646 1.876362 1.686776 1.358154 2.089211
1.738732 -1.895191 1.935389 1.801718 1.992906
2.021868 1.779716 1.512483 1.800614 2.17198
1.799744 2.178747 1.649777 1.676614 1.710283
-2.07055 2.007423 1.403373 1.714562 1.985586
1.638646 1.868504 1.488952 1.987259 2.206722
2.170862 1.750547 1.912374 1.894094 1.452691
1.759289 2.070514 1.550432 1.709651 1.594187
2.342461 1.715444 1.934291 2.039246 1.9127
1.620285 1.691684 1.99347 2.383864 1.571137
1.993241 1.695531 1.846484 1.5995 1.691872
1.450299 1.814234 1.978287 -1.825632 -2.093037
-1.740745 -1.550487 2.024318 1.772679 1.975641
1.583331 -1.83847 -1.925757 -2.025175 1.625547
-1.516654 -1.630441 -1.651989 -1.643471 -1.610711
1.639882 -2.409321 -2.106985 1.865762 -1.76969
-1.720634 -1.818522 -1.751555 -1.534628 -1.751512
-1.723095 -1.764608 -2.006438 1.608529 -2.215175
-1.80304 1.511412 1.691616 -1.822229 -1.686674
-1.827419 1.437868 -1.849687 -1.890608 -1.585872
1.770033 -1.707124 -1.872079 1.659205 2.08165
