-1.128062 1.475368 1.382771 1.028421 1.014506
0.7842439 0.7126833 1.241377 1.144328 0.718962
1.053355 1.469745 1.220265 0.9401291 1.537525
1.08919 1.472047 1.921549 0.9041353 1.005843
0.5714936 0.9116062 0.9275736 0.9692092 1.425843
1.003102 1.231259 0.9460326 1.158964 1.012006
1.678517 1.106513 2.096843 1.120746 1.647942
1.155943 0.7107013 0.8430383 1.023061 1.270917
1.402589 0.7760918 0.8191425 1.384164 1.272383
1.473943 1.770795 0.9957293 1.257481 0.9887625
0.7809158 1.121703 1.238421 1.095025 1.213669
1.171068 0.8883646 1.622453 1.150255 1.505216
0.8548058 1.150955 1.225074 0.8710388 1.146727
0.9880681 1.234188 1.248444 1.361874 1.456202
0.8710593 0.8005414 1.42288 1.092844 1.33122
1.481751 1.026468 0.9446728 0.7796597 1.060399
1.626888 1.266287 1.09334 -1.447113 0.7766006
1.105965 0.5474202 1.662183 1.037003 1.168993
-1.658815 1.103717 1.053524 -1.864377 -1.558879
0.9026413 1.469745 0.972816 0.6275318 -0.8378211
-0.9755271 1.108544 -1.388784 0.4900586 1.663552
-1.227286 1.108201 1.139007 0.9692092 -1.394297
-1.155943 -1.022492 1.616041 -0.8388826 -1.710573
1.779806 -1.511144 0.8946336 1.802604 0.8276881
-1.128062 1.414206 2.272813 1.90581 0.7302358
1.432846 1.928213 -1.282794 1.146727 1.221116
1.180312 -0.9241373 1.060399 0.8331881 -0.8867494
1.599871 -0.8530594 1.619605 0.9981296 -1.612735
-0.6805859 2.285872 -1.610661 0.5039291 1.075197
0.5979117 0.7217554 0.6769123 0.5886275 0.9640994
0.8580283 1.613971 1.131134 0.7304677 1.523106
0.4435756 1.256535 0.6120111 0.9855542 0.6983553
0.5756398 0.47269 0.6936834 0.8833998 1.56335
0.6707415 0.8542415 0.5414648 0.9176054 1.000719
1.297821 0.9694702 0.8359145 2.253679 -2.253679
1.404041 0.6360285 0.4358808 0.6155203 0.986907
0.6582788 0.3707903 0.4983526 1.166568 0.840912
0.65601 1.041802 0.7251466 2.437492 0.6954015
0.5491728 0.9781807 1.01642 0.5217572 1.600288
0.5556536 1.345756 0.5455775 -0.6327463 0.7568241
0.4712008 1.144079 0.7748725 1.513257 0.6685698
0.9688876 1.106112 0.9404693 0.3508787 0.7620238
0.4359567 1.26517 0.6669869 1.221116 1.658018
0.6142632 1.538114 1.204321 0.8978291 0.4526687
0.4530181 0.7985112 0.3559266 0.4029421 0.8747427
0.5695036 1.232862 1.27475 -5.716149 1.103717
-0.8115431 -1.020369 -0.6297168 -1.047314 1.053524
-0.7739246 1.088093 1.088093 0.8894691 0.6520825
-0.5090376 -1.152463 -0.9460326 2.32996 1.106513
0.8430383 -0.7313253 2.286194 -0.6954015 0.9463507
-1.367677 -1.748931 -1.847806 -0.826574 1.221116
-1.884483 -1.180369 -0.4514082 0.6560008 -2.607825
0.6714903
