0.6181104 0.804925 0.3149301 0.7778586 0.7032879
0.4477473 1.101746 0.4140755 0.6037939 1.397754
0.7741819 0.5778266 0.4795647 0.5999554 0.4823173
0.9092181 0.8932964 1.189351 0.6340728 0.6551769
1.114752 0.6923859 0.5229153 0.4555162 2.011048
0.9646027 0.5483023 0.8446499 0.5407919 0.7354538
0.5755327 1.164179 0.6314538 1.725068 0.6795132
3.021897 0.5784158 0.7412723 1.193485 -0.5533277
1.019943 0.6407757 0.8044015 1.10429 0.8917114
0.5466936 0.9015476 0.883485 0.8543581 0.7970413
0.5973757 1.241629 1.323701 7.971598 1.288885
-1.809868 0.6181104 -1.788627 1.213475 0.7028435
-1.961551 -1.210382 0.7501301 1.634888 -0.8459388
1.325841 1.325841 2.381213 -1.311974 -0.8886272
-1.090217 0.5977146 1.052845 0.5898282 0.9652946
-1.464828 -1.661169 1.587893 0.5466678 0.4338656
0.412013 0.488948 0.4268472 0.5118714 0.5092829
0.9563161 0.8484466 0.4632087 0.5369963 0.6180398
0.8440515 0.9779523 0.6930686 0.6404306 0.5781605
1.029094 1.224367 0.5759122 0.5417817 0.9246042
0.3763125 0.7631402 0.3977221 0.4198233 1.418612
1.174601 0.6837605 0.5753083 0.4247971 0.6463549
0.5302607 0.9898107 0.583883 0.5622956 0.509808
0.8555373 0.7689192 0.800854 0.5445228 0.7003214
1.966696 0.4426669 0.4793347 0.843773 0.4481779
-0.5903592 -0.4968013 0.4402708 0.7813301 0.5288772
0.7869727 0.6025753 0.3372135 0.8343589 0.7079659
0.8344167 0.4868429 0.5301004 0.7604015 0.6872822
0.8074903 0.4876601 0.865799 0.3339708 0.9307059
0.9992284 0.9523916 0.6119161 0.5693888 0.790797
0.7517869 1.59705 1.02163 1.088485 0.9025388
0.8444209 1.013014 0.5915207 0.7751687 0.3978224
0.6780861 0.5099579 0.4665662 0.5521277 1.543053
0.5671872 0.4154726 1.112466 0.6961713 0.7933104
0.7933104 0.5144585 0.538189 0.9664334 0.7093289
0.3663592 0.5113061 0.8092557 0.5454084 0.7391274
0.4032144 0.5622558 0.6148009 0.4918088 0.9149116
0.4732718 1.072743 0.7650175 0.6794091 0.3758738
0.8582678 0.3554805 0.4783795 0.3719081 0.7773737
0.5560426 0.3939597 0.9708622 0.7434792 0.9439719
0.5180229 0.4922889 0.6126018 -0.9102368 1.451654
1.69426 0.5759122 0.6449091 -0.6989443 1.896904
-1.521438 -1.734498 0.4847769 0.4815026 0.8198966
0.5407919 1.770712 -1.585281 1.088485 1.178556
0.364309 1.238185 -1.015479 -1.232619 0.9018615
1.355477 0.7720509 0.5535144 -0.4530849 0.3574113
-0.9707798
