2.847749 3.02052 2.867886 -2.742703 2.551821
2.541499 2.68036 2.778774 3.072836 3.011987
2.904874 2.847749 2.389064 -2.776253 -2.776253
2.572059 3.043287 2.973001 2.841731 2.2946
2.697126 2.558887 2.989254 2.950614 2.763517
2.182253 2.324904 -2.743521 -2.543604 2.379684
2.435692 2.420543 2.281704 -3.544156 2.948745
2.283519 2.085113 3.049777 2.477612 2.527872
2.538053 2.714013 2.915131 -2.615516 -2.356659
2.730359 2.281704 0 -2.064969 4.614086
-2.876937 -2.704496 -2.677388 -2.677388 2.542233
2.157988 2.235995 2.536028 2.300039 2.240808
-2.199686 2.597278 2.309992 2.068967 2.244332
2.228047 2.418522 2.254684 2.091577 2.253758
2.511535 2.268689 3.116391 2.137589 2.081187
2.714814 2.76598 2.680946 2.101778 2.885198
2.213463 2.876937 2.191493 2.014944 -2.585421
3.593104 2.447002 2.420993 2.354435 2.545225
2.718886 2.46424 2.710697 2.280719 2.450263
2.113962 2.230702 2.347523 1.89483 -2.273501
-2.740674 2.241458 -2.433171 -5.377599 -2.458845
-2.238599 -3.544156 2.244332 -2.11793 -2.068117
2.16759 -2.16759 -2.094502 -2.782125 2.368023
-2.186926 2.465364 -2.363337 -2.064766 -2.578676
-2.876937 2.301183 -2.160624 2.507708 1.999551
2.400375 2.023007 -2.200791 2.446476 -2.169411
2.136134 -3.337375 -2.932226 -2.450685 2.325355
-2.315553 -2.497057 -2.189234 -2.028917 2.164203
2.412657 2.442633 2.817118 -2.338928 2.16293
2.4954 2.279199 3.049777 2.276059 2.282201
-2.825286 2.258266 3.494776 2.48925 2.031167
2.184862 -2.103507 -2.531904 -2.536028 -2.398002
2.955775 -2.739062 2.190788 -2.196316 -2.719414
-2.658777 2.458845 -2.917019 2.598004 -3.529094
-2.840855 -3.544156 2.228047 -2.226484 -2.552006
-2.329463 -2.427775 -2.295246 -2.633539 -2.526041
-2.1227 -2.445996 -2.253009 -2.978248 -2.912111
2.250643 -2.169846 -2.496513 -2.356027 2.205184
-2.808326 -2.468645 -2.664894 -2.482032 2.301131
-2.256963 -2.765334 -2.215573 -2.432993 2.659892
-2.416364 -2.613328 -2.795699 -2.327765 -2.1967
-2.606064
