-2.49687 0.9359613 0.720626 1.068079 1.297477
0.7058782 1.447536 0.6956872 0.4914608 0.4250481
0.7583249 0.6085767 0.7268454 0.4369203 1.219412
0.6829144 0.6824663 1.314423 1.538864 3.05872
1.269934 1.016241 1.123032 0.8362394 0.9985926
1.605254 0.8512091 0.9166531 0.4371632 1.463092
1.410349 1.876643 0.8720707 -0.824382 -1.854599
-1.289299 0.9152476 -1.300981 1.240801 -2.49687
2.35122 -0.9974605 0.7130817 1.045645 -1.443042
-0.6415939 0.5944578 0.4154715 0.3843492 1.011432
0.5700541 0.4810218 1.003836 1.138905 0.8722327
0.6269814 0.6834589 0.5398983 0.4793843 0.5251875
2.147533 1.134496 0.6165024 -0.4976093 0.6579932
0.525558 0.9769821 0.3567691 0.7876561 0.9494485
0.8194787 0.6496416 0.5585686 0.6025285 0.520019
0.4860185 0.8218621 1.15863 0.3732896 -1.468821
0.6834589 -0.4612091 0.4922889 0.2729143 1.237577
-0.8349303 -0.9212046
