0.7769005 0.6290898 1.016657 0.3964503 0.6974436
-0.676885 0.7011976 -0.6257266 1.123056 0.7333137
-1.027252 0.5403568 0.8544262 0.5217621 0.3559663
0.4193519 2.005799 0.710254 -0.828281 0.3803785
3.107659 0.9276857 1.04079 1.183094 0.9263594
0.6978317 1.155764 0.8229376 0.487554 1.830929
0.7487532 0.7487532 -1.250213 -1.544231 -0.4632087
-1.830929 0.7044236 -1.917942 0.4740449 0.6710546
0.4505374 0.5393418 0.7674033 0.3824247 -1.185411
0.5498997 -0.9225621 0.6613979 0.5501569 0.4451957
0.4379035 0.4586144 0.5711179 0.4971081 -1.149184
-0.3441283 0.6867554 1.017157 0.8397997 0.5545825
-0.334522 0.5030551 -0.3314855 -0.7143204 0.6994192
-1.066282 0.8162937 0.3670946 0.5921445 1.034678
-0.4331009 -1.041295 -0.31444 1.307538 -1.177075
0.6197279 0.8808313 1.035607 0.9492709 -0.6408014
1.327053 -0.6691858 -0.5645149 0.8522248 0.7589711
-0.6100907 1.015563 0.4112451 0.6179666 0.71279
0.7236423 0.4497116 0.7752222 0.7428157 0.7021885
0.4172184 0.2651954 -0.7654991 -1.371318 -1.696976
-1.027252 -1.250213 -1.753555 -0.4901035 -2.318559
-0.4632087 0.6890274 0.7979784 1.237529 -0.828281
-0.828281 -0.847705 1.035607 1.035607 -1.498483
-1.472352 -1.225558 -1.337981 -0.9568658 -0.5778357
-0.8204031
