2.955202 1.612327 0.7921207 1.250362 1.825354
0.8721223 1.375458 2.546754 0.9786548 1.087383
0.6650268 0.7667841 1.193769 1.222193 1.31831
1.884009 1.004194 1.029378 2.054465 0.6789338
0.8272721 0.8865685 1.023849 1.082742 0.9576428
0.9329878 1.113614 1.124726 0.8134619 1.51832
0.8953095 1.788192 1.5215 0.8934776 1.140865
1.021834 1.159097 1.250362 1.825354 1.222193
-0.6611765 1.273804 -2.681222 0.5240089 0.976428
0.6725094 0.8293478 0.5668152 1.095746 0.8933326
1.338969 1.425545 0.6107679 0.5352225 1.064919
0.9257436 -2.411253 1.044245 0.7667841
