1.40916 1.656918 1.064653 0.6776221 1.08847
1.111211 0.9935026 1.523337 0.7018656 1.115054
0.6893741 0.8488127 0.9628133 1.03004 1.036439
0.7764534 1.747806 0.8346401 1.041403 2.144901
0.9634607 1.117584 2.049812 1.02243 1.570343
0.7134489 7.896998 1.182675 -1.369668 -1.369668
1.224416 -0.530542 1.570343 1.341673 0.5214741
0.9000728 0.883298 0.6514573 0.931165 1.102102
1.047685 0.8145473 0.8208833 0.9513912 0.7445192
1.029401 1.586033 0.6455615 0.7879266 0.8588522
0.8560322 0.6674049 0.7742602 0.6626802 0.5313059
0.610289 0.4864591 0.8467026 0.8006664 0.6927243
0.8451683 0.8535737 0.9188987 0.9056458 0.8239796
0.8190744 1.567978 1.139947 1.29885 0.9366573
0.7310806 0.8023603 1.816349 0.6549668 0.6695524
1.077119 0.7149123 0.9375468 0.4615535 1.264071
0.8699782 0.7927309 0.6998349 0.809171 0.7212624
0.7980656 0.8345788 0.8906008 0.8379167 0.7434327
0.7445192 -0.9262393 -1.369668 0.6470524 -1.750287
-0.7530371 0.7889868 -1.210973 0.7768119 -1.309112
