3.222929 3.221781 2.895671 3.277159 2.768206
3.155156 2.987284 2.861105 3.069886 2.895049
3.269061 2.876215 1.971162 2.594605 3.285078
2.770114 3.069126 2.847952 2.987284 2.598401
-3.226579 2.429017 2.881952 2.849275 2.592364
3.207093 2.45276 2.762468 2.538728 2.302624
2.599613 2.675472 2.222387 2.155736 2.987284
-2.592364 1.780639 2.455865 2.55383 2.391048
2.385396 2.268013 2.344101 3.112382 2.516348
2.375672 2.209685 2.454775 1.982696 2.001093
1.788248 2.468632 2.181146 2.294412 2.329284
2.406154 2.515111 2.491705 2.458406 2.322185
2.481864 2.081525 3.216648 3.386495 2.088316
2.583882 2.354026 2.392699 2.218366 2.559574
-2.30939 2.294412 -2.60292 2.427607 -1.823453
1.593059 1.973916 1.177572 1.370273 1.093194
2.104956 1.130206 1.10356 2.252779 1.200389
2.319394 1.347085 2.599428 2.392141 1.644979
2.107668 0.8423508 1.263531 2.080311 1.778369
1.94013 2.305529 1.810856 1.75842 2.185918
2.623572 1.520288 1.572277 2.045283 1.694758
2.091022 1.366291 1.256683 1.862184 2.038776
2.190031 1.915019 1.022005 1.832321 1.456285
2.354812 1.999507 1.445287 1.688872 0.9497304
1.347678 1.617327 1.455696 1.83857 1.991405
1.611171 1.840619 2.174535 2.345699 2.155109
-2.103703 1.539334 1.539334 1.058266 0.9134763
0.8432701 0.6013766 0.6708953 1.264915 1.014753
0.4854786 1.32324 0.5786931 0.746878 0.7065141
1.042906 2.152094 0.7248243 0.7050939 1.43065
0.4855116 1.05602 1.192342 1.069739 0.9992384
0.6074213 0.7283951 0.7547425 1.365713 0.8147099
0.6735745 0.8699637 1.225631 0.8674879 0.6330052
1.113109 0.9685267 1.595838 0.3932421 1.090845
0.8208028 0.7000679 0.8892806 0.4824996 0.5189849
0.7455055 1.943712 1.484004 1.036478 0.6434992
0.8721854 1.321527 0.6229842 1.305132 1.54711
0.8625662 0.7299849 0.4887909 1.294433 1.597868
0.8917576 1.504684 0.9437671 0.7709447 0.929275
0.6252531 3.023235 1.167095 0.9680369 0.9497672
2.115967 1.680097 1.213251 0.7596879 1.539334
0.676923 0.7475817 0.5453571 1.292833 1.07536
0.499104 0.8681432 0.8249811 1.153012 0.9446181
0.621159 0.6687398 0.5188126 1.757447 1.729081
0.5299656 1.335375 0.9628518 1.014466 1.308725
1.203039 1.592734 2.36835 0.3898269 1.539334
1.153012 0.5773295 1.347678 1.696658 0.5057983
0.9504944 0.8649947 1.040895 0.5534376 0.6006317
0.8569933 0.5467703 0.7658166 0.8276761 0.7729573
0.4911757 0.5293423 0.7762008 0.3439799 0.4266818
0.5919769 0.7925312 0.4417958 1.017617 1.161108
0.7624673 0.6325781 0.91569 0.3935765 0.3476306
0.9228179 0.5674175 0.5534376 1.011081 1.161108
