3.053256 2.684102 2.803058 2.919242 2.366112
3.183763 -2.390993 2.629896 2.584638 2.589008
2.578589 2.546001 2.561086 2.864781 2.635647
2.428468 2.844065 -2.684102 2.048766 2.295213
2.650144 2.650144 2.625818 2.484754 2.308467
2.589023 2.570599 2.257596 2.595316 2.424111
2.186666 -2.58218 3.021843 2.59475 -2.342806
2.426494 -1.942689 2.162788 -2.420796 2.346032
2.096984 2.273991 2.7939 2.541819 2.108981
-2.598137 2.439448 -2.061809 -2.4295 2.382892
-2.686363 2.170907 1.960835 -2.876831 2.163305
2.279094 2.448279 2.43804 1.831789 2.414513
2.358436 2.273991 2.273991 2.595316 -2.607414
1.775221 1.851876 2.158765 1.962435 1.778941
1.847035 2.690864 -2.698731 2.328615 -2.667397
1.836181 -2.363783 2.191339 2.558738 2.085354
1.774376 -2.51347 -2.100024 2.270838 2.229512
1.909157 2.242495 2.466696 1.97081 2.078606
2.276183 1.912913 2.099806 2.476596 2.594365
1.963372 1.699141 2.145019 2.728779 -2.141963
1.962435 2.096984 -2.437163 1.803163 2.56879
3.344377 2.169586 2.71831 1.772448 2.11824
1.994276 2.595316 -2.468516 4.5649 -2.388708
2.170907 2.170907 1.790653 -1.757426 2.287624
-2.206914 -2.003334 2.191232 1.775221 2.388051
2.006034 2.021214 -2.170435 -1.768931 1.964485
-2.476596 2.298511 -2.109107 -2.109107 -2.018747
1.711969 -2.832797 1.997263 -2.527751 1.90678
2.075324 -2.08351 2.170907 -2.43684 -2.150057
