2.503208 -2.579023 -2.443782 -2.603167 2.357047
2.497536 -2.504935 -2.417406 2.175614 2.242767
2.715342 2.253597 -2.460912 -1.995332 -2.197283
2.361905 -2.170106 -2.013021 2.420921 1.745949
2.338545 -2.126988 -1.999308 -1.714864 -1.577822
-1.997475 1.837016 -1.876271 -2.475028 2.653485
2.307108 1.776393 -2.780919 1.787543 1.47084
2.816001 -1.545816 -1.954667 3.035063 1.846005
-1.501381 -1.431001 -1.313504 0.526971 -1.406139
-1.826348 -2.617544 -2.548903 1.040296 -0.8825709
-1.596492 1.379089 0.7952396 1.103498 1.144717
1.417042 0.9502275 1.436049 1.514438 1.50361
0.698392
