-2.478817 2.902891 -2.902891 -2.455623 2.372835
2.647463 -1.75292 1.870308 1.55194 0.7984732
2.411595 1.027415 1.192724 1.419006 1.029281
0.7988641 1.875759 1.015289 1.680651 2.143435
0.6656698 0.9675364 1.215621 1.201996 1.498948
0.9153579 1.605247 1.412405 1.175685 1.40775
1.788473 0.6485394 1.868628 1.823728 1.954007
1.351321 0.9938707 2.219183 2.357507 1.413461
0.6201823 0.8558532 1.960509 0.8520065 1.433838
2.532848 2.223924 1.060433 1.309888 1.07433
1.640247 0.7882825 1.30269 1.824629 2.220774
1.209981 1.290603 1.910796 1.284501 1.640527
0.8538254 2.768273 1.837527 0.9452428 1.659575
1.344912 1.275113 0.7819457 1.931437 1.139299
2.616186 1.258176 0.9158539 1.240485 1.406385
0.6196133 1.545497 1.442592 0.7727592 1.245215
2.434986 1.240868 1.180801 1.950542 -1.471055
2.013357 1.237647 1.435915 1.762896 1.468709
1.20294 1.544539 1.359774 0.5373591 0.8354394
2.049734 1.07619 0.9531703 1.055001 1.293274
1.130375 0.8979667 1.52319 1.716032 1.680312
1.503469 1.359287 -1.125201 -1.592498 -1.670264
-0.983819 1.318113 1.400869 -2.275871 -2.921044
1.74001 -1.34226 0.5680948 1.745172 -2.118865
1.644214 1.40346 -1.506828 -1.070623 -1.070623
1.70612 -0.7976463 -1.279023 -0.7162795 -2.39007
-0.8895558 1.069558 -1.820642 -0.7802293 2.195211
-1.213791 -1.291843 -0.9169278 -1.033907 1.660808
0.6346225 -2.049734 0.9362672 1.8627 2.576691
2.576691 2.582519 1.525776 1.02621 -1.382451
-0.768875 -0.8125235 0.9085237 -1.739761 -0.9221869
1.184923 1.272881 1.509686 1.015243 1.016895
0.9244892 0.8955921 0.7253886 1.037155 1.051857
0.8334899 1.249958 0.7725301 1.550633 1.879453
1.564596 0.7609268 1.512187 0.9051663 0.9875469
0.7185528 1.039549 0.6981211 1.101466 0.6822759
0.8488736 0.6211873 2.431675 0.7480874 1.088326
-0.8776426 0.8831334 0.9034419 2.484009 1.824599
1.400863 0.7816143 1.568131 1.758087 0.7441835
2.050136 -1.658272 1.011347 1.152567 1.102513
1.106703 0.6068242 1.292257 1.360694 1.728325
1.492549 0.9294888 0.8447415 1.177967 0.6506119
1.185362 1.400521 2.361952 0.8697238 1.265344
0.971329 0.8449869 1.276118 1.189435 1.102077
1.714011 1.604554 0.8469491 0.9579809 2.639241
1.082307 1.19523 0.5879012 1.724426 1.030922
1.390813 0.7091606 0.6913512 0.6232013 1.630762
0.9457841 2.177236 0.593464 0.8955897 2.415241
0.8117945 1.920639 0.7620505 1.34556 2.142235
1.004787 0.8931024 0.3215734 1.326451 0.7949824
0.7929836 0.6086975 0.7258297 1.252926 0.986034
1.067207 1.312671 1.047648 0.7199363 1.231961
-0.8599063 -1.125201 -0.8303741 1.960522 -0.6762055
-0.6656698 -1.827702 -1.0217 -1.722664 1.74001
1.74001 2.015352 -0.6235001 -1.399286 -1.503419
0.8520065 0.8520065 1.433838 -1.653571 -2.715228
-1.797819 0.4756283 -2.500796 1.031732 -2.109586
0.9875736 -1.79663 0 1.240485 -1.664762
-0.7727592 -0.84185 1.365408 -0.9934978 2.434986
1.471055 -1.532905 1.762896 -1.322248 0.6813501
-2.170683 -0.8354394 -0.7125563 0.8762213 0.9793119
-1.588127 0.9531703 1.52319 0.6859501 -1.739761
-1.733159
