2.080907 2.798872 1.506782 1.004263 1.671646
2.008061 1.843327 2.192332 1.47883 1.301057
2.252039 0.8607156 3.062518 2.558931 -1.300047
1.966453 1.30079 0.8062993 0.6946121 1.282195
1.274139 0.8438732 -1.34502 0.6636026 0.6946305
1.107119 0.6279563 1.068159 0.5695628 0.7166334
0.8875489 0.7424858 0.7487968 1.279616 1.223203
0.5428437 -0.7206057 1.030973 1.126506 0.7546461
0.6494048 0.8891616 0.8453888 0.9367308 1.076489
1.074116 0.5786547 0.6472965 0.9841102 0.6900194
0.3905088 0.8578214 1.283813 -1.064843 0.5489796
1.506782 0.8161272 0.9148319 1.074116 0.5604971
0.6222343
