2.915819 2.76815 2.966355 2.875476 3.031379
2.685213 2.950396 2.318978 2.734055 3.154876
2.742351 2.537808 2.844521 2.717198 2.78102
2.617062 2.093596 2.258645 2.77154 1.967837
0.9594622 1.940059 2.185033 1.453527 1.707676
1.350181 1.180381 1.205042 1.328249 1.06315
1.215881 1.275432 1.20581 1.188762 1.175694
1.734651 1.370119 1.017503 1.188398 1.489535
1.276599 1.815969 1.036542 0.787977 1.341368
1.068523 0.567618 1.282297 1.148075 1.028132
1.490289 1.213789 1.651419 0.5826725 0.8241754
0.7805888 0.9996493 0.947276 0.8999726 0.8229456
0.8489237 0.8489237 1.064338 0.8574754 1.364656
0.974765 1.015759 1.020011 1.191986 1.52559
1.101854 0.5609024 0.9079296 0.8621299 0.942464
1.321812 1.309182 0.4943317 1.550676 1.040683
1.809007 0.6276796 0.8719081 1.603585 0.7840286
1.101067 1.046074 1.092632 1.680551 1.194743
1.520167 1.06835 -0.4492427 0.8344791 0.600181
0.3190234 0.8169286 -0.8169286 0.6970924 0.4203465
1.283227 1.289683 1.096368 0.708966 0.9296999
0.8504157 0.8814841 1.161322 -1.196568 0.6395179
0.3347633 1.240144 0.486054 1.356819 0.7643633
0.4778245 0.431095 0.6145764 1.039974 0.5784188
0.9276557 0.8720348 0.6696202 0.6174216 1.068042
0.9132863 1.653186 0.4117702 -1.356819 1.490868
