2.680087 2.580591 2.267202 2.72293 2.53058
2.63819 2.413001 2.723156 2.346584 2.43986
2.952495 2.354089 2.425241 -2.354348 2.543365
2.552923 2.530828 2.414036 2.357781 2.490237
2.399823 2.62592 2.403505 2.814538 2.126923
2.912043 2.544538 2.579966 2.280934 2.611484
2.635966 2.154448 2.659376 2.945388 -1.568875
-1.929432 2.645548 2.369745 2.53058 -2.067135
2.231614 -1.760808 -2.46144 2.039101 2.29917
2.692078 2.432725 4.876294 2.83245 2.746837
2.104873 2.68641 2.644731 2.294326 2.380266
2.281232 2.308315 2.237906 2.765667 2.79681
2.377372 2.51681 2.276818 2.757302 3.230973
2.785646 2.71986 2.885083 2.423809 2.177087
2.09766 2.445211 2.692079 2.259394 2.433038
-1.357088 2.809875 2.389635 2.126923 2.453327
2.530147 2.533715 -2.393321 2.039308 1.766962
2.499563 2.590127 -1.126362 2.491879 2.804072
2.585095 2.567521 2.909362 2.046659 2.08189
1.725163 2.015441 1.867756 1.655045 1.792034
1.821966 1.583265 1.031746 1.917092 2.282929
1.949667 1.707457 1.923429 1.967499 1.133277
1.454401 1.742146 -1.109736 1.868057
