3.228108 3.155082 2.932373 2.042025 -2.859647
-3.062856 3.12714 -2.439988 1.675068 -2.240463
3.050341 1.935198 3.299641 1.956518 2.570925
2.38442 -2.273271 2.402254 2.937829 -1.310866
-2.523667 2.049154 2.419885 1.758019 1.772313
-1.29651 2.374076 -1.054794 1.643968 0.8015083
1.116811 0.4962598 1.034921 0.7917439 0.8643353
0.8949453 1.284427 0.9367271 1.022497 1.585024
1.318633 1.118084 0.9865553 1.096203 0.8083325
1.354874 0.7712164 0.5858218 1.414215 0.834321
0.3374588 -0.914684 0.9892724 1.281425 0.830694
0.8017425 0.5896132 1.517132 0.7307763 0.5274265
0.8608853 1.455623 0.6711093 -0.7764779 0.8690391
0.9103074 0.9057341 0.3843498 0.8797856 0.7581595
0.5535107 0.7832427 0.4629108 0.4565447 0.4615529
1.166851 0.8196977 0.7566128 1.200748 0.9503413
2.060788 1.02512 0.599772 1.048783 0.9369426
-0.8142283 0.7198934 0.7539552 0.6224881 0.5336769
1.00584 0.7713586 1.909263 0.8617064 0.8314077
0.8502139 0.709403 0.7744473 0.9387242 1.188557
0.8503147 1.162911 -0.3611792 0.8157844 1.112134
1.263997 0.909311 0.7373895 0.9030626 1.053718
0.6660446 1.145682 1.567636 1.071322 0.7785688
1.643968 -1.118003 0.7783749 0.6980021 0.6571586
1.386791 0.9084532 0.6860152 0.9450461 0.8952334
1.398128 0.8402844 0.7948025 0.4806055 0.6660282
1.438569 0.7426668 1.153223 1.243434 0.7375654
0.7611227 0.659612 1.048718 0.5551626 0.6567874
1.429093 0.8835937 0.8703018 0.5857963 0.5176841
0.6174929 0.6237035 0.9453604 1.850918 0.6878605
0.6163532 0.7001188 0.7987484 0.7281271 0.9860578
1.464733 0.4998438 0.6146169 -0.9122881 -1.496064
1.687206 0.8015083 1.116811 -0.8388424 -0.6907439
-0.6907439 1.406352 1.082204 1.064215 -1.10117
0.6442366 -0.6068892 -0.5211303 -1.068563 -0.914684
1.439376 -1.673182 1.330499 2.235633 -1.247526
-0.6585984 -0.933011 -1.003092 -0.8590583 0.916931
0.659123 -0.7430529 1.467224 -0.5051578 -0.8724151
1.546521 -1.541909 0.5920865 1.643968 -1.574057
0.7268149 -1.021773 -1.246704 -0.9610342 -0.4914783
1.243434 1.28549 1.850918 0.8234242 0.8282545
-0.5194244 -0.9748777 -0.9748777 -0.6146169 1.737883
0.5236183 0.659465 0.4007518 0.3616943 0.7702949
0.7910492 0.7510271 0.5860922 0.7907951 0.8889576
0.555314 0.2994279 0.7413787 0.4069915 1.224706
0.437902 0.7827731 0.4688257 0.2640166 1.142426
1.044826 0.4453892 0.6796684 0.8380726 0.5010695
0.6160032 0.3456062 0.918144 1.122109 0.6942502
2.042025 0.3954625 0.4640888 0.9536625 0.7612212
0.7141103 0.4862711 0.5803071 0.6992705 0.4019052
0.9455413 0.4486196 0.4486196 1.093263 0.4948984
0.644934 0.5999827 0.9128686 0.9267975 0.7056577
0.3688629 1.12611 0.8429798 0.7479652 0.5447426
1.487454 0.9599516 1.139639 0.5817527 0.6047815
0.5102792 0.3178517 0.5067728 0.3377802 0.6953528
1.257118 0.396012 0.6517 0.9762203 0.65233
0.3641396 0.8727316 1.103523 0.4626506 0.3732737
0.3694502 0.8424658 0.6096537 0.6554355 0.8187036
1.010307 0.9611538 0.6988506 0.8395364 0.6687576
0.8796648 0.3980449 0.3743873 1.007964 0.6329149
1.086222 0.6060856 0.4154715 0.6144396 0.8106455
-1.255737 0.437902 -0.7248089 -0.567686 0.5919423
1.330499 0.7521676 -0.325582 0.488948 -1.00584
0.8872034 0.8617064 -0.5306653 1.139639 0.327494
1.108765 0.6166155 0.4794785 0.3612006 0.5979109
0.6966706 0.9759866
