2.535261 2.755 2.332395 2.999069 2.448515
1.942379 2.465259 2.079991 1.736205 2.031622
1.986517 1.709164 2.006583 1.643583 1.240175
0.9716034 1.331161 1.762517 0.9590694 0.9329352
1.055994 0.9131204 0.8783582 0.9357757 0.8849708
2.555826 1.797687 1.299792 1.401445 1.089504
2.043848 1.080825 1.552852 1.365222 1.818863
1.013081 1.653214 0.8545164 1.024854 1.280505
1.895694 1.237016 1.426076 1.430313 1.050238
1.443983 0.8862066 1.517683 1.036757 1.069707
1.662205 1.659322 1.767061 1.177713 1.762517
0.9329352 1.295762 1.299792 1.060228 2.082506
1.818863 1.491694 1.164659 1.79479 1.541467
1.119072 1.370459 1.343331 0.8855375 1.233346
1.175984 0.8760963 1.328864 1.135628 1.120143
1.430313 1.717224
