2.840825 2.763968 2.651024 2.840825 2.014213
1.882915 -2.457692 2.318368 2.525136 2.124592
2.233221 2.068439 2.840825 -2.288932 2.055257
1.470653 -1.571327 -1.813173 1.79105 2.151429
-1.993198 -2.706546 1.938757 1.651946 -2.3986
2.753014 2.710419 1.141049 -1.901522 2.296141
2.301989 -2.485472 2.256213 -1.57773 2.217068
2.22341 -2.306114 1.536708 -2.110064 -1.441289
2.219897 2.868548 1.974373 -2.023205 -2.904138
-1.044177 0.5619441 0.6378672 -1.054927 1.013936
0.5458423 1.085965 0.4491481 0.9089969 0.9833558
1.090585 0.825518 0.7757441 -0.7042435 -1.574369
-1.449809 0.9642424 -0.8796297
