-3.113624 1.535801 -1.493606 0.9061764 -1.268282
1.932343 1.535801 1.546842 -1.682818 -1.682818
-1.435961 -1.556734 0.4538189 1.084074 0.4378167
1.264253 0.891663 0.5224615 0.4722391 1.422183
0.5637422 1.095023 0.7334684 0.5719302 2.576643
1.082853 1.515081 1.227821 0.7861596 -1.353002
0.4146076 0.8950248 0.711823 0.7596495 1.861625
1.360579 -0.6858805 0.891663 0.4754657 -1.493606
-1.493606 0.8722485 1.095023 -0.8082346 -1.392688
1.077918 0.3485025 -1.203299 0.4958156 0.5409063
0.8530967 0.7312171 1.078106 1.257725 0.4954592
1.112606 1.188427 0.6079226 0.5801316 0.3709625
0.429154 0.4779412 0.621044 0.5562908 0.7527025
0.7471656 0.809171 0.5363409 0.5645178 0.7291032
0.598964 0.5192255 0.8560128 0.644958 0.7513895
0.7973579 -0.6374135 0.4954592 -1.493606 -1.566068
0.3700681 -0.5560426 -0.5474749 -1.082853 1.398843
1.398843 1.270609 -1.556734 1.05726
