1.788071 2.290359 2.196799 2.137124 2.118297
-1.942897 1.937371 -2.112023 -2.234144 -2.23621
2.003922 2.043077 2.082422 -1.85246 -1.126999
-1.110192 -0.9380104 -1.191851 -1.912188 -1.023106
-1.647265 -1.145405 -2.194956 -1.895656 -2.130402
-1.776521 -1.575458 -1.484749 -1.13347 -0.9937803
-1.890017 -0.6465964 -1.152645 -1.099641 -1.220447
1.592099 1.483103 1.701873 1.947125 -0.9241463
-1.845449 -1.087001 -1.231055 2.748232 -1.945914
-1.004593 -0.8639701 -1.779614 -1.125143 -1.062281
-1.032512 2.016271 1.688202 1.797922 1.54319
-1.095598 1.881655 -1.692958 1.072037 -1.285304
1.921495 1.90162 1.324345 2.076857 -1.188095
1.879092 -1.419582 -1.61343 2.059828 1.592521
2.062708 1.593912 2.202009 -1.430725 -0.6949862
-1.933845 -1.745595 1.418828 -2.204411 -1.074946
-1.799048 1.414963 -2.07444 -1.523614 -0.905892
-0.8977739 -1.952233 -0.9354759 -1.937371 1.240388
1.010208 -1.945914 -1.53007 -0.9797825 1.184133
2.270875 -0.9135797 -1.528157 -1.824109 -0.7047722
-1.21301 -1.626042 -1.026737 -1.013187 -1.289915
-1.552236 -1.744837 -1.072724 -1.485866 -1.539987
-1.048112 -2.445946 -2.274139 2.632511 -1.338957
-1.566477 -1.032512 -2.334013 -0.6426683 -1.087282
-1.220447 -2.502987 -2.404584 2.015829 1.335942
1.895446 1.322002 1.977221 1.563825 2.381767
1.914514 2.226479 1.91201 -1.863653 1.60934
1.333377 1.85807 -1.047222 1.308881 1.381952
1.76878 1.548691 -2.386253 1.138257 1.111685
1.547949 1.175209 -1.15158 -1.750653 -2.03666
-1.236405 -2.286158 -1.204567 -2.334172 -1.105493
-1.897858 -2.167706 -2.337011 -1.058659 -1.831068
-2.156287 -1.727109 -1.964283 -0.9275033 -1.718264
-1.229183 -1.577018 -1.898801 -2.302909 -1.498356
2.190281 1.996778 -1.73188 -1.139029 -1.172326
-2.048881 -1.191812 -1.414575 -1.266207 -2.314341
-1.439848 -2.095667 -1.352993 -1.520304 -2.037331
-0.6465964 -1.524328 -2.632511 -1.603957 -0.9797869
-1.463655 1.506294
