2.895287 2.548635 2.607941 -3.064397 1.28206
1.752723 1.3607 1.463042 2.900356 0.6534401
0.452828 0.6517407 0.4220247 0.6694918 0.3845388
1.187388 0.4733661 2.064929 1.337684 1.291014
0.5900941 0.7097789 0.5004251 0.4173572 0.9432891
0.515856 0.9128937 0.8219751 1.265132 0.6861887
0.4774928 2.088948 1.14884 0.6023189 1.040738
0.5804878 0.7631097 0.6201258 1.578994 0.7036747
1.14992 0.9323226 1.078932 2.06407 0.7547541
0.4229417 0.6296725 0.8332614 0.9335949 0.7753673
1.235414 0.6068266 1.367552 1.328182 0.4056856
1.430768 0.6534401 -1.082851 0.9037108 0.8739551
-2.373113 0.5614175 1.235414 0.4711567 1.3607
-1.097812 0.4570798 0.4401131 0.4208353 0.7417562
0.6205863 0.3938326 0.9669866 0.7720476 0.5686471
0.5246773 0.7445212 0.5369562 0.6991217 1.265132
0.5488817
