2.098931 0.9784647 1.85659 1.88342 2.056541
1.137435 1.167759 1.248108 1.675564 0.9217197
1.54094 2.261041 3.060825 2.056541 1.182746
-1.753683 1.622388 1.595953 2.94649 1.088661
1.323264 0.9251051 0.860843 0.5214588 0.8676679
1.279366 1.362844 0.9387543 0.7841376 1.710503
0.7213365 2.261041 1.228158 1.185761 1.144633
1.446481 0.8188336 1.193174 1.024485 0.6727202
1.098977 1.030798 1.794578 1.030328 0.8258168
-0.7041253 1.348623 1.415191 1.257092 0.6210257
1.402395 0.5953575 1.078113 0.905217 1.131096
0.9173965 1.009707 0.8633556 1.158326 1.139688
0.8921468 1.214925 1.254013 1.095958 1.470455
1.049434 0.6943049 0.8823959 0.9941691 1.113566
0.7674405 1.035181 1.343617 1.039717 1.248273
0.8135149 1.811034 1.000445 0.864344 0.9605888
1.264541 0.8602356 1.404898 1.097778 0.9917498
1.100777 1.101605 -0.9075654 1.01956 1.141256
0.9053037 0.6943563 1.04579 1.78003 0.8434235
0.9932119 1.739375 0.8358553 1.067292 0.8410758
0.4978666 0.907535 1.244097 0.9297441 -1.184568
1.265219 0.8519638 0.8551119 0.7568356 0.900629
0.9147727 0.7117633 0.8903061 2.024745 0.9452317
1.264352 1.181336 1.058322 -1.053295 -1.233277
1.040209 1.500809 -1.613062 -1.744667 1.1662
0.9910171 1.423225 -1.918081 0.930992 1.058734
1.116965 0.9744455 0.9513719 1.315695
