2.546451 2.624792 2.960454 2.104586 -2.292273
-2.26636 -1.613504 -1.282369 1.557811 1.614184
4.254757 1.579612 -1.812504 2.081374 -1.381079
1.778907 1.928656 2.027305 1.715609 -2.123174
1.389277 2.225655 -2.625941 2.249066 -2.1009
-2.110835 1.745952 1.9379 -2.086806 1.492531
1.700108 -2.313552 -1.456148 -1.810706 -2.39246
-1.367789 2.315421 -2.134866 -2.104586 -2.380783
-2.090327 2.090327 -1.280811 -1.12665 1.477158
-1.807542 -1.499253 -1.520815 -1.527763 -1.200715
1.801931 1.457853 2.149757 -1.310458 -1.577204
2.391007 1.253286 1.83606 1.73165 2.400154
1.356096 -1.556319 2.061327 1.512033 -2.300968
1.554446 -1.983297 -1.507025 4.036781 1.592983
1.291223 2.655045 1.776874 2.252116 1.895325
1.846438 1.452575 -1.961093 2.095984 2.513696
1.309357 2.149454 -1.871945 1.848062 -2.543537
-1.133914 -1.423538 -1.423538 -1.14243 -2.269728
-1.53033 -1.536761 -1.235491 -1.738921 -1.810482
-1.577204 -2.272948 -2.107639 -2.781109 -2.104023
1.358783 -2.036211 1.284023 -1.299605 -2.130582
-1.642506 -2.260146 -2.59604 -1.763854 -1.059846
-2.674106 -1.411746 -2.09043 -1.932701 -1.91742
-2.110835 -1.723229 -2.371994 -1.342677 1.969228
-1.107075 -1.965536 -1.12912 -1.200715 -1.603229
-1.796384
