3.306218 1.939809 2.702065 1.659829 2.054875
2.905556 2.008874 2.476901 1.952099 2.436199
-2.078975 2.265579 1.932153 2.313219 1.298421
2.66213 -1.445731 3.033666 -1.623839 1.411188
1.077759 1.068989 1.31568 1.013736 1.330947
2.030075 1.015462 -1.719894 2.238474 1.863214
0.7232338 0.749988 0.3402217 0.9832495 0.7306343
1.432039 1.099223 2.030075 1.547189 0.8259511
0.8070454 0.8326962 0.8679988 0.6495967 0.7690194
0.9469833 1.323108 0.6576647 1.006743 2.013836
0.7466314 0.7706763 0.9007662 0.9087694 1.290446
1.520909 -0.8375837 0.7626924 0.8176981 1.194956
2.975239 0.7436909 1.131855 0.9601795 0.6676291
2.103813 0.730406 0.9748227 1.563843 0.7915446
1.20199 0.6988279 0.6204159 0.6684053 1.567934
0.5920454 0.9219856 1.330947 1.437469 1.437469
1.395449 0.637754 0.9007662 1.197034 0.4591781
0.6402613 1.563843 -0.6842385 1.20199 0.4470235
0.6280148 -0.6167337 0.6480588 0.5501569 0.690362
0 0.4948643 0.6767521 0.8247945 0.9839735
0.48066 0.8887955 0.430325 0.5593192 0.8807573
0.467603 0.4483586 0.5912575 1.20616 0.9030683
0.5121369 0.4262686 0.8902936 0.4788656 0.6530011
0.9779217 0.4489083 1.015124 0.3653217 -1.75111
-1.360791 0.344619 1.20616 -0.7411613 -0.8538201
0.9779217
