1.608268 1.00928 1.050641 1.120524 1.643981
1.073258 1.520591 1.378022 1.416791 1.449424
0.3163075 0.8095127 1.316227 0.9520054 1.18398
1.045349 0.9358081 0.9524889 2.408383 1.31421
0.8545751 2.692092 1.383287 1.240352 1.571073
1.622883 0.8307239 1.833882 1.220579 1.045011
0.5886179 1.14305 0.9483138 1.330932 1.768712
2.867732 1.160541 1.810847 0.9467135 0.7291006
2.009794 1.796105 1.214859 1.583407 0.9275495
0.8265938 0.7642425 1.547669 1.074847 1.717809
1.138024 2.562573 1.473965 1.724241 0.8686
0.7034163 -2.12995 0.766041 1.403825 1.065619
1.009233 1.240352 1.48983 -1.70161 1.187802
1.405134 1.115963 1.605394 0.7663899 -1.917664
0.8811872 1.306426
