2.491706 2.75347 2.417461 2.690254 2.602753
2.893712 2.678792 2.662606 3.08958 2.350099
2.764708 2.779674 2.461146 2.44585 2.961347
2.004819 2.703491 2.503467 2.846939 2.665965
-2.807692 2.527337 -2.598891 -2.931585 -2.606215
-2.177607 1.843884 1.719158 -1.266212 1.419959
0.9075919 1.200882 0.8605505 1.233535 -1.684045
1.084487 1.697293 1.322879 1.170897 -1.526151
1.915794 0.8249241 1.960099 1.268117 2.390228
0.7842201 0.8313046 1.654167 2.236602 -1.33799
1.431167 1.24633 1.454146 2.312162 1.998523
2.283244 1.402324 1.399273 1.517859 1.759716
1.07833 1.953284 1.574141 1.522042 -0.8957121
1.33052 1.477573 1.327685 1.559386 0.5799119
0.915868 1.460897 2.046792 1.632535 1.506228
1.428106 1.6054 -1.523942 2.6383 0.8700775
1.153275 1.684326 -1.68857 -1.251172 -1.799958
-1.090838 -1.437691 -2.275322 -2.977865 -2.977865
-0.8626757 -0.819043 1.759536 -1.264405 1.498192
-0.7323235 -1.607074 -1.890454 -1.473019 -2.102539
-0.7735866 1.777545 -0.7000782 -1.785044 -0.8801194
-1.33837 -1.465494 -0.754541 -1.46506 -2.557114
-1.556707 -1.222424 -1.054839 -1.217552 1.174963
-0.9381361 -0.4938873 -1.887015 -1.704885 -0.9762432
-1.773813 1.390757 -1.57374 -1.177421 -1.969358
-2.685937 2.685937 -1.183514 -2.568156 -1.979033
-1.453897 -0.9692018 -0.9363539 1.409746 -0.7806576
1.035432 1.956949 0.7796836 1.156696 1.337805
1.556737 0.9097997 1.135279 1.216409 1.024519
0.7005941 0.8905359 1.041627 0.9927463 1.038618
1.236113 0.807681 1.090742 -1.467777 0.8439242
1.038818 1.172402 1.177838 1.117269 0.7716225
-0.9190487 0.9158334 1.010711 0.4840702 -0.8534375
1.054197 1.314723 1.264017 1.250924 0.7816821
1.087969 0.6070824 0.9940609 1.752343 0.7686152
1.85865 0.7000536 1.236235 0.9756313 2.427782
0.8234851 0.8916327 1.184731 0.8533248 1.111405
1.536479 0.5364589 0.7192429 1.554412 0.6264129
1.055795 1.147672 1.378866 -1.302721 -0.5768063
1.413522 1.082059 1.194611 0.564574 0.8603315
0.7432681 0.9082876 2.389215 1.162574 2.022156
0.9211655 0.8548806 2.290433 0.7238244 0.5025337
-0.9032348 1.031202 0.9171183 0.8734476 1.056214
1.168668 -0.8456071 0.5697142 1.221393 1.047929
1.187268 -2.445263 -1.002128 1.939381 1.462353
0.8539787 0.6161188 1.604949 0.9246072 0.9585978
1.89595 1.822916 1.367272 0.6655788 0.9048989
2.072075 1.536062 1.180042 0.8717565 1.460365
2.647741 1.465838 1.262857 0.7783712 1.144709
-2.157508 0.8206335 1.115894 1.586835 1.830373
1.073137 1.700351 0.979301 1.030083 1.222585
1.047037 2.111995 -1.114261 -1.08661 1.300331
1.218673 1.491757 1.264574 -1.452856 0.8159644
-2.461828 0.56341 0.7949295 1.360956 -0.9273515
0.8708904 0.9269144 0.9656121 1.337144 1.18899
1.07537 1.064407 1.223386 -0.7349905 0.9891642
1.068893 1.065318 0.846698 0.6816802 1.518555
1.774838 0.9944819 0.7475201 0.9430387 1.517188
1.186522 0.4762796 -0.8294473 1.295043 0.8364139
-1.421941 -1.060279 1.476242 1.142233 -0.7869487
1.107206 1.22139 1.118634 2.634069 1.640458
-1.704376 1.397771 0.6936104 0.6345624 -1.772917
1.217714 1.386716 1.23318 1.04119 0.6810647
0.9007243 -1.454456 0.9651528 1.392251 0.7168157
1.172588 0.8582927 1.492899 0.7191186 2.001416
0.607958 1.119404 0.6448065 1.743161 1.381905
1.156095 1.635393 2.499418 -0.5774914 0.5011827
1.184853 1.998293 1.816085 1.189575 0.7262775
1.089205 1.049154 0.7585983 1.083386 1.501426
0.5756528 0.8490959 0.7175925 1.091904 0.9912522
0.9237695 -0.7191536 1.234206 -0.888983 1.164202
1.534167 1.137879 2.573774 0.535533 -0.777735
2.10966 1.20531 0.4759909 -0.4553807 0.9016045
1.319624 1.304741 1.200433 2.351447 1.185178
1.052483 1.254135 -1.305084 -0.9310857 -1.247378
1.12472 0.8818787 1.36982 0.6035435 1.327136
0.886259 -0.8930712 -0.9636899 0.6188256 -1.200882
1.883974 -0.6688351 -1.692918 -0.8715293 1.619586
-0.4835964 0.7893302 0.7893302 -0.5250629 -1.684045
-1.584081 1.759536 1.759536 -0.7628867 0.8600132
-1.082059 0.8001743 -0.7567847 -1.962703 0.8548806
-0.5738075 1.498192 -0.9570896 -0.517786 -0.8021219
-1.024303 -1.300518 -0.3946493 -0.9224672 -1.092005
1.952355 -0.8313046 0.8313046 -1.654167 -1.654167
-0.8206335 -1.785044 -0.6027267 -1.65995 -1.520671
-0.4765463 -1.46506 -0.9000758 -0.9656121 -0.8830264
-1.352064 -1.469196 -0.6412121 -1.679688 -1.388372
-1.073388 -2.65169 1.161617 -2.200768 -0.9871826
-1.026261 -0.8149881 -0.4460913 -0.4460913 0.5811012
-1.145342 -1.031382 -1.372701 -1.820204 -1.190988
-0.885813 -0.9651209 -1.445275 -1.514527 -1.514527
-1.080191 0.5255417 0.9007243 -1.112866 -0.915868
-1.573477 -0.5204342 -0.5204342 -1.105333 -0.5901585
-1.357005 -1.653829 -0.9386124 -2.6383 1.431535
-1.155519 -0.7337948 -2.164041 -0.8700775 -1.333009
-0.4261601 -4.856876 -1.038692 -0.7730817 -1.645882
-2.685937 0.8130981 -1.520792 1.183514 -1.228183
-1.228183 -0.4064382 -1.208286 1.477112 -0.5489967
-2.367037 -1.38446 -1.38446 -0.820891 -1.185178
-1.185178 1.684326 1.070729 -0.5205921 -0.6379856
-1.872409 1.035432 0.809089 -1.173396 -1.002177
-1.956949 -0.9243204
