1.902759 -2.322917 2.624749 -2.264012 -2.476303
-0.9011882 -0.9093076 2.582744 2.012781 2.038172
1.734142 -1.585533 1.515811 1.98035 1.990646
2.502486 -2.29274 2.314913 1.618164 1.650561
0.8218072 -2.61431 0.9296971 -1.97024 -1.965139
1.447882 1.310566 0.6123533 0.7109412 -1.515212
1.767938 1.979713 1.251958 0.7707789 2.415528
0.8041107 1.371686 -1.667538 -0.9865584 2.103514
-0.7883838 -1.516793 -1.706824 -2.610382 1.040607
0.9454876 1.340756 0.8244154 0.977412 0.7907353
1.026385 -0.8203372 1.563027 -1.35317
