-2.401999 -1.394764 1.52911 1.731578 -1.726116
-1.177621 -1.480301 2.119942 -0.8463744 -1.787256
-1.160326 -1.951701 1.507056 -0.7188347 1.514714
1.021132 0.8920382 0.4400522 0.8965322 0.8717135
1.30588 0.8839267 0.8662116 2.20519 0.9205872
0.5188367 1.223917 1.092387 1.387364 1.003856
1.024174 0.9945484 0.4828959 1.009692 1.114085
0.7091644 0.5677182 -1.249004 0.9631718 -2.328556
-0.7705674 -1.074254 -1.057352 -1.057352 1.668906
-1.10258 -0.7912881 -1.183417 0.8795096 -1.080732
-0.5355087 1.328307 1.164687
