1.880407 2.291237 2.627854 2.494069 2.259535
2.439429 2.758199 -3.040564 1.916667 2.954356
1.880407 2.452725 1.642708 2.272603 2.137738
1.898562 2.394146 2.272603 1.96294 2.907055
-3.040564 1.545263 1.270446 1.309489 1.105349
1.399155 1.375093 1.245161 1.205344 1.382627
1.25574 -0.8325578 2.363304 1.616729 0.6826832
1.011152 0.3618956 1.127703 0.8444987 1.454615
0.8087913 1.329108 1.305266 0.829236 0.5019465
1.127731 0.5804354 0.7403368 0.9241073 1.37842
1.30124 0.7237578 0.6589919 1.642708 0.626955
1.549225 2.885968 0.7561127 1.048679 2.045302
1.259998 0.6198002 0.6750705 1.100673 0.8914696
0.8700106 1.387679 0.7203179 0.8543563 0.9549008
0.5684197 0.594715 0.8565244 0.6826832 0.7579851
1.399155 0.4673134 1.057336 0.46914 0.4914504
1.382627 0.7487922 0.7862687 0.9186154 0.5679696
1.498843 0.7301103 0.7306693 0.7994122 0.8768775
