1.679652 1.962104 -1.923385 1.174969 -1.870071
1.309124 -1.66281 0.8762479 0.7920042 1.041618
1.102704 0.9164522 2.268375 0.6408508 1.510283
1.021552 0.6257039 0.8271461 0.6318564 0.5709194
2.416686 2.307416 0.9872777 1.928271 0.9629156
0.7446887 0.9086694 1.396234 0.7144337 0.9104109
0.5490479 0.7735359 0.7017392 0.759849 1.132247
1.007104 0.8929652 0.8903931 -1.572329 1.455285
0.6979079 0.7163155 0.7584279 1.248465 2.450065
2.473211 1.304798 0.7651143 -1.812675 1.750598
1.839819 0.5642326 0.5834437 1.810471 0.8053993
0.8702314 -2.012922 0.5145165 0.9566992 -1.870071
1.318194 -1.108209 0.7086687 1.542659 1.542659
0.7144337 -2.696238 -1.352537 -0.759849 -0.967768
1.74754 0.5036099 1.170204 0.4061723 1.385699
1.271896 -0.82902 1.103997 2.660423 0.6279552
-2.390332 -1.369079 0.9353329 1.121777
