1.485347 1.64635 1.335317 -1.814321 1.709745
1.274615 -1.811609 2.03523 1.904583 -1.082817
1.70085 1.353371 2.202463 2.372454 1.949198
1.089764 1.868627 1.426323 -1.484779 -1.987972
2.153471 -1.032859 1.623235 -1.47144 0.9561012
1.476152 0.8933505 1.932557 -0.6334618 1.528087
1.396075 1.519114 1.503151 1.583493 1.515788
1.764299 1.642988 1.351995 2.351698 0.9990981
1.222652 1.661624 1.533806 2.06656 1.587189
2.195363 1.074385 1.811609 1.390016 1.970907
1.748526 2.366767 2.200958 1.97184 4.235208
1.378303 1.262124 2.445054 1.48993 2.063185
1.603815 1.409467 1.914788 1.482258 1.597324
1.854197 1.485347 -1.250368 1.95613 1.784307
-1.351995 1.351995 -2.092231 1.814321 -0.8304563
-2.568283 -2.115161 -0.9094552 -2.502721 -1.730049
-0.7090023 2.501225 2.202463 -1.96411 -2.07007
1.880034 -1.434717 -1.433448 1.936849 -0.6123512
-2.193926 -1.565222 1.607469 1.957637 1.919886
-1.641425 1.48993
