1.528812 1.988812 1.630278 1.73549 1.188828
1.180887 1.140739 -1.934066 0.8160711 0.8882054
1.75062 1.668693 -1.760133 1.50578 1.405089
1.126652 1.655213 1.948505 1.123623 1.961374
1.326829 2.156261 0.9757226 1.538169 1.378765
1.422089 1.244654 1.035261 1.344483 1.317541
2.363549 1.464366 1.252677 1.128828 1.363454
2.326275 1.748651 -1.147903 1.839055 -1.532945
2.30264 -1.240334 1.9137 1.854251 0.8770307
-1.76427 1.661771 1.47524 2.013853 1.616625
2.071492 1.935761 1.662932 1.245066 -1.467991
2.069666 -2.564705 1.989564 -1.708701 1.200028
2.213251 2.105525 0.5423464 -1.955913 1.72665
1.528812 -1.47626 0 1.133458 1.498587
0.8362065 0.8146031 0.7514237 -1.961536 -2.101178
1.281691 1.023584 4.418618 1.110106 0.6829297
0.7415396 -1.592967 -1.612451 1.082687 1.092776
1.595427 -1.857052 -1.019368 1.019368 1.265965
1.567948 1.022963 2.210253
