2.600089 2.740441 2.693592 2.810789 2.760903
2.517013 2.197612 2.160039 2.604686 1.890083
2.44974 2.418522 1.961622 2.420857 2.358989
2.640571 2.234084 2.247943 1.895191 2.078717
4.818221 2.076449 2.005365 1.865203 1.824603
1.739856 2.368822 2.021988 2.610112 2.095316
3.509727 2.14874 2.392044 2.216923 2.939355
2.143504 1.992216 2.07775 1.848215 2.68775
2.260798 2.166802 2.069256 1.834399 1.903986
2.330577 1.691288 2.139415 2.062782 2.236378
2.376245 -2.04319 2.418522 -1.62169 2.484753
1.519305 1.744872 2.118114 1.849546 1.955814
1.538387 1.839293 1.143033 2.494089 1.923763
2.248079 2.199538 2.548264 2.054843 1.678681
1.678009 1.751414 1.785867 2.691531 2.356522
1.571596 1.648533 2.24918 1.990042 2.638143
1.396113 2.259934 2.655038 3.033414 1.102608
1.830941 2.010707 2.342067 2.217329 1.671432
2.337367 2.072384 2.322539 2.879275 1.632708
1.543251 2.183175 1.415722 1.996211 2.297233
1.55031 1.722834 1.678681 1.274506 2.412272
2.418522 2.68775 -1.492129 -2.165566 -1.978048
1.801574 1.931211 -2.241921 -1.73663 -2.089937
2.702765 -1.733116 1.411399 -1.371564 -2.302241
-1.371357 1.411399
