1.340908 1.104866 1.010932 1.741555 0.8738772
0.8738772 0.6072377 0.5018514 0.9590281 0.7212292
0.8921333 1.660284 0.6704743 0.4579381 1.338198
0.7197957 0.8638407 0.4390822 0.7421588 0.7888486
0.7122976 1.257615 1.830425 1.023311 0.6252901
0.7402401 0.7363687 0.7363687 1.094503 2.219589
0.7293913 0.6577013 0.5014909 1.356499 0.9289627
0.9058412 0.7429182 1.27052 0.9280295 0.5881929
0.9378005 0.5841341 1.040102 0.9687408 0.8237828
0.8423049 0.763965 1.007252 1.173906 1.060672
0.8303285 1.06949 1.148336 0.9557956 0.6631881
1.567147 0.4379042 1.460817 1.167832 1.205869
0.8264678 1.090963 1.2667 1.2667 0.9683341
0.7640225 1.430071 -0.6140957 0.9531196 0.5008985
1.16755 0.8923531 1.092063 0 0.7421588
1.289913 0.7311709 0.8381131 0.4199297 1.242943
0.4810756 1.762137 1.500511 1.040102 1.003044
-1.205847 0.7888488 1.094252 0.64633 1.081758
0.9044924 1.257652 0.9322901 0.3668102 0.547617
0.4679536 0.4855119 0.3852431 1.160047 0.7238194
0.7238194 0.9150678 0.5643581 0.8284996 1.449887
1.234101 0.5502539 0.6954761 0.9091847 0.9672188
0.7740485 0.4359471 1.847596 0.7138399 1.777798
0.6291667 0.3542302 0.6456357 0.8263135 0.5304923
0.7370715 0.8038968 0.9531196 0.6956745 0.5850168
1.276217 1.094252 0.4401807
