-2.590848 2.610179 1.998169 2.611409 2.386449
2.349461 2.467048 2.928323 2.885641 -2.715505
2.540231 2.393026 2.222653 -3.260202 2.449358
-2.448658 -2.042962 -3.0377 -2.826425 1.965814
2.386449 -2.557488 1.907917 -2.324069 -2.056174
-2.330065 -2.551415 -1.532284 -2.60976 -3.200726
-3.200726 -2.605458 -1.359929 1.835729 1.501863
1.838627 2.718467 1.153415 -1.383299 1.914886
-2.22383 1.962944 2.717775 0.8934932 2.500744
-1.455759 2.730945 1.777164 2.274153 -1.994363
1.912747 2.332032 2.355615 -1.79417 2.275554
1.692627 2.246882 2.719522 2.244115 -2.117982
2.232253 -2.072686 -2.113893 1.745343 -2.602875
-2.149958 -1.714826 1.316989 -2.127018 -2.448658
-1.653054 1.513513 -2.689709 -1.997469 2.500744
-2.291092 1.380434 -2.034842 0.5277134 1.112709
1.912747 1.870332 2.153177 -2.780475 2.571668
-2.352128 1.568735 -2.035611 5.072347 -1.895378
2.885641 1.385631 1.715968 -1.485916 1.411371
1.860398 -2.455933 1.490525 1.665333 1.105145
-1.491618 1.369024 1.038958 2.176095 1.030516
-1.275965 0.932602 0.9713076 0.9799861 1.398445
-1.311474 -0.8252108 0.967759 -1.592989 1.359929
-1.307406 -1.941107 1.60046 1.411371 1.860398
-1.714826 -1.347581 -1.606903 -1.155722 -1.363867
-1.204561 -0.6696338 -2.717775 -1.029129 -2.071499
-1.506214 -1.506214 -1.455759 -1.376199 -1.603571
-1.03186 0.6575175 0.6867459 -2.087157 -1.838232
-1.222171 -1.075158 1.282041 1.282041 -1.764738
-2.327411 1.049223 -1.574124 -1.020744 -2.313162
-1.568735 -1.568735 -1.476837 -1.5203 -1.5203
-1.641998 2.885641 1.471005 1.471005 -2.672126
-0.9976973 0.9003466 0.6928229 0.6586975 0.8793703
0.9437243 0.8192572 1.443015 1.050116 0.4760534
1.209917 0.7472582 1.023413 1.446935 1.013521
1.010787 0.8099392 -0.6404341 0.7353589 1.406356
0.4408835 0.7281351 0.5577695 1.003453 0.6542001
0.7517921 0.550472 0.4359567 1.095535 0.8027664
0.9317937 1.03186 0.8654361 2.411963 0.8204772
0.9960784 0.5081293 -0.7802187 1.244509 0.4823351
0.5257511 0.6932629 1.046707 0.9962031 0.7143182
1.125243 0.7612798 0.8112594 0.7537712 1.282041
0.630833 0.569498 0.6030913 0.6087599 0.7137585
0.4952355 1.103879 1.000221 0.501655 0.8747401
0.7820843 1.390899 1.311474 -0.967759 -0.605933
0.7725468 -1.54728 1.665333 -1.038958 0.7301038
1.282041 -0.7522641 -1.165496 0.7180377 -0.7576889
0.9582521 -0.3991765 -0.545916
