2.671222 -2.2093 -2.30733 -2.454567 -0.805451
0.8751491 -0.5730826 0.8959797 0.6749389 1.430419
0.7269296 1.433685 0.7456684 0.4626311 0.7288627
1.304934 0.4691262 0.5251883 1.056864 0.9961274
0.4705038 -1.545474 1.29146 1.491331 0.578456
0.3892898 1.014233 0.68475 0.5176983 1.062026
-1.078025 0.2863347 0.714265 -0.7600226 1.095262
1.061423 0.7741999 0.6031807 1.161231 1.449024
1.37893 0.8463847 0.7572321 0.5673584 0.7946741
1.089407 1.419534 0.8494188 0.500178 0.4618238
0.577625 0.8479089 0.3753997 0.866356 0.7241682
0.4045696 0.7466735 0.4864736 0.7563785 -1.147138
-0.9286943 -0.8298923 0.7414601 -0.8396278 -0.8404862
-0.6620741 0.7132179 -2.08674 -0.8351969 1.322061
-0.5575174 -1.806543 -0.4540623 -0.9377237 -0.7738901
-0.9486498
