-3.245668 2.334029 1.95256 2.547589 -2.422931
1.887543 1.286695 1.412652 1.215492 1.862922
1.772735 2.431604 1.401974 3.37241 3.37241
1.799482 2.205217 2.006713 1.725318 1.79711
1.813637 1.199472 1.58715 2.024837 2.366239
1.866744 1.143041 1.732668 1.649742 1.271427
-1.912386 -1.887543 -1.540696 2.216853 -1.772735
-2.37635 -1.521302 -2.190759 -1.772779 -2.557184
-2.088228 -1.690297 -1.557302 -2.855711 -2.287569
1.481823 -2.191428 -1.947413 2.33857 -1.611102
2.033061 -1.689841 2.401117 1.647554 -1.907933
