1.447748 1.183164 0.6155712 1.871759 0.9277076
0.7609385 1.02408 1.126219 1.341939 1.033862
1.449188 1.148096 0.9319201 0.7342624 0.4489877
0.8909123 1.077813 0.4001111 0.8747326 0.7413772
0.9578361 1.157485 0.9428682 1.699552 2.003928
1.028573 2.319476 1.289134 0.9215893 0.968744
1.063057 1.09727 0.826136 0.8861961 1.348166
1.073905 1.163326 0.9591662 1.134157 1.064153
0.967689 0.9313278 1.335677 1.473244 0.9286757
0.6233856 1.319838 0.9030482 0.6907594 0.9618411
1.199323 0.8102099 1.158132 0.9779093 0.6388492
0.6344851 1.247389 1.049116 0.8558872 1.370253
1.721083 1.064153 1.081215 1.532937 1.307129
0.4168394
