2.065881 1.502412 -1.547971 -1.45761 -0.8917787
-1.341266 1.372688 0.5510032 0.8060803 -1.45632
0.818633 1.804428 -6.534683 1.078561 0.8503662
0.6833011 0.6651091 0.6184017 0.470284 0.6082741
0.9060619 0.6056168 0.4801649 -0.7333786 0.564219
0.924392 0.6543491 0.6215029 1.344444 0.8693604
-1.155783 0.666923 0.5161046 0.7931486 -0.648416
0.6071344 1.026296 0.7513895 1.055954 -0.9019846
1.502412 0.5498871 -0.6134814 -0.6678395 1.155783
-0.9751974 -0.5439721 -0.7460891 -0.5852518 -1.041849
0.7862876 -1.190881 -1.076958
