2.322619 2.3611 2.276877 1.916759 2.281461
2.242931 2.690253 2.375761 1.978878 2.423707
2.743752 2.264782 3.046034 1.754864 2.297575
1.977105 1.409537 -2.324929 1.39092 2.276877
2.420542 2.423707 -2.314 3.046034 1.14581
0.4483476 0.5017482 0.4709523 1.239996 0.4762594
0.3475219 1.112205 0.4824955 1.257375 3.007312
0.4964629 0.7500072 1.274302 0.7259986 0.9432001
1.507158 0.6815537 0.5849739 1.59559 1.315227
-1.612395 -1.979147 -2.324929 -1.282321 1.019458
0.5248487 0.512856 0.3694502 0.3414713 0.3634324
1.157456 0.4611607 0.3552143 0.9922619 0.5591289
0.5672574 0.2745769 1.002838 1.170635 0.6938281
0.8272389 0.8153006 0.7476497 0.7531052 0.4611518
1.106072 0.3677403 0.683547 0.9065594 0.874452
0.7984895 0.4909902 1.227931 0.7422505 0.3360047
0.3520584 0.7077624 0.6154423 0.3602414 -0.3891467
0.780472 0.6954955 0.7781465 1.015414 0.6610624
0.7858225 0.4031795 1.004267 -1.106122 -0.7502087
0.4611607 0.7815471 -0.4875886 -0.6968421 -1.916221
-1.599979 -0.5914659 0.3744731 -0.820142 -1.208858
0.4588695 -0.7753427
