2.170412 2.108908 1.998598 2.454026 2.54273
2.541691 -2.581812 2.288842 2.60407 2.336842
2.588968 2.199949 2.278879 2.263501 2.324862
2.193536 2.52217 2.271371 2.494725 -2.035381
2.413684 2.542224 -2.27166 -2.682598 -2.380221
-2.042735 -1.835932 -1.72177 -2.669375 -2.830122
-1.996951 1.71458 2.028312 1.861697 1.764847
2.076687 1.791592 2.295827 1.845394 2.467908
2.098736 2.612777 1.817684 2.422687 2.085187
2.122214 1.987816 2.116762 2.106453 1.954465
1.83441 2.051791 2.636995 2.034498 1.961291
1.681926 2.527467 2.28761 1.863472 2.715599
1.908382 1.895289 2.372102 2.059111 2.472251
1.684594 2.583185 1.665301 2.534426 1.889427
2.21577 1.899445 2.34661 2.286921 2.577442
2.29295 2.268822 2.243517 2.066049 2.442719
2.211788 2.666435 1.951979 2.533197 2.362558
1.64444 2.895879 -1.76537 -2.405723 -1.707854
-2.358015 -2.418606 2.170412 -1.998598 -1.497252
2.370445 1.610405 1.583324 2.098736 -2.714116
2.134508 -1.884926 -1.98798 1.75351 -1.767997
1.909787 2.413684 -1.504132 2.075955 -1.918854
2.588968 -1.769807 2.063709 7.854885 -1.899182
-2.040139 -1.722839 -2.664481 -2.193536 1.968454
1.905773 1.531931 -1.62278 -1.523801 1.435285
-2.626189 1.521402 -1.783985 -2.546184 1.869436
1.844221 1.844221 -2.160714 -2.323719 -1.784285
1.497072 -1.513927 1.635093 2.371681 1.473813
2.036767 2.203557 2.493402 1.657891 2.715829
2.082171 1.300391 1.724225 1.34158 2.129209
1.805664 1.678187 2.160875 1.432965 2.285656
2.100933 1.604906 2.103098 2.463175 1.737424
1.825942 1.563038 2.310218 1.779324 2.313296
1.914701 2.054638 1.36443 1.663891 1.675376
1.532534 1.431448 -1.853799 1.795304 1.537049
2.633127 1.468248 2.102078 1.527581 1.665301
1.662274 1.568405 1.625285 2.236486 2.506952
1.900271 1.468396 1.388492 1.801417 1.294222
1.882842 1.461893 1.446043 1.639473 1.882484
2.30537 1.659636 1.265265 2.443172 1.612388
-1.487088 -1.976029 -1.36404 1.47503 -2.198757
2.354346 2.659366 -2.703878 1.628058 1.583324
1.813354 2.098736 -2.181929 1.489025 -1.499345
1.667562 1.510168 1.909787 -1.96982 -1.998393
2.588968 -2.094188 -2.094188 2.047577 1.951214
-1.810195 1.382665 1.382665 1.472579 -1.568844
1.557949 -2.048481 -2.083421 1.895289 1.357384
1.656148 1.313765 1.786341 2.425632 2.349468
2.349468 -2.015869 1.869436 -1.356877 1.863298
1.577094 1.497072 1.857719 1.664903 1.664903
