2.033053 2.505258 2.570699 1.966012 -2.079519
2.483683 2.305764 2.292906 2.264011 2.404235
2.123871 1.966835 2.061563 2.348059 2.007573
2.563343 1.678369 2.561888 2.189925 2.257915
2.321574 2.339895 2.279233 1.988819 2.066946
2.349284 2.478848 2.098303 2.210905 2.27257
2.400335 2.227806 -2.060602 -1.715036 2.022577
-1.95208 1.920745 -2.003871 1.952513 1.78446
1.923197 -1.832703 -1.84309 1.893546 2.017181
-1.926679 2.116517 2.472126 2.194646 2.000437
2.847749 2.00423 2.396981 -2.363467 -2.1999
2.615114 -2.292061 2.200891 1.72798 2.583858
