1.825469 1.969526 2.029683 1.506255 2.453155
2.159969 1.916223 2.380094 1.607888 1.668011
1.878998 2.205861 2.147756 2.16236 1.789423
2.007635 2.16796 2.149651 1.216537 1.382547
1.283127 1.547014 2.195435 1.841681 1.213688
2.077618 1.234656 2.160155 1.341553 1.634228
1.352061 1.561891 1.940393 2.565507 1.635174
1.35508 1.523143 2.43988 2.134689 1.899076
2.301142 1.661327 1.55621 2.848874 1.310259
1.719845 2.006254 1.410519 1.715045 1.921951
1.649011 2.229317 2.307279 1.99271 1.954498
1.683972 1.69335 2.356676 1.536401 2.085998
1.778827 -1.825469 2.492901 1.506255 -1.644629
1.552146 2.380094 -1.224294 -1.558267 1.673582
2.421657 -2.706263 1.26986 -1.619359 -1.886292
-1.320356 -1.270727 -2.635015 -2.812036 -1.432533
1.432533 -1.566008 -1.449911 2.233175 2.153899
2.358978 1.879726 2.05935 1.329598 1.739486
2.236521 1.506521 1.224294 1.624304
