3.059603 3.014763 3.122275 2.923534 3.170385
2.832908 3.194213 2.72492 2.405997 2.898824
3.27354 5.107926 2.73017 2.683771 3.049932
2.786805 2.936976 3.179432 3.156775 2.295779
2.592947 2.383768 2.297529 2.726778 2.680874
2.968394 2.383999 2.838972 2.440923 2.489768
2.423327 2.996141 2.71768 3.256326 2.497412
2.307659 2.638786 3.008786 2.33181 2.662999
2.11257 2.881788 2.489586 2.439071 2.34029
4.038222 2.737623 2.578513 2.887329 2.533384
2.383759 2.90589 2.669849 2.683995 2.426181
2.537626 2.313928 3.181367 2.297529 -2.649009
2.519575 3.027683 1.771062 2.866683 2.72309
-2.535348 1.954225 1.85873 -2.881788 -3.010516
2.490769 2.328164 -1.890181 2.182713 2.774658
2.43149 2.663896 2.555463 2.767672 2.805087
2.714094 2.343056 2.217274 2.21431 2.16687
2.056091 2.284235 2.939742 3.144378 2.055293
2.193959 2.092183 2.348155 2.508034 2.73886
-2.127848 -1.165733 -2.478344 2.643374 -2.222009
-1.887098 3.027683 -2.964808 -1.82771 -1.82771
-2.874717 -1.029485 2.866683 1.934569 2.347349
-1.420132 1.310249 -2.284453 1.741977 -2.195432
-2.144236 -2.313382 2.700522 2.328164 -1.100293
-2.133025 2.528555 2.216615 1.746382 1.789566
2.11646 2.084578 1.594861 1.831974 2.056979
1.87102 1.659083 1.652468 1.73534 1.33001
2.003176 1.662127 1.901629 1.843695 1.807705
0.4387164 1.397381 1.720034 1.06713 1.793551
2.48057 0.8928679 1.684886 1.996811 1.959117
1.943025 1.48532 0.6787622 2.113432 1.654984
1.925302 1.709107 1.203844 1.061207 1.961472
1.723362 2.188661 1.930425 1.84898 1.955004
1.558271 1.007831 1.653539 2.541008 0.8573664
2.276409 1.722347 1.102879 1.700452 1.903578
1.387566 1.850511 1.80887 1.772847 1.792902
1.907028 1.948842 1.515753 1.31581 1.894251
1.439223 2.119898 1.293331 1.985102 1.739536
1.967736 1.329387 1.840371 1.72791 1.877172
2.520039 2.385211 1.845199 2.03929 1.488931
2.820552 1.004179 0.8257738 1.9361 1.651533
1.344724 1.335625 2.80428 1.591945 2.32928
1.139386 1.846956 1.141114 1.754525 2.359135
1.858568 1.603941 2.810108 1.098598 1.662107
1.453478 1.77177 1.881188 1.055796 1.634714
1.935621 1.588773 1.344789 2.475905 2.085409
1.715004 1.303249 1.788595 1.721818 1.228701
1.890558 0.8690008 2.701804 1.043732 2.543379
1.998973 1.659115 2.606906 1.952271 1.254621
1.247064 1.775664 0.932568 2.615737 2.00595
1.250648 1.91854 1.534834 1.911122 3.048381
1.974709 2.124752 1.267186 1.352093 1.938842
1.121329 1.851076 1.621035 1.680703 2.230964
2.568622 1.942081 2.051677 1.517026 2.365225
1.762697 1.766439 1.584912 1.723273 1.639437
2.134269 2.2481 1.22022 1.780128 1.545399
1.241667 2.065708 2.068343 1.376588 2.64504
1.639713 0.9357686 1.134912 1.909649 1.798086
2.090425 2.130407 1.922753 1.609622 1.8211
1.754262 2.038111 1.835232 1.725419 1.881831
1.773471 1.662803 1.336108 1.283768 1.880443
1.527868 1.330384 1.401159 1.794396 1.338698
1.23432 1.959412 1.856208 0.7380624 1.071525
1.682338 2.154729 1.634281 1.980383 1.840391
1.743367 1.847531 2.077706 1.825588 1.201645
2.401259 1.674161 2.285355 2.074789 1.940439
1.451255 1.605406 2.076057 2.284604 1.680341
2.106136 1.855945 1.947947 1.459533 1.513016
1.801238 1.937942 1.836769 1.782331 2.170956
1.521599 2.319987 2.305705 1.658808 1.585006
1.11402 1.772353 1.061137 1.859655 1.87579
1.606474 2.500218 1.036544 1.912704 1.362285
2.262254 1.460812 2.330619 1.803863 1.832922
2.005157 2.109499 1.189713 1.987794 2.889312
1.907126 2.390357 2.0795 0.9153457 0.9177413
1.714866 1.452041 1.943964 2.202665 1.542581
2.426383 1.688123 1.78079 1.807058 2.147379
1.935973 2.26763 0.9039276 1.597191 2.017702
1.861901 1.782372 1.654865 0.9165268 1.698497
1.429597 2.093981 1.412616 1.576304 1.254592
1.511127 2.542119 2.121231 1.260766 1.172962
1.83026 1.974706 1.938936 1.544192 2.52502
1.955099 1.598818 1.470516 1.552243 1.366747
1.838408 1.255988 1.752442 1.836459 1.165524
2.004543 1.882915 2.258364 1.74377 2.169848
1.03551 1.839556 1.561893 2.107048 2.68002
1.675072 1.899593 -0.9812207 1.961472 1.587984
-2.025881 -1.96209 1.320828 -1.108607 1.754525
-1.788156 1.804217 3.027683 -1.71739 -1.535713
2.379848 -2.075691 1.74686 -0.7017749 1.85873
2.030657 1.682338 -1.855945 2.001193 -1.8562
2.544767 2.097869 1.358627 2.225738 -2.020072
-1.121953 -1.386644 1.502291 1.838403 -2.746105
1.951661 -1.076969 1.61311 1.148111 1.655594
1.656979 1.510194 1.727355 1.357537 1.16149
1.903854 1.763964 1.408535 1.012342 2.255732
1.309984 1.578007 1.387188 2.622315 2.418195
0.9141601 1.815262 0.8178895 1.771196 1.284064
1.321464 1.770607 1.153321 2.025881 1.575913
1.196163 1.896685 1.095561 1.674324 1.435861
1.426422 1.142741 1.54674 1.597377 1.311231
1.811585 -2.008151 1.425985 1.6875 1.500639
1.727365 1.101974 1.51242 1.17508 0.8699451
1.059669 0.7425488 1.178168 0.8804704 2.243953
1.514508 2.488701 1.737272 1.204851 1.26183
1.565815 1.699291 2.407097 1.255673 1.584544
1.246568 1.262536 1.335481 1.752495 1.695746
1.806463 2.216106 1.83219 1.072184 1.840922
1.596788 0.7855485 1.172698 1.608567 1.169375
1.855119 1.369097 1.573965 1.29865 1.275426
1.42958 1.270631 1.208897 1.522764 1.225082
1.723521 1.178568 2.82197 1.398724 1.926869
1.343724 1.559147 2.051825 1.514154 1.689341
1.567678 1.458243 1.19505 1.507419 1.273516
1.032965 2.002344 -0.803269 0.948262 1.90381
1.480429 1.066745 1.842163 1.34259 1.449867
0.7946507 1.479384 1.727276 1.474613 2.285693
1.195323 1.286666 1.116199 1.75968 0.7645456
1.683776 1.545903 1.795345 1.167869 1.433004
0.9861784 1.555165 1.170747 1.429268 0.9411517
1.670289 1.835268 1.944646 1.126575 1.480169
1.89324 1.386231 1.501106 1.626451 1.191668
1.929332 1.773772 1.556603 1.32746 1.543705
2.142512 1.122574 1.253088 1.236269 1.540989
0.8830063 0.9872203 2.046438 1.89593 2.01278
1.706176 1.008596 1.529668 1.513391 2.416878
1.323194 1.993403 1.603799 1.954481 1.764805
0.9427042 1.331803 1.564504 2.004464 1.773708
2.249875 1.383718 1.443985 1.327122 1.022322
0.7299161 1.570714 1.274357 1.879144 1.51585
1.402082 1.229962 1.428063 1.259221 1.172361
1.306628 1.842808 1.71624 1.215921 1.033363
1.231331 1.077957 1.439827 0.9006182 1.213635
1.145571 1.237461 1.128149 1.219809 1.610147
1.471651 2.103076 0.7618036 1.373727 1.318317
1.796546 1.187991 1.101408 1.668952 1.421471
1.010503 1.50077 1.09199 1.435286 1.143366
1.224275 1.482636 1.316833 2.003373 1.298602
1.114785 -1.715604 1.178264 1.534837 1.102858
1.221566 1.531758 1.469516 1.376853 1.625316
1.453237 1.094887 2.36169 0.9462476 1.799341
1.589138 1.890181 1.702476 1.819386 0.9812479
1.907528 0.9646716 1.334799 1.350419 1.06822
1.270787 1.624353 0.8897046 1.443228 0.8476193
1.510062 1.229617 1.759687 1.653174 2.074848
1.274153 1.752951 1.378963 1.428486 1.638846
1.544344 1.3352 1.157349 1.949608 1.583363
1.706534 1.368089 1.375433 -1.175575 -2.430871
-0.7633545 -1.184513 1.2182 1.491468 -1.652382
1.403429 -0.9429832 1.447618 -1.887239 -2.008151
-0.823681 1.569713 -0.8079003 -1.739536 -0.8118347
1.916035 -0.7609078 -0.6351891 1.104249 1.060937
-0.8698568 -1.104605 -1.085897 1.344789 -0.5762484
-0.7729364 -1.15972 -1.084008 -0.8164809 0.9613788
2.00595 1.44236 1.8617 -2.120921 -1.168242
-1.592429 -0.803269 -1.484905 1.484905 1.484905
-1.410489 -0.710824 1.459783 -0.4839316 -1.357431
1.642163 -1.169994 -1.545399 1.545399 1.436567
-0.6823812 -1.902973 1.773772 -1.754262 -0.7717725
-0.9788632 -0.7278812 -1.098283 -0.4877689 1.900096
-0.7535099 -2.637621 1.712098 -1.856208 1.509754
-0.5789405 -1.071525 1.358681 -2.154729 -1.45678
2.337198 0.7299161 -0.5864543 -0.7284991 -1.371191
-1.432146 -0.6895218 -1.385751 -1.255749 1.599283
1.128149 1.532048 -1.224029 -1.093906 1.610207
2.109499 2.109499 -1.194735 -2.390357 -1.04457
-2.202665 1.358627 1.358627 0.8314833 1.625316
1.189262 1.429597 1.899998 -1.520345 1.470993
1.470993 -1.231674 1.530598 -0.5233261 -1.47397
-0.6979624 -0.5786847 -1.153608 -1.048852 -0.5773903
1.338528 1.13038 -0.6648861 2.746105 1.534576
1.534576 -0.7610978 -2.377158 -0.5223544 -2.474379
-0.8507065 1.49371 1.899593 1.027296 1.37326
0.9246357 1.253454 0.5040444 1.527173 1.432255
1.417502 0.4197807 1.121532 1.059046 0.8603955
1.434479 1.388855 1.21585 1.438472 1.438472
1.724737 1.575544 1.575544 0.8383284 0.8312975
0.8118916 1.460189 1.065887 1.195307 1.248167
0.8861588 1.362851 1.372188 1.631553 1.175541
0.5377612 2.032344 1.226283 1.303151 0.9592796
1.715604 1.015976 0.8449261 1.231399 0.9645621
1.877681 1.216696 1.215548 0.8702291 1.027296
-1.201645 1.543281 1.877681
