2.013339 -2.59251 2.045126 -1.624562 2.135779
2.239032 2.117969 1.902057 2.13806 2.17721
1.632467 1.884019 1.556951 2.455748 -2.045803
1.869856 -1.865556 1.324403 1.320093 4.125969
2.252042 1.446791 1.932532 1.529662 1.969683
2.029824 2.156485 2.285643 2.030102 2.235172
1.232805 1.56751 -1.386848 2.15032 1.839762
2.27868 1.32789 1.786082 -1.24545 1.75869
-1.540273 1.069219 2.14533 2.536129 1.54211
2.423905 1.925926 2.097453 1.969483 1.482941
2.158967 1.558715 1.555399 2.027982 2.26753
1.089335 1.444135 1.537238 1.275506 1.698174
-1.632241 1.118803 -1.981878 2.110348 -1.450894
2.159249 1.428666 1.449462 -2.685887 1.292196
-1.45528 1.833681 1.681165 1.681501 1.672698
1.3098 -1.499841 1.701567 1.091883 -1.241991
1.274861 2.287207 1.591742 1.558715 -1.14155
1.42151 1.998529 -1.369194 -1.235501 -1.529854
-1.532326 1.961469 1.997869 2.671828 2.049064
2.532115 1.528629 1.343667 2.346192 1.614185
1.88244 1.76544 1.935095 2.594492 1.97239
2.032353 1.794866 2.35729 -2.298645 2.028148
2.081489 1.503911 -1.68554 -2.779661 -2.15229
4.202091 2.451219 -1.993419 2.77291 -2.221592
-1.859032 2.486359 -2.097453 2.68137
