0.8669853 0.5811356 1.413223 0.3856836 0.5000831
0.3611388 0.2885661 0.5099999 1.04087 1.442642
0.2701742 0.2688408 0.5332629 1.550953 0.7835269
0.6794592 0.7952432 0.5354349 0.9517763 1.354894
0.5862479 0.3953863 0.5248221 0.4292294 0.3739307
0.4047012 0.5991427 0.6555043 0.610289 0.5407425
0.4512186 0.4667957 0.6790413 0.9011596 0.5637343
0.553272 0.4859139 0.6649569 0.4117687 0.7517831
0.9007511 0.2683854 0.4364637 0.6445929 0.3627706
0.4743094 0.6213675 -1.327925 1.583264 1.148132
-0.8219236 0.5149957 -0.6966524 0.9007511
