1.255642 1.660132 1.760581 2.381987 1.46495
2.185878 2.237528 2.234069 2.009025 2.08091
2.165384 2.857957 -2.356557 3.265158 1.688229
1.091822 1.745459 1.601827 1.024913 2.857957
1.550944 1.058198 0.7692518 0.9922325 0.6025425
0.4749959 0.8778299 0.420351 1.987595 0.7750229
0.8095578 0.9532058 0.638495 1.526458 0.799958
0.8520812 1.022542 0.8258659 0.3936303 0.4998782
1.342805 0.9360369 0.6294384 1.099571 0.8728558
1.454462 0.7778433 0.8457505 0.7956328 1.09746
0.9654278 0.982275 0.8380945 0.6021821 0.8840748
1.550944 0.9230011 1.300111 0.74006 0.5648253
0.8720681 0.7286291 0.4115816 0.6261141 1.550944
1.300111 0.590606 0.4362466 0.430362 0.2961667
0.7346695 0.3904421 0.3192609 0.6809581 0.5837601
0.7635169 0.3715699 0.3862432 0.4314281 0.5100777
0.3916045 0.7030304 0.3550992 1.272845 0.543743
1.146733 0.7018648 0.2745769 0.8589361 0.5058291
0.7990858 0.8071015 0.4027033 1.084045 0.2961667
-1.021479 1.483989
