2.44078 2.462869 -2.087017 1.131534 0.7685186
0.6282676 0.6850513 1.21329 1.057212 2.014336
0.7296195 1.526195 1.124873 0.334794 0.7591981
0.7778097 1.14727 1.376821 0.8544166 -0.489352
1.326289 2.462869 0.3763125 1.267562 -0.3741991
1.14727 -0.4192415 -0.734588 0.6588985 0.3218196
1.135924 0.6279976 0.3693238 0.6006093 0.8481326
0.9692554 0.7190531 0.8636205 0.8198219 0.2570837
0.4086773 0.6743646 1.098857 0.3262539 0.4777088
0.3385425 0.7666246 0.4840236 0.4395685 1.003715
0.4081488 0.3330231 0.3497308 0.8314124 0.4774295
0.5234773 0.5415246 -1.058402 -1.438417 0.3969055
0.7296195 1.098857 -0.9096114 -1.14636
