2.567718 2.296709 2.422713 4.489842 2.246683
-2.570581 2.578362 2.058009 1.956315 2.752095
-2.113902 2.305888 2.065798 2.294731 2.257775
2.136214 2.500999 2.212329 -2.54667 1.975048
2.584294 -2.078347 -2.486158 -1.896084 2.689324
2.136732 2.195657 1.888149 2.01514 2.580649
-3.23497 2.213664 2.788065 2.089522 1.978048
2.427323 2.354747 2.168263 1.909308 2.061859
2.130406 -2.509325 2.3824 2.213332 2.046263
1.907555 2.232203 -2.699503 2.206438 2.050521
2.383513 2.422713 -2.428231 2.955722 -2.258266
-2.766 -2.319997 2.173372 -2.100005 -1.839056
-1.720519 2.348893 1.602041 1.895241 2.065271
1.837383 1.856322 2.234912 2.23185 1.854969
-1.728978 1.719335 2.209779 1.93881 2.379243
1.871859 1.754114 2.65148 2.212227 1.771
2.356963 1.660718 1.938863 1.972741 1.868916
1.603878 2.594027 1.795127 2.067068 1.815626
1.547136 2.092622 2.684034 2.270027 2.110086
1.638936 1.707909 2.282164 2.39183 2.029022
2.556241 1.967656 2.766 1.786497 1.972103
2.271426 1.834323 2.59773 1.697307 2.305568
2.143315 1.967912 1.891444 2.251179 2.064482
-1.870164 1.764582 2.041611 2.486185 1.950924
2.27368 2.232132 2.004508 2.732014 1.802538
1.562104 2.287482 2.195014 1.879672 1.415375
-2.136732 2.664362 -2.11506 -2.584733 -2.01514
-2.01514 -1.851375 -2.034744 1.313527 -1.675577
2.212227 -3.23497 -1.427763 1.558824 -1.490828
1.831755 -1.694603 1.694603 -2.146758 1.964983
-2.658705 -2.658705 -1.840606 -2.282164 -1.533952
-2.766 1.880587 -1.593265 -1.746616 -1.899854
1.802052 -1.802125 1.40565 2.173372 -1.434172
1.483234 -2.338992 -2.892844 2.511637 2.23718
-2.699503 -1.608232 -1.564058 -1.436648 -1.879672
-2.224436 -1.916433 1.63678 2.512578 1.69888
1.797528 2.09085 2.061216 1.991322 1.969253
2.105908 2.20847 2.174272 1.770284 2.127187
2.385651 2.115655 1.685482 1.43299 2.226188
2.37399 1.970107 1.333186 1.83238 1.860629
-1.669927 2.659378 1.724432 1.584212 2.655846
2.766273 1.89357 1.677474 1.933121 2.146724
1.710185 1.620753 2.064841 1.47392 1.724559
1.671386 2.219152 2.029213 1.439895 2.23185
-2.313846 1.902504 -1.675577 -2.202026 1.59291
2.064053 3.23497 1.953203 -1.325239 1.478795
1.972079 1.570637 -1.919389 1.603878 -2.239974
-1.960095 2.1421 1.672821 1.328221 -2.324191
1.786497 -2.160983 1.638201 1.317839 -2.892844
-1.937927 1.562104 -1.557924 1.849164 -1.436648
1.888835
