1.370284 2.703829 2.846743 -3.01818 3.044788
2.579657 2.13228 2.266613 0.9181437 1.479285
-0.951718 1.526157 0.7101891 0.6181786 1.410633
1.193581 1.08558 0.7843325 -1.421231 1.479285
1.412494 1.007627 0.4616873 0.3982312 0.3823608
0.3269108 0.4489083 0.6337486 0.6060249 0.7658825
1.001735 0.8350731 1.52073 0.7341129 0.6057697
0.4536643 1.247532 0.29654 0.8922572 0.4987888
0.9735604 0.5435927 1.121176 0.820865 1.207673
0.6510134 0.3269108 0.2832325 1.08558 -0.7843325
0.7843325 -0.3559119 -0.8406415 -0.4848768
