3.444715 2.402796 3.210188 -2.512882 -3.221532
-3.57438 -3.101594 2.475698 1.52368 2.000297
1.918892 1.703459 1.550415 1.649357 -1.478646
1.993438 1.674504 1.518625 1.83646 2.062885
1.714202 1.17676 1.457062 1.76488 1.368836
1.571307 1.783039 1.31754 1.947853 1.570988
1.2425 1.526463 1.947479 1.649357 1.423309
1.761494 1.135383 1.665978 1.840652 2.077456
1.765931 1.855555 2.796585 0.9999598 1.259671
1.148207 1.032598 1.284502 1.390848 1.107471
1.635059 2.048885 1.200625 1.103447 1.162263
1.594529 1.554577 2.097648 4.07211 1.798895
1.316923 2.076827 1.171524 1.220733 1.431076
1.239632 0.9874618 2.33423 1.483214 1.705712
1.076433 1.336312 1.811088 1.272312 1.882892
1.344184 2.299836 1.193279 0.9515085 1.267007
0.934728 1.711173 1.66286 1.730277 1.361727
1.080026 1.395927 1.801758 1.551971 1.356834
1.575699 1.675075 1.067042 1.492577 1.096952
1.55777 2.147826 1.49083 1.406256 1.061953
1.091166 1.233908 1.719356 1.324287 1.645909
1.5719 1.408428 1.270356 1.112055 2.847841
1.50261 1.370174 1.24703 1.274552 1.600774
1.975293 1.54363 1.14886 1.416797 1.184791
1.474522 1.521025 1.619458 1.523686 1.132822
1.519803 1.462929 1.59713 1.005155 1.740878
1.840114 1.498391 1.7562 1.851584 1.374967
1.252172 1.238457 2.005819 1.522583 2.165379
1.141642 1.240383 1.030504 1.122553 1.477145
1.079598 1.329651 1.446658 1.842324 1.839411
1.21919 1.510481 1.166101 1.295483 1.207331
1.398351 1.047212 1.64721 1.394383 1.452734
1.53154 1.840721 1.540748 1.558612 1.230058
1.201432 1.949735 1.894055 1.977346 0.9344746
1.173007 1.410018 1.487605 1.200975 1.279372
1.481134 1.117057 1.435744 1.640314 2.005426
1.474516 1.472622 1.081532 1.510198 1.866971
1.618856 1.084164 1.378617 1.449574 2.002694
1.555096 1.410214 1.146703 1.222487 1.639216
1.354526 1.307576 1.818831 1.638612 1.429984
1.470619 1.088246 1.524541 1.728583 1.711023
1.307613 1.090715 1.171018 1.29994 1.390848
1.243966 1.856422 1.451347 1.59494 2.164347
2.33423 1.645746 1.23617 -1.345705 1.255566
1.635513 1.202942 1.323031 1.496196 1.17676
1.50261 1.606577 -1.480644 1.498391 1.840652
2.215311 1.201432 2.153074 1.409076 1.775843
1.947853 1.947853 1.362624 1.362624 1.135444
1.474941 1.570988 1.378617 1.069258 1.069258
1.098626 0.8289543 1.470236 2.796585 1.088246
1.025749 1.447969 1.45664
