2.915488 -3.059788 2.8493 -2.594574 -2.905205
-2.813296 -2.579272 2.278879 -2.383641 2.095017
-2.538249 2.797067 2.557225 2.555136 -2.658616
-2.045578 -2.443935 2.249906 -2.32271 2.905123
-2.18727 -2.395723 -2.824863 -2.263582 -2.137873
2.268974 -2.318587 2.538249 -2.217684 -2.089648
-1.531099 -2.310724 -2.115328 -2.078301 -2.271147
-2.650739 2.465775 -1.464637 -2.685662 -2.307849
-2.19424 -2.485892 -2.144756 -2.144756 -2.076001
-2.450013 -2.819468 -2.465122 -2.184214 -2.601678
-1.732377 -2.070048 -1.961356 -2.669761 -1.782494
-2.234089 -2.107207 -2.810724 1.742584 2.049261
1.82942 2.474265 -1.755116 1.955106 -2.197304
2.142535 -1.914893 -2.20668 2.02354 1.609553
-1.896695 2.181152 1.852248 -2.615286 2.597116
1.913042 -2.060523 2.680024 2.194882 2.163439
1.951707 1.594862 2.171132 1.980556 2.044904
-2.298572 2.805394 1.797374 2.323904 2.728266
2.357836 2.323654 2.030378 2.405792 2.168904
2.249494 2.194327 1.970329 3.017137 1.878208
2.529994 -2.283001 -2.021169 -2.137873 -2.171022
-1.594189 -7.510828 -1.82942 -2.366193 -2.199593
-2.084398 2.095017 2.095017 -1.627653 -2.226884
-2.230225 1.617031 -1.711412 -2.433447 -3.75598
-2.181152 -1.813731 -1.680784 -2.519521 -1.599184
-2.61215 -1.759821 -1.759821 -1.871065 2.650739
-2.289866 -2.350474 1.876875 -2.249906 -1.553376
1.931405 -2.159728 -2.924864 -1.750267 -2.055589
-2.184603 -1.906151 -2.645226 -2.688443 -2.304552
-2.155684 -2.771354 -2.364764 -2.200454 -2.599854
1.719269 1.423519 -2.767088 1.805295 -2.216804
2.824863 1.706751 1.706751 -2.124598 -2.124598
-1.781478 -2.107207 2.810724 -1.66656 -1.620875
-2.072782 -2.80803 -1.704576 1.998263 1.252672
1.579699 -2.525321 -1.583131 1.756432 2.044679
2.093079 1.578049 2.154911 1.392382 2.240375
1.772407 -2.410816 2.175413 1.619714 2.995598
2.181399 2.21768 2.301326 1.34649 2.1185
2.236695 1.784806 1.59559 1.997039 2.273327
-1.587287 1.800945 1.460295 2.191089 2.080504
2.291222 2.367582 1.766651 1.464108 2.115114
1.65544 2.490052 1.40721 1.830755 2.290196
2.415045 2.124997 2.096437 1.693735 2.33523
-2.218471 1.771187 1.409487 1.743452 2.294469
2.491896 2.325413 1.672558 1.737581 1.96539
-1.885435 2.06911 1.670076 2.404706 1.987301
1.641952 2.676515 1.636423 2.736628 1.663671
2.057372 1.854591 1.829836 1.86886 -1.840765
1.56269 1.580534 2.581084 1.841642 2.103636
1.88916 2.614389 1.802346 1.681359 2.299719
-2.191664 1.568029 1.991958 -2.441291 2.905123
-1.560657 1.967236 1.592971 1.717806 1.736037
1.902016 2.315282 -1.567658 1.797374 1.739411
1.782101 -1.831546 1.749138 1.773226 2.818124
-1.777328 2.116751 2.521982 1.821511 1.923728
1.717871 1.612963 -1.692204 2.7153 1.469864
-2.402999 2.722864 2.271643 1.765462 1.888835
-2.094126 1.49332 2.055662 1.789613 -1.85742
4.45164 1.664903 1.895751 1.622141 1.48877
1.358037 1.193757 2.531401 1.800809 1.439432
1.858092 1.634679 -2.308564 3.21572 2.245709
1.574624 -1.762059 1.432647 -2.375389 1.44663
-1.576407 -1.635939 -1.998263 1.707972 -1.252672
1.252672 -2.898078 -1.759872 -1.967598 -1.42919
-1.42919 -2.13572 1.610459 -2.184789 -2.474265
-1.808891 -2.400409 -2.623223 -2.318587 -2.92637
-3.0947 -2.867428 -1.698519 -1.74421 -1.94645
-1.620385 -2.197304 1.55443 -1.987874 -2.438631
-1.818748 -1.505093 -1.617031 -1.617031 -2.390196
2.176939 2.176118 -2.231132 -1.711412 -1.711412
-1.711412 -1.607012 -2.181837 -3.280122 1.531099
2.433447 1.464108 -1.675221 -2.022434 -2.007582
3.75598 -2.677482 -2.654142 1.781773 -2.619466
-2.619466 -1.932869 1.852248 -2.615286 -2.615286
-1.552874 -1.693491 -1.644825 -1.731225 -1.276822
1.521335 1.597403 -2.519521 -2.322222 -2.657746
-1.737581 -1.994806 -2.658281 -1.499136 -2.650739
2.650739 -1.964232 -1.708638 -1.708638 -1.885435
1.52316 1.82311 -1.62023 -2.093352 -2.53983
-1.712605 -1.636423 -2.172692 -2.742221 2.092616
-2.300535 -1.716126 -2.658498 -2.583147 -1.795858
-2.164053 -2.164053 -1.952371 -2.586279 -2.504884
-2.200456 -1.975503 -2.182042 -1.795878 -1.461652
-2.200037 1.636551 1.636551 -1.456414 -1.568051
-1.693232 -2.655886 -1.793292 -1.776669 -2.217279
-1.481838 -2.402144 -1.52571 -1.985917 -1.96807
-2.39892 -1.723693 -2.344086 -2.284003 1.84381
-1.979835 -1.960872 -2.298572 -2.682475 -1.960084
-1.504398 -2.812598 -1.441035 -2.053485 -1.728527
-1.838913 -2.914158 -1.67864 -1.62832 -2.369148
-1.805669 -2.145022 -4.95738 -2.797656 -1.643108
-1.793049 -2.370948 -1.528696 1.528696 -2.013049
1.835554 -1.656353 1.81598 -2.573664 -1.986497
1.736875 -2.806202 1.473084 -2.073354 1.719269
1.664903 2.799354 -2.510386 1.805295 -2.73871
1.622141 -1.362693 -2.463463 1.878208 -1.496272
-1.929531 1.929531 -2.245309 -2.11783 -1.676729
-1.710115 1.820293 1.904019 -2.64704 2.104615
-2.367516 -2.200746 -2.642271 -1.528563 -2.842706
1.61521 2.159108 -2.277941 -2.259281
