0.8719069 1.375001 1.245802 1.434731 1.438088
1.910519 1.031425 1.545828 1.130596 1.006166
0.7309242 0.8398622 1.106112 0.3814049 1.381756
0.5540561 1.22446 1.007805 0.5129215 0.8246184
1.474055 0.9086518 0.5158753 0.42371 0.5244496
0.778922 1.994999 0.9073262 0.8097134 1.105083
0.772655 1.025639 0.6075891 0.721589 1.450518
2.7986 -0.9237949 1.50992 0.6755573 1.447419
0.6620061 7.924876 1.081058 1.391821 0.4112544
1.058781 0.4246697 0.4669532 1.50992 1.237834
1.672962 0.461757 0.4844566 0.5645149 0.7827199
0.8591422 1.098663 0.62606 0.4867466 0.6360235
3.022495 0.7399365 0.3608701 0.5556702 0.818916
0.9303129 0.6888909 0.5659017 0.4778928 0.7720321
1.028436 0.815545 0.4831938 0.9402782 -0.5390236
0.6432457 0.9763773 0.3602414 1.027779 0.7968713
0.4987888 0.5008087 0.6157183 0.6860671 0.7632539
0.5192255 0.7183291 0.452611 0.7207563 0.4479813
1.025639 1.24829 -1.082578 0.5726408
