3.335679 3.427865 3.603747 3.31549 3.319471
3.168594 3.228703 2.997975 2.859165 3.138347
3.386064 3.341695 3.001143 3.185656 2.98567
3.316337 3.16114 2.747245 2.843906 3.16114
-2.519635 1.924142 2.692441 1.763821 0.9527505
0.9659724 0.962897 0.9483425 1.709894 1.412386
1.279089 1.882532 1.202182 1.208161 1.134023
1.500704 2.147944 1.501107 0.9635948 2.027599
0.8825938 0.9826522 1.817338 1.032381 1.359825
1.969941 1.069687 0.8273026 1.137576 1.355403
1.848984 1.765149 0.9589589 1.185762 1.377526
1.548941 1.90546 1.540606 1.193169 1.643625
1.386272 0.826806 1.001369 1.23871 1.079033
0.8702109 1.617528 1.306793 2.060308 1.235589
1.892808 1.072405 1.502054 1.691671 0.968028
1.602326 1.431421 2.239854 1.183797 1.352534
1.205859 1.496918 1.585913 1.757835 1.153912
2.08473 1.257738 1.044048 -1.816563 1.866104
-1.340198 1.047367 1.074388 1.435727 1.376501
1.544942 1.536813 1.786654 1.861872 1.861872
1.820669 1.687244 1.131285 1.18763 1.310529
0.9400544 1.363677 1.167828 1.190138 1.190844
1.0831 1.089291 1.406114 1.109728 1.57707
0.9480349 1.282209 1.653305 1.012739 1.432656
1.320381 0.8532281 1.298755 1.11251 0.9214087
1.413555 1.304829 0.9502029 1.08755 1.161981
1.063603 1.671665 0.9086455 1.175015 1.409943
1.071082 1.002171 0.9866612 1.179318 0.9831582
0.9896218 1.032334 1.105505 1.085796 1.301942
1.072588 0.9873689 1.118762 1.52763 1.324156
1.134747 1.182979 1.136487 1.070802 1.09001
0.978734 0.8681449 0.9625932 0.9889886 1.53238
1.364902 1.3488 1.007339 1.287683 1.027109
0.7675719 1.120809 1.018454 0.9640994 1.299225
1.253384 1.077885 1.147114 1.428786 1.069496
1.204175 1.163568 1.047367 1.019304 0.9663167
1.078505 1.038644 1.004749 1.118169 1.619658
1.042297 1.054028 1.061495 1.177389 1.070486
1.143663 1.110055 1.07982 0.8419208 1.576178
1.081215 1.416998 0.8951217 1.912395 4.37851
1.132082 1.219972 0.8351654 1.075409 1.945695
0.9744066 1.256343 0.9374132 1.040664 1.097688
1.524379 1.246744 0.920611 1.536813 1.627456
1.037855 1.135395 1.461628 0.9746566 1.181564
1.018115 1.285195 1.241788 1.176725 0.9992395
1.10661 1.104314 1.059246 1.113086 1.36809
1.018785 1.672521 2.200188 0.9714186 1.178958
1.112589 1.274937 1.133837 1.560699 1.17948
-1.437107 1.13421 -1.575157 -1.470859 1.184197
1.032381 1.566968 -1.445447 1.008075 1.536813
-2.144733
