2.364738 -1.450677 1.3845 1.313681 1.894522
1.490633 1.51765 1.996563 1.335396 1.063967
0.9793591 -1.08527 1.309352 1.44616 -1.008679
-1.075371 0.586537 1.484696 1.519451 1.192588
-1.627033 1.755338 1.381881 -1.109159 -1.593889
-0.5491107 -1.652789 2.472562 1.386838 -1.105602
-0.923228 -1.565825 -1.40108 -1.647725 -0.6456055
-1.507648 -1.172632 -0.4831167 -0.7554074 1.214746
1.278375 -1.613013 1.980208 1.298464 1.084285
1.3562 -1.063967 -1.284604 1.823567 -1.172632
-1.245467 1.142336 1.523007 1.37955 -1.711026
2.057911 1.229813 -2.144455
