-1.834406 0.967473 -1.995346 1.652632 -0.8851512
1.138221 -1.737432 1.513107 1.891348 -1.243123
-1.97113 -1.805278 1.950165 2.166828 -1.291639
2.06096 1.923457 1.314726 2.246457 -1.503458
1.423664 -1.54314 1.055475 1.722891 1.443632
-1.885588 2.179164 -2.517275 1.233597 1.686044
1.004241 1.46887 -1.32748 1.200115 -1.315325
-2.380787 1.085188 2.391533 1.859243 -1.437287
-1.337116 -1.162052 -4.48896 -1.36404 1.422582
2.129213 1.559139 1.059347 -2.773123 1.767593
1.241662 1.566103 -1.340598 -2.071203 -2.235695
-0.9489632 -2.752171 -1.880867 -0.7952015 -1.107802
-1.870443 1.699467 -0.6560818 -2.046687 -1.04688
-3.191944 1.323794 -1.427137 -1.720035 -1.985251
-0.5130297 -0.5274997 0.8401179 -2.431433 -1.243067
-1.613926 -0.8909663 0.8157825 -1.559587 -1.61796
0.9729114 -1.314726 -2.374845 -1.568935 0.5198299
-1.570555 -1.664375 -1.601002 0.539717 -1.001702
-1.796054 -1.66253 -0.5763357 -1.175931 -1.259973
-0.7092135 -0.3237921 -0.6604693 -0.6200961 -1.615791
-1.077946 -1.164062 0.8589067 -1.543329 -1.35675
-1.253326 2.494209 -1.627321 -0.4834152 -1.139554
1.25551 -1.311335 -0.4686737
