1.2855 0.9283215 1.108225 1.2272 -1.533278
-1.459937 1.410166 -0.721217 1.058429 0.6769479
0.4751648 0.2935702 0.6125966 0.6581674 0.7742028
0.6993316 1.257986 0.3768821 1.395529 1.931749
1.066544 0.4978083 1.178278 0.8279565 0.5925476
1.21235 0.6867698 1.662094 -0.7519976 1.176689
0.6126749 0.9205542 1.489173 0.8884235 1.632104
0.8305147 0.2669604 1.281501 0.749979 0.5358268
0.8524024 1.136566 0.3427234 0.3288306 1.055164
0.6774122 0.6515147 0.4925675 0.8336809 0.4999223
0.8721979 0.8193502 0.8206615 0.8603569 0.7778637
1.267645 1.20809 0.463421 1.214751 1.164111
1.205026 0.8803973 0.6881557 0.8280257 1.508842
0.6127851 0.7409201 0.8980689 0.868603 0.7308
1.297895 0.8292711 0.939892 0.4936946 2.021973
0.6887618 1.410166 0.2362737 0.3713336 0.5005261
0.8515353 0.2199716 0.9385615 0.2300006 0.6642727
0.7373794 0.2736033 1.014256 0.8342686 1.394374
0.6648971 0.5886063 1.10128 0.5357689 0.9380551
0.8670439 1.03468 1.667272 -1.179061 -1.410635
-1.053506 -0.6995681 1.2272 -0.5956362 1.075369
-0.7705929 -6.452028 0.6774122 -0.7860441 0.7043843
-1.541497 1.410166 -1.09165 -0.4809917 1.394374
1.914189 -0.7600065 0.6184427 0.7061459 0.6057776
