0.2672375 -0.9373795 1.20011 0.2389183 1.432666
1.015468 0.4839152 1.31729 1.65138 0.8655094
0.7517846 1.452096 0.302408 0.6823888 0.4565924
-2.521891 -0.8728487 -1.192226 0.753902 0.9159926
0.923611 1.527504 0.2692322 2.844969 1.186102
0.774289 0.7955406 -0.8629848 -0.5274594 -0.4041129
-0.9761629 -1.310022 -0.8439079 -0.7559891 -0.6771384
-1.112522 0.4052385 0.2682576 -1.125684 -1.827382
-0.9746097 0.6336596 0.7024704 -0.4152481 -0.4116172
0.5487833 0.5818969 0.982282 0.7561028 0.5621376
0.6171382 0.5140323 1.133447 0.6019109 0.924811
1.109544 0.5701768 0.2578572 -0.6131114 0.6267615
0.6422095 0.4191952 0.8827317 0.8537109 1.233824
0.7698401 -0.7921409 0.768329 -1.452096 -1.192226
-0.8066642 0.8105885 -0.3270858 -0.6131114 -0.5372598
-0.8898477 -1.546434 0.416149 -0.6925836
