5.022481 2.661923 1.721077 1.634709 1.720461
1.671952 1.72628 2.681118 -1.484478 0.9580399
1.409205 0.6032787 1.363953 1.454137 0.8948524
0.8619142 0.8600351 2.170796 1.714126 0.9233092
1.356747 0.9056574 0.6682109 1.370222 0.9886354
1.042941 1.373806 1.660952 1.031886 1.610677
1.089215 1.157686 1.157684 1.626535 0.9815852
1.35188 1.265905 1.279219 0.9181458 1.26403
1.394935 1.048907 0.8860906 1.581138 0.8592911
1.06181 2.263664 1.512789 1.635535 -1.581864
0.8240404 -2.059868 0.9408401 -1.818402 2.114226
-1.529086 1.186881 -0.9406509 -1.267937 1.26403
1.122816 1.122816 -1.016773 1.581864 1.244033
1.131691 1.466572 0.9170402 1.393451 1.250109
