2.380325 0.7011318 -1.747804 1.941518 1.79376
1.603777 1.733261 1.913697 1.483568 -2.059864
1.278204 2.178004 1.596814 1.152555 1.941133
1.724701 2.120119 1.117492 2.234153 2.00969
1.664928 2.179248 -2.491341 -1.388775 1.066807
-0.4562858 -1.228774 2.509772 -0.6471867 1.205767
-0.6230358 1.071926 -1.480622 1.614949 -2.484586
1.022384 1.099432 1.171384 0.9725622 0.6949509
1.18434 1.929866 0.9661005 0.9098724 1.499612
1.213706 1.154017 1.424565 0.7661616 1.065276
1.091557 2.224099 1.272834 0.9513006 1.204543
1.771365 1.655901 0.8641955 0.881966 0.6510368
2.046215 1.579032 1.01854 1.521669 1.221247
1.416755 2.030949 1.498541 1.889426 1.042151
1.261788 1.39254 1.414747 1.401481 1.399322
0.9873301 0.8525933 1.409705 1.144195 1.528447
1.091407 1.613952 1.62945 1.407447 1.637559
1.528905 0.5415048 1.838574 0.5893949 0.7588587
1.656503 1.260952 1.145198 1.343455 1.0322
1.614638 0.5319434 1.26231 1.094932 1.422025
1.005267 1.036687 -1.038569 -0.6392372 1.860152
1.278204 1.203077 -1.006583 -0.6030674 0.6813501
-1.355981 2.339351 0.6156816 1.633177
