2.785185 2.878293 2.26751 2.155392 2.142537
2.142537 2.460906 -1.933507 2.904748 1.995442
-2.62212 2.199034 1.831811 1.981189 2.229605
1.858165 2.592348 2.344192 3.227851 2.348759
2.253257 1.618212 2.350852 -2.339819 2.310376
2.321724 2.15485 2.246226 2.437494 2.284439
2.516838 2.254705 1.639417 1.957014 2.475359
2.228961 1.752804 2.168123 2.631586 1.887249
2.396678 2.313269 2.182343 1.756816 1.72442
2.449803 2.589505 2.590821 1.941348 2.726538
1.607474 1.764646 1.892055 1.807792 2.478175
2.258138 2.104874 -2.406132 2.442868 1.714191
2.513568 1.526231 2.667691 1.759524 1.808305
1.90778 2.317722 1.669854 1.877585 2.851773
2.689567 2.293422 2.416654 2.023389 2.064053
1.495253 1.673454 1.950253 -1.607407 4.223761
1.813354 1.69333 2.047017 1.679399 2.616284
1.781661 2.588314 3.371489 1.949102 1.494643
1.723666 1.68264 -2.883659 1.995442 1.865469
2.199034 -1.948075 -1.860298 1.699467 1.799323
-2.682087 3.042509 -1.715909 1.839206 1.916662
-1.906183 -3.302318 1.514416 2.460906 3.559726
1.539356 2.26751 1.739508 1.868305 1.598359
2.944235 2.402918 2.598004 1.780031 1.731628
-2.015739 -2.42464 2.495026 1.732256 2.012054
2.21003 -2.202709 2.240084 1.770295 1.769747
1.788597 2.420413 1.600208 -2.108214 -2.374737
1.49745 1.629252 -1.838707 -2.220641 -1.726338
1.793086 -2.140368 1.668214 1.797874 1.569927
1.482489 -1.71406 1.984892 2.363051 1.740355
-2.705268 1.613401 1.985593 2.011936 2.147245
-1.96137 -2.181837
