3.054461 3.054461 1.834037 2.528641 2.469237
1.720177 -1.643959 2.52483 1.100763 -1.397976
-1.629962 -1.200859 0.7941704 0.2775406 1.249805
0.6243605 -1.030713 0.5757393 0.9222552 1.436703
0.738666 0.6755585 2.108337 0.8241145 0.8992305
0.8290186 0.6590287 0.7848437 1.20727 0.7907489
0.5656281 0.9458519 -1.453766 0.735392 -1.034698
1.590638 1.054076 0.7941704 0.7941704 -0.3869043
0.6755585 1.296165 1.764637 1.202328 0.5860719
0.7070656 0.9800571 0.2131455 1.884423 0.7618054
1.116296 1.275142 0.3883789 0.6283676 0.5390022
0.469423 0.8181439 0.7241353 0.5280936 -0.7599745
-0.4308436 0.6331044 -0.6590588 1.181755
