0.2425503 0.5437981 0.5552603 0.6072322 0.3502548
0.5809072 0.7210286 1.080964 0.8322041 0.626195
0.8349564 0.4616687 1.338528 0.7634887 1.861516
1.603646 1.861516 -1.038109 1.053661 0.8019063
0.3173854 0.8912547 0.4598948 0.663753 0.6939564
0.4464573 1.459893 0.5737895 3.113693 0.6239714
0.6577865 0.809727 1.504748 0.3536756 0.8213527
0.5917519 0.8482629 0.4497443 0.6718292 0.4172063
0.5415525 0.5847238 0.6939756 0.4688924 0.4580003
0.9757187 0.5279729 0.4293172 0.7345442 0.5663284
0.4542799 0.8422236 0.558829 0.6103343 0.5790286
-1.42465 0.2425503 -0.7492248 0.4249339 0.4529048
0.6447964
