-1.55961 -0.9495676 -0.9276512 1.105345 1.376353
-1.57626 -1.36917 -0.9261092 -0.7802296 -1.273407
-1.509254 1.471651 -1.12796 0.7061968 0.5495791
0.4823988 1.19941 -0.4578839 1.429254 1.16617
1.23312 0.8703655 1.625375 0.4145377 1.279892
0.961738 0.5123231 0.8640518 0.8113543 1.109195
0.2989813 0.8735439 0.8172917 0.953966 1.146565
1.28605 0.5175133 1.186385 -0.9829831 0.5742148
0.9476209 1.225731 0.8940774 0.3428549 0.8286851
1.096596 0.8994905 0.8131225 0.825696 0.9733983
0.7932839 1.101212 0.8923037 0.4999392 1.385901
0.7800028 0.6232226 0.7311241 1.568989 1.06076
1.545753 -1.142265 -0.7877077 -0.8943455 0.7061968
-1.552014 -1.395133 -0.9344786 -0.4524405 -0.5710696
-6.506981 -0.6057277 -0.7466346 1.147461 -1.532362
-1.103513 -1.103513 -1.548227 -0.3902534 -0.4512086
-0.349882 1.053518 -0.6708987 -1.187045 -0.8238171
0.5721934 0.6802964 -0.3394182 -1.179702 -1.376353
-0.7461729 0.7047351
