0.5849661 0.8740495 -0.8619495 0.2863182 0.4082063
1.226413 0.3913804 0.5144539 0.9481797 0.4871882
0.3468844 0.4453946 0.4847618 0.5482039 0.9920765
0.6540565 3.096943 0.7331735 0.6321391 1.000717
0.7521254 0.4399764 0.3577108 0.2702227 0.470226
0.6592924 0.55347 0.4981667 0.8077164 0.8458615
0.3478736 0.673245 0.744558 0.5811139 0.5087541
0.5572326 0.3640528 0.3759468 0.7552932 0.5407618
1.124611 0.4380389 0.469949 0.7904492 1.257903
0.7519615 0.3984779 -1.288126 -0.6509442 -0.3310496
-0.9118887 -1.38148 -1.268537 -0.607485 -0.4452109
-0.3418135 -0.4828536 -1.432141 -0.3980269 -1.139361
-0.4448466
