1.977614 1.432433 2.289293 1.977614 1.595684
1.905406 0.9579259 2.406228 2.507347 0.8122957
1.090834 1.683621 1.542396 1.498774 1.501011
1.488835 -1.955565 1.375646 1.643384 1.36203
0.8900344 1.90343 1.447069 -1.659287 1.875115
-1.881032 1.986176 1.867757 1.071088 1.646441
1.108019 1.536551 1.624734 1.036562 -2.680998
1.239936 0.9112825 0.734145 0.9091707 1.540626
1.243292 1.786267 1.859466 0.9176008 0.8947214
-1.643324 1.286216 1.644503 1.4417 1.523164
1.436543 1.083875 1.872764 1.692494 -1.600505
2.042966 0.9638823 1.25297 1.674382 1.732431
0.8979809 0.6020187 1.261413 1.009328 1.176795
1.311953 1.885244 1.139675 0.9350005 1.046696
1.331052 1.283844 2.085165 1.091568 1.017375
0.4822099 1.108593 -1.674818 1.413984 1.638039
0.9918791 1.287757 1.675656 -1.439387 -2.018327
1.277141 0.899634 0.7778607 1.342779 1.903775
1.29595 -1.263392 1.216718 1.7247 1.444001
1.358162 -2.584078 -1.208782 1.511111 1.517728
1.695198 -1.488835 -1.955565 -1.868073 1.656661
1.442456 1.442456 1.134439 1.175987 0.6819223
1.582495 2.487337 1.239936 1.432433 1.540626
-1.654697 -1.654697 1.258093 0.6615712 0.6615712
0.7315456 0.8200718 -1.384053 0.7522883 0.7522883
1.790324 -1.814986 2.175166 -2.608569 1.347139
-1.530128 1.475514 -1.44271 -1.44271 1.619942
1.570784 1.570784 0.7083519 1.675656 1.527706
1.551206 1.551206 1.670096 1.53327 -2.358531
-1.558808 1.148306 0.7144773 0.7336864 1.186155
0.8913068 0.6729982 -0.9487919 0.3288306 1.173952
1.443723 1.211537 1.424629 1.009697 0.9256775
0.8189197 1.318156 0.7448103 1.206502 1.285423
0.702346 1.422441 1.046794 0.9072438 0.7239635
1.191342 0.3001652 0.7493893 0.9539277 0.6577647
0.859049 0.8250359 1.341522 1.200284 -1.31401
0.9620454 1.1608 0.861987 1.470404 0.413607
-2.00954 -0.8461056 1.048705 0.8377153 1.00595
-1.909931 0.294749 1.222401 0.8521628 0.5013632
1.488886 0.5456918 0.716509 0.760304 0.7670275
0.7713633 0.7479008 0.5874697 0.6707821 0.5507055
0.6638541 1.876882 0.651284 1.570387 0.7144773
0.7144773 1.208782 1.217206 1.090834 0.8643517
-0.9130472 0.9940307 1.226971 -1.056955 0.5983455
1.624734 2.214569 -0.9539277 0.9539277 0.2522742
0.2522742 1.175491 1.192234 1.129051 -0.3759518
-0.882621 0.3184416 0.3505425 1.156636 0.2716933
-0.6839593 0.3475888 -1.215279 0.6840378 1.29595
