2.57131 1.968576 2.494934 2.139433 1.647604
1.87157 2.021527 1.714867 2.912458 2.686537
1.867769 -1.115656 2.117296 1.934007 1.698158
2.424117 1.907721 1.536031 1.349675 1.956755
1.455831 2.014103 1.872459 1.705975 1.533952
-1.67957 1.673869 -0.8244476 1.587521 1.610919
2.174368 1.119827 1.720146 1.445429 1.261704
1.143574 1.438505 1.274697 1.493181 1.193547
1.353415 0.9895091 1.53205 1.257297 1.260443
1.589344 1.492811 1.309957 1.191737 1.487895
1.249548 0.7490029 1.291768 1.490137 1.444896
-1.040994 1.001497
