2.114698 2.162703 2.310995 1.659538 2.277458
2.100686 2.290878 2.194168 2.426954 2.390318
1.77931 2.125118 1.845616 1.776748 2.129485
2.137413 2.228811 2.085655 2.111447 1.50306
1.861043 1.341227 1.835862 1.668307 2.397413
1.755533 1.968211 2.763021 1.964234 1.654149
2.021993 2.463111 2.424853 2.270933 2.607172
1.579812 2.228811 1.899443 1.721662 2.763021
2.607172 -2.132983 1.411877 2.287597 1.838979
1.165644 1.367658 1.845032 1.725105 2.359642
1.263259 2.025578 1.904633 1.7523 1.770427
2.073794 1.29614 2.402588 2.221481 1.359649
1.854005 2.528417 2.242493 1.493363 1.333071
1.413856 1.643545 1.559883 1.639274 2.670733
1.597076 1.177719 1.751109 1.286598 2.889503
1.539665 1.411877 1.838979 1.291639 1.426571
1.72442 2.228811 1.899443 1.291114 1.869319
1.45372 1.964234 1.190348 1.374513 1.417355
1.885435
