2.784903 2.843917 1.706624 -2.243163 2.015177
1.558958 2.404512 2.164072 -1.999969 1.151589
2.42863 1.314248 1.305091 1.660802 1.154276
1.264073 1.246042 1.232242 1.513083 1.502798
1.512834 1.659309 2.194204 1.60883 1.279836
1.57412 1.425426 -1.155876 0.9901366 -0.6600838
1.364332 0.9092369 1.36402 1.160771 0.8946028
1.64889 1.21664 0.8910476 2.077084 1.258868
1.341813 -1.44782 1.218146 1.071062 0.9514125
1.532648 1.142642 1.180438 1.82849 1.1042
-1.870103 0.8410625 1.082808 1.189216 1.627815
1.051431 1.25006 1.489709 1.076198 1.094182
0.9202529 0.3824551 -1.131429 0.6491721 1.058813
0.9762897 1.466765 0.7346478 0.6500948 1.074093
1.69365 0.9267474 1.084476 0.9818955 0.5440678
1.234827 1.488803 0.858562 1.299479 0.3355307
1.682593 1.245274 -0.7152558 0.3246818 1.258868
-0.7620192 1.189216 1.27779 -1.27779 -0.465224
-1.461422 -1.101268 0.8442381 -0.6279922 -0.3145
1.799035 1.000189 -0.5770993 0.4757115 1.291156
1.461711 0.8218824 1.461711
