1.472858 0.8554325 1.210825 1.171197 1.670155
1.502841 1.789402 1.267128 1.203691 0.984279
1.503929 0.994191 1.333448 1.564636 1.029287
1.279641 1.140015 1.304192 0.9776034 1.247247
0.9891697 1.434017 1.474449 -1.092617 1.291603
1.670155 1.250113 0.8352237 -1.318457 -0.6088105
-1.334658 1.902949 -0.9026537 1.691095 -3.487626
1.572409 1.111548 -1.496814 1.304192 0.8507457
1.649459 1.687015 0.5701351 0.806232 0.5246848
0.8953963 2.004391 -0.55624 0.433198 0.7594986
1.654083 0.5936334 1.370985 0.3893843 0.3385245
0.9065913 0.3143666 1.021598 0.8350764 1.119089
0.4559657 0.8435715 0.5508197 0.925634 0.7538761
0.6630979 0.3347136 0.6639678 2.84607 0.8872268
1.207035 1.606966 0.8721208 0.763424 0.2914934
1.035189 0.6470823 0.4420338 0.8663848 -0.6929845
0.8420433 1.179207 0.4503545 8.056967 1.622076
1.444649 -1.230404 -0.4322618 0.9299469 -6.599157
0.7542909 -0.4214553 1.291263 -1.797781 1.145541
0.5780764 1.434017
