2.567858 2.434037 1.713544 1.697149 1.119649
1.963644 1.664333 1.730948 1.386131 1.484687
2.352538 1.866015 1.75749 2.298721 1.795408
1.679098 2.705278 1.933708 2.021701 1.559648
1.792257 1.554602 1.94838 1.436698 1.911585
2.126546 2.12052 1.942156 2.343242 1.522146
1.982442 1.497498 1.415283 1.722035 1.865857
2.084956 2.770025 1.607303 2.493711 1.965837
1.989038 1.520762 1.851702 1.287258 2.262028
1.776332 1.959968 -1.692718 1.567452 -1.637408
2.108106 1.978217 1.437647 1.326963 1.548339
1.314304 2.093717 1.196084 1.615762 2.283071
1.118042 1.636874 1.780273 0.7734542 1.189109
1.589804 1.220911 0.9222279 1.467948 1.506446
1.747739 1.599491 1.14132 2.042419 2.468422
1.878864 1.557685 1.112972 1.125643 1.529416
1.258789 1.39366 1.257395 1.590522 1.006519
-1.230069 -1.906823 1.984549 -2.308715 -1.276912
-1.470592 2.514976 1.727684 -1.146411 2.32964
0.9425985 1.311478 0.8707493 0.9759855 0.6822871
1.294317 0.8691873 0.343534 1.457679 1.16767
0.4807874 1.188001 1.043168 1.02911 1.37144
0.8556853 0.6919344 0.7897378 1.211632 1.211632
0.9195899 0.9221037 1.706844 0.4241015 1.665343
1.824559 0.9402088 1.052483 0.4452039 1.012007
0.7027094 0.4122376 0.8118559 0.4886428 0.8788495
0.7747747 0.7671304 1.257442 0.8240629 1.41854
2.171388 1.123854 0.5492957 1.22191 1.344739
0.9335816 0.7386592 1.381326 0.4180721 0.9013544
1.089896 0.5734972 0.5941917 0.8787953 0.5624438
0.9927113 0.9649182 0.859516 0.9194133 1.011248
0.9445821 1.315437 1.675685 0.9054187 0.3851662
1.560671 0.5754249 1.140847 0.8355414 0.8630764
0.665102 0.534893 1.110276 0.357085 1.462257
0.8676981 0.841985 1.156593 1.043497 1.057138
1.381976 -1.385147 0.9425985 0.8707493 -0.3966816
-1.138079 -2.308715 0.7970413 1.320112 0.5136647
1.125643 1.462257 1.798585 -0.4495453 -0.327907
0.9394844 0.9507581 0.6344195 0.6628438 1.340282
1.816847 0.9368634 1.044025 0.9401492 0.8812156
