2.184656 1.124915 1.630464 1.876738 2.083286
2.008779 1.708909 1.623167 0.8597667 1.676041
1.615082 1.286198 2.083625 1.541344 1.615313
1.579467 1.825113 1.700996 1.22528 1.965343
1.902306 1.287341 1.656242 0.7897699 0.9576387
1.65364 1.737674 -1.405223 1.342901 1.547268
2.194495 0.6012402 1.598271 0.8227517 -1.932036
-1.685361 0.7936419 1.693972 1.485865 1.876883
1.495811 -1.56683 0.723306 1.272045 1.795745
0.9698416 1.36448 0.8823874 1.543682 0.7876402
1.512898 1.154396 0.7165811 1.197894 2.200369
0.9960297 1.398867 0.6861311 1.652293 -0.7131145
-1.502374 1.435566 1.912987 1.465843 1.415918
0.8266142 2.454877 1.656242 0.6517647 1.42948
