1.342651 1.349942 1.613678 1.030558 1.213451
1.615772 0.9082821 0.7089454 1.078751 1.090707
1.42004 1.286244 1.311815 0.8345824 0.7091619
0.890794 1.117008 1.245576 0.9592502 1.311483
0.9903337 1.209347 1.249659 1.249659 1.734499
1.187721 1.158607 1.650692 1.245426 1.457606
0.9866575 1.023462 1.662412 0.8755784 1.281058
0.7767599 0.8510862 1.509747 0.6323115 0.8614111
0.6187667 1.107758 1.206225 0.6725047 0.7784791
0.6073916 1.336955 0.564172 0.5934923 1.041545
0.6785396 0.5899917 0.8314217 0.5647636 0.8649029
0.4936841 0.9853974 -1.618178
