3.036578 0 1.435718 1.024097 2.089736
2.044237 1.381697 1.4188 1.118872 1.347379
1.436096 1.737037 1.986747 1.156958 2.023078
1.503902 1.446757 1.470283 1.781872 2.207739
1.869206 2.427382 2.040892 1.322462 1.552373
1.388125 1.873849 1.249747 1.185772 1.423039
1.055196 1.303041 1.344325 1.040757 1.445275
1.007094 1.377467 1.607407 2.429492 1.259177
1.968229 1.609223 1.276429 1.41965 -1.492132
2.698046 1.153956 1.373441 1.943604 2.088179
1.120148 1.918786 1.704705 -3.039793 3.039793
1.258001 -1.346445 -0.9232726 -1.360855 2.526903
1.83989 -2.213661 1.195024 -1.669268 1.04181
1.675135 1.305934 -1.055967 1.104889 1.417775
-1.184999 -1.193957 1.040769 -2.81884 0
-2.674895 1.137303 1.137303 1.221235 1.221235
1.681103 1.234131 1.065467 1.417988 1.5211
1.183162 1.210873 1.893967 2.26357 1.461662
1.346887 2.50464 1.144973 1.189231 1.317121
1.212903 1.613304 1.546257 2.808116 1.329233
1.874966 1.763394 1.809189 1.914599 1.375635
1.119267 1.874015 1.642241 2.587669 1.629141
2.273253 1.424428 1.936438 1.319325 1.470842
2.557368 2.347195 2.655078 1.629664 1.208273
1.24999 1.218821 1.783807 2.178905 1.541875
-1.446321 1.886539 1.521708 2.29398 1.355724
1.109109 1.663859 -1.140332 2.5202 1.208543
1.104212 -1.850648 1.358028 -1.334416 1.442461
1.209749 2.81884 2.600439 -1.745229 1.358789
