0.9719182 0.7894946 1.317159 1.008476 0.941912
1.307191 1.163755 1.515131 1.037941 1.002245
1.767815 1.134751 1.636644 1.382791 1.228752
1.441774 1.177053 1.681741 1.100944 1.193064
1.181022 1.019223 1.417612 0.9823819 1.477719
1.435709 1.662525 1.052828 1.33712 0.9695524
0.5899929 1.532397 1.355703 0.8000578 0.8955507
1.449955 1.457641 1.020726 1.371876 1.208862
1.014092 1.32268 0.8773856 0.7004736 2.232754
0.9205227 0.9278523 1.691913 1.568807 1.536187
0.9541519 0.9110129 1.023715 1.09055 1.266731
1.141031 0.5664522 1.287742 1.024471 1.267694
0.7253899 1.108666 0.7776611 0.3531448 0.7837723
0.9123463 0.6624199 0.6958398 0.9455845 0.8949614
0.5366413 0.8685051 1.676382 0.5298333 -0.5825967
