2.955356 2.294734 2.94555 2.488857 2.491893
2.294734 2.094885 1.076499 1.676696 1.997509
1.953004 2.042404 1.460757 1.54786 1.786124
1.613786 1.456617 1.748854 1.462785 1.123961
-0.5082493 0.8697698 0.9005519 0.7611822 0.9161466
1.275004 1.087096 1.520198 0.7207515 0.4568448
1.403075 0.8988609 1.220361 1.371787 1.379728
1.453485 0.6867337 1.083686 1.417849 0.9554838
1.067421 0.8518034 0.4950192 1.3248 0.698508
0.6288739 1.109078 1.309605 1.390633 1.123687
1.56725 0.8394314 1.691847 0.7923199 1.528378
1.214658 1.004948 1.414737 0.9005519 0.7560887
1.671585 1.671585 -1.304215 1.528378 0.4186087
0.8442031 0.8944097 1.172124 0.7529328 0.3484458
0.3500715 0.684962 0.6652341 1.172708 0.9859023
0.7478509 1.019488 0.4442987 1.206939 0.5245922
1.081509 0.625552 1.368575 1.309771 1.516934
0.57099 0.4752228 0.3789457 0.6089919 0.5641964
1.375171 0.4820932 1.065035 1.476707 0.8722186
0.7613184 0.7609453 1.045889 -0.667762 0.3500715
-0.4886868 0.4855218 1.390633 0.7741501 -1.639307
1.375171
