2.155888 1.327242 1.563132 1.715803 -2.140723
-2.140723 1.072203 0.4181573 0.6071862 0.8356482
0.6124982 2.660545 0.8603941 0.5906844 0.7915849
1.384085 1.083437 0.9458148 0.9670329 1.731047
-1.59133 -1.498531 -2.140723 -2.140723 -2.154488
-1.111891 1.384085 0.9041469 0.6857038 0.8166835
1.268844 0.5921617 0.4125233 0.7814427 0.6701889
1.129775 0.4812793 0.8053718 0.3843929 0.4157289
0.6299576 1.431633 0.7611505 0.4863994 0.3755985
1.036711 1.009694 0.4882691 1.241428 0.3171908
0.9580608 0.8366297 0.6490375 0.5801358 -0.6976333
-1.121592 -1.203477 -1.395023 -0.5979367 -0.7731006
