2.732926 -2.596818 2.614538 2.614891 2.614891
2.274969 2.944998 2.463265 3.007393 2.678445
2.518781 -2.063185 1.950387 2.076715 1.218139
1.796217 2.039113 1.535025 1.559879 1.756673
1.756673 2.272806 1.391142 1.316108 1.308655
1.537049 1.513385 1.267231 1.577818 1.957064
2.101376 1.439357 1.535025 -0.455449 1.559879
-1.068095 -1.138391 0.7120683 1.829266 0.5371143
0.4380528 0.669145 0.9507749 1.677456 1.791306
-2.262688 0.8380726 1.026018 1.393634 1.405084
0.412153 0.4873014 1.615018 0.7955319 1.656665
-0.4789972 1.791306
