2.592617 1.301607 1.549797 0.7825025 1.483742
1.037824 1.613746 1.088251 1.217796 2.644535
-1.236025 1.130749 1.437587 1.439458 1.614178
0.8143993 1.172493 1.199429 1.512046 1.392145
0.7631518 1.11421 1.537139 1.483742 1.594845
-1.318513 0.8143993 -1.733345 -0.6925039 1.495296
-1.516203 -1.125264 -1.075503 0.3552978 0.4611992
0.303397 0.784072 1.634385 0.461982 1.727641
0.9409446 2.781501 0.9466204 0.7505327 0.2308909
0.5049629 0.8791205 1.186608 1.886701 0.7096985
0.7723382 0.9192874 0.4755489 1.31368 0.9763634
0.9951318 0.9022661 -0.9665911 0.2308909 0.3869287
-0.2705976 1.503884
