2.850645 2.559919 1.212028 1.456551 1.924929
2.350097 1.301802 -2.251135 1.288423 1.49172
2.465459 1.457608 1.376164 1.827514 2.627593
1.787557 -2.143871 1.3088 1.930286 1.591177
2.15708 1.438193 -1.781744 1.929533 1.223301
1.75778 2.627593 -2.561514 -2.549776 1.32715
1.062681 0.9006246 1.92472 -1.998237 2.028024
1.645995 -1.567156 1.973014 1.374513 1.18456
2.211828 1.985335 1.2593 1.263507 -2.445695
1.473501 1.701593 1.431089 1.653087 1.483234
1.294497 1.763008 -1.529704 1.606513 1.259557
1.850904 1.239307 1.160537 3.402331 1.458621
1.288423 1.578205 -1.448605 1.719269
