0.8633696 1.303223 1.318558 0.9881263 1.227587
1.104072 0.9968178 1.575015 0.8796365 1.348282
1.043586 1.073414 1.482145 1.141735 1.460979
1.429842 -0.5206259 1.626818 -0.5300129 -1.115274
0.893819 0.8796365 1.287473 -2.410081 1.203632
0.9737597 0.7904589 1.216564 0.9703099 0.6627517
1.421748 1.170278 0.6170166 1.238346 0.7627706
0.536228 0.8884124 0.6372014 0.8878154 1.180522
1.608413 0.865089 1.619311 1.708309 0.4202015
0.8288118 -1.014744 0.8922448 0.9546361 0.824972
0.8849515 0.9544902 1.255587 0.4702636 0.9538505
0.9445119 0.5250769 1.61163 -1.258505 0.8619047
0.8977099 0.743776 0.5783424 0.6574168 1.396041
0.818682 1.11727 0.4618552 1.136791 0.7848478
0.7416076 1.176595 1.499404 -0.5578864 1.292231
-0.5664785 1.137093 -0.6661058 0.7600893 -1.425873
-1.613612 -0.9791966 -0.5782846 -1.246243 -1.025531
1.61163 0.8977099 1.285592 1.285592 0.8673089
0.4759567 0.4708875 0.6790665 0.3607171 0.7857414
0.5834031 0.4834014 0.6008011 3.047286 -0.7888955
0.829747 0.5609259 0.8839604 0.4418721 1.425293
1.205912 0.7774913 1.394698 0.777008 0.5346446
0.6179674 0.3922012 0.6263161 0.8026844 0.8730015
0.6582066 0.6088356 -0.993565 -1.135689 1.255587
-0.3368559 -0.6202308 0.3534398 -1.033648
