2.398199 1.854423 1.99954 1.426184 1.355619
1.742579 1.168404 1.856586 1.561802 1.180581
2.273338 1.685756 0.9967132 1.909093 2.148619
1.147712 -1.850114 1.172205 1.276952 1.687672
1.428594 1.617765 1.504998 1.28188 1.396867
2.366647 2.04829 1.745701 2.007873 1.51289
1.251268 2.348293 1.167295 1.350249 1.403463
2.105395 2.296716 1.741552 1.235291 1.579983
1.588431 2.114709 1.392731 1.528496 1.500575
2.202654 -1.322369 -1.842183 1.450682 2.231833
-0.7101377 -0.89566 1.641227 1.436149 2.115237
-2.048114 1.032651 1.297999 -1.037885 1.652892
1.646582 2.114709 -1.734811 1.107037 1.317705
1.823249 1.626686 2.259089 1.915422 1.46754
1.575828 1.454998 1.535854 1.479561 1.77713
1.645486 -1.609645 1.450682 1.167295 1.15219
2.068101
