-2.731569 2.313486 2.975739 2.652442 2.416912
-2.731569 -2.461815 -2.14328 2.551216 -3.200721
3.378764 -3.064184 2.363323 2.014364 1.31925
-1.784232 -2.016909 2.051253 1.942298 1.378453
1.617064 1.878985 -1.422539 1.869725 1.848065
1.755189 2.99949 1.826144 1.932764 2.438728
2.110721 2.525277 1.713247 2.031104 -2.282883
-1.78079 2.101152 -2.14258 1.594392 -2.817443
2.2954 1.848065 2.12691 1.825771 2.234258
2.946782 2.410287 -2.940382 -1.679729 1.756391
1.52538 1.321406 1.771174 1.720724 2.050075
2.405249 1.544002 1.570517 1.771689 4.253746
1.531705 1.600019 1.466407 1.69493 1.405862
1.425944 1.706376 1.437037 1.615519 1.310201
1.800089 1.324807 1.354798 1.711969 1.711969
1.574607 1.366965 1.683159 -1.441946 1.131326
2.418903 1.626461 1.323158 1.715808 1.508373
1.78299 1.568288 1.747104 1.408132 1.373245
-1.418532 1.268417 2.105006 1.550696 1.344276
1.800225 1.323221 1.533539 1.81128 1.852691
1.393332 -2.635488 1.712143 2.725842 1.452645
1.235274 1.247034 1.937328 1.601289 1.801891
1.5879 1.361069 1.378727 1.390848 1.472735
-1.175845 1.389607 1.064183 1.550178 1.897485
2.348994 1.604943 1.74788 1.318584 0.9431441
1.451324 1.343027 1.327965 1.489133 1.639346
2.373202 1.587763 1.761076 1.136292 1.803016
1.409938 1.688201 1.564306 1.582547 1.566353
1.865085 1.221722 1.648289 1.342008 1.356567
1.398254 1.675178 1.842459 1.782063 1.39496
1.766323 1.358388 1.642202 2.026606 2.079671
1.664812 1.511771 1.507698 1.863687 1.21803
1.439049 1.202621 1.47923 1.445548 1.295586
1.648921 1.566855 1.68538 1.477738 1.451546
1.925763 1.561416 1.560506 1.648887 1.807223
1.364611 1.550382 -1.927098 1.45346 1.741926
-1.251347 1.78079 1.800089 1.326191 -2.549724
-1.302437 -1.544222 -1.694466 -1.3768 1.485869
1.429517 -1.439286 1.456476 1.931937 1.390755
1.508354 1.366223 -1.422539 1.322038 -1.648174
1.526852 1.729881 1.390848 -2.111571 2.2954
1.342678 -1.578709 -1.54252 1.585275 1.456281
1.959571 2.331336 -2.331336 1.56692 1.468543
1.468543 1.642202 1.360092 1.310356 1.264309
-1.46381 1.27871 1.782421 -2.940382 1.655927
-1.46751 1.37387 2.031104 2.124115
