1.210055 -0.4294921 1.228407 0.5564431 -1.204868
0.7414368 0.5689987 -0.8274577 1.49665 -0.6187588
1.257104 -1.458308 -1.291071 1.531131 1.15665
0.6870729 0.8765623 1.302175 1.086658 1.160325
1.400771 1.164043 0.9749638 1.15118 0.7389106
1.330859 1.209291 1.664128 1.054572 0.8830265
0.5199928 0.8411691 1.419473 0.6537797 0.5936443
1.148121 1.35154 0.9063577 1.14863 2.227903
1.566115 -0.5227101 1.013234 1.851442 0.9046716
-0.8849284 0.9911198 -0.9342921 1.181916 0.7838961
0.7217275 1.106876 1.339192 1.230656 0.6880923
0.9390435 0.58158 1.250424 0.8291545 0.81069
2.634911 0.7748593 0.6962538 1.154961 0.644242
1.17143 0.8256356 1.287349 0.4202212 0.9767831
1.360034 0.5135767 1.406932 0.8754976 0.287056
4.469303 1.004566 0.5561309 1.214361 1.110583
-0.9695834 0.9196842 0.8878356 1.271128 1.172968
1.194303 0.5506365 -1.892063 0.8890409 1.350058
0.9976622 0.9892379 1.428214 0.7259837 -0.5403253
0.7325955 1.003007 0.889393 1.612412 1.451034
-0.7970197 -0.9142209 -1.034695 0.8396756 0.9122082
1.154611 0.6789765 -1.055527 0.3205589 1.108324
0.5693007 0.2975368 1.197531 0.7154714 -0.6776959
1.059875 0.3708554 -0.9935537 1.414701 1.429873
-6.032224 -1.324717 -1.52826 -1.267086 -1.281046
-1.281046 -1.16207 -0.9586858 -1.035793 -0.9187969
-0.7771416 -0.9644281 -0.690909 -1.139875 -0.5848915
-0.5714695 -0.6745069 -1.050629 -1.194487 -1.755461
-2.217425 1.224979 -0.6075813 1.210055 -0.5143823
-0.3597589 -1.347185 1.249717 -0.8330731 -1.453726
1.327831 1.428214 -1.349757 -0.3697211 -0.824539
-0.4294921 -0.4768394 -1.055527 -1.828704 -0.833656
-2.443263 -1.074239 -0.5055159
