2.566092 2.657527 2.739045 -2.987435 2.113662
1.543291 1.90168 1.277809 2.172978 -2.108037
1.273447 1.468133 1.772996 1.537175 -1.5438
0.7639557 1.180138 0.7862132 0.6336786 2.221967
0.989156 0.7955171 1.411237 -1.091392 0.931406
0.6894764 0.819249 1.101165 0.5037781 0.5296395
0.2733168 0.2255958 0.9337784 0.552302 0.9311
1.026403 0.7572331 1.291655 1.28483 0.2166434
0.5937907 0.6520991 0.7798623 0.7833245 0.6971223
0.6481176 0.771294 1.051426 0.4873191 0.5101564
1.259778 0.9869063 0.398029 0.2805271 0.7086903
0.6813026 1.395905 1.259778
