2.798676 2.568612 3.13206 1.450918 1.238838
1.055218 0.6653523 1.722425 0.9800502 1.4988
1.692194 1.956726 1.466743 0.4726751 2.227648
1.148231 1.191566 0.9764447 1.897508 0.96345
1.284783 1.092031 1.566008 1.356115 1.484212
1.543396 1.425153 1.453464 1.806136 1.809041
1.086763 1.524431 1.40185 1.683259 1.372305
1.926064 1.468496 1.645735 1.407465 0.6693437
1.189126 1.532446 1.435934 1.651797 0.9688547
0.9048418 1.281873 1.652832 1.377733 1.557088
0.9117759 0.4726751 -2.382785 0.7222888 1.410105
1.160284 -0.311097 1.470217
