2.707732 2.881176 2.567049 2.672751 2.714804
3.16706 2.881731 3.029391 2.955666 2.924798
3.162023 2.89223 2.967423 3.103839 2.674255
2.192285 5.160375 2.824343 2.650711 3.132824
2.84502 2.710765 2.862994 2.629966 2.606513
2.874591 2.949496 -2.09347 -2.823009 -0.5743745
-1.234741 -2.402216 -2.877084 2.888295 -2.355698
2.511076 2.635664 2.976294 2.989633 2.494768
2.566712 2.621438 2.49059 2.31536 2.881411
2.862356 2.312112 -2.708545 -2.318535 2.286122
2.893149 3.143409 2.340038 2.168592 2.236124
3.132824 2.055614 2.703191 2.616751 2.602177
2.760108 -1.199518 -2.466044 -1.084113 -3.074019
-1.896011 -1.45509 -2.238039 -2.331752 -2.121072
-2.299133 -2.894263 2.278056 1.627793 1.14683
1.205682 1.861849 1.752404 1.693156 1.591364
1.841632 2.063625 1.684553 1.666255 1.516685
2.215266 1.418766 -2.100399 1.777541 -1.889371
-1.378332 1.007453 1.671606 1.59975 4.154118
1.476826 1.755167 1.254954 1.278497 1.606798
1.902187 1.094411 2.320602 1.683327 1.199807
1.741557 1.518624 1.246996 1.155581 1.845106
1.506205 1.3644 0.7442078 1.699312 1.263586
1.22234 1.363372 1.689691 1.882191 1.726896
1.254244 1.823844 2.03648 1.623837 1.442609
1.211637 1.356651 1.152338 1.867492 0.7613842
1.023557 1.051202 1.772919 1.669068 1.007471
0.946419 1.502665 1.255432 1.15026 1.048776
1.415915 1.555733 1.056702 1.239093 -1.580986
-1.26467 -1.372361 -1.418766 -2.328483 1.14683
-1.253708 1.511342 0.6417119 -0.5756693 -1.555466
-0.29889 1.816161 -1.164051 -1.256822 -1.315865
-1.315865 1.023557 1.495781 1.495781 -1.57416
1.306663 1.329698 1.329698 1.502665 -1.34454
1.923471 1.34707 -0.4414232 -1.351232 -2.573273
1.077402 0.6666817 0.9021935 0.8917463 0.767357
1.267725 1.064902 -0.7246534 1.50951 1.543684
1.07966 0.4867494 1.228422 1.425651 0.9006898
0.4633501 1.528654 0.4277474 1.258544 1.516517
0.758653 0.7533685 0.9853601 1.335741 1.432386
0.8815794 0.6821981 1.448024 1.306277 1.139334
0.6851457 1.87594 0.585162 1.077546 0.7313217
1.781849 0.5535687 0.5436604 0.9763485 1.011872
1.511758 0.5946277 0.9713026 0.7124975 0.8390008
0.474859 1.082429 0.4618682 0.942412 1.32905
0.8400723 1.124375 2.2231 1.163671 1.121046
1.077241 1.14597 0.5389242 0.9216482 0.5761901
0.8714867 0.4786783 1.074546 0.8469572 1.22827
1.206524 1.04278 0.6354612 0.9985414 1.576151
0.4515195 2.719358 1.057832 1.410309 0.6114518
1.011921 0.937324 1.495781 0.7304153 1.623429
1.29939 0.7894187 0.9223229 1.821612 0.9609626
0.8001937 1.257623 1.226677 1.605327 0.7862339
0.549702 0.8491192 1.117171 1.208314 1.294656
0.7782661 1.096829 1.130864 1.259156 0.3851662
1.125522 1.969621 0.9414455 0.6187701 8.040807
1.828414 1.510377 1.465908 1.015129 1.077402
-0.9496813 -1.512711 0.7953544 -0.7053457 -1.262664
-1.672374 -0.7802864 -0.7627178 0.7627178 1.787701
-2.328483 -0.6318003 -1.254244 0.9747806 -0.5412118
1.22245 -0.7026724 0.4493878 1.495781 -1.112529
-0.7236951 -1.381849 1.605327 -1.307416 2.001757
-0.6057048 -0.2687395 1.551039 0.8088035 0.6106631
0.9710233 1.385341 -0.9907439
