3.357747 2.293745 2.966561 2.377618 2.958722
2.398429 2.501876 2.182218 1.986247 2.495459
2.508714 2.40059 2.351389 2.405845 2.807084
2.248196 2.257019 2.698756 2.573943 2.322943
2.721909 2.529876 2.304987 2.738168 2.726766
2.694978 2.543423 1.695429 2.72049 2.658878
2.150858 2.472013 2.837372 2.277702 2.822782
2.495459 2.238039 -2.746498 2.146526 2.536608
2.941166 2.941166 -2.197195 2.441578 2.230806
-2.110319 2.069671 2.516357 2.210033 -2.495994
2.301725 2.344643 2.307021 1.912339 1.602093
2.86714 2.572877 2.245091 2.230047 2.296282
2.058732 1.900428 3.357747 2.454689 1.944891
1.791928 2.598389 3.042374 2.199799 1.91463
1.379143 1.429877 1.746896 1.623483 1.626744
1.655765 1.32606 1.495393 1.166453 1.495053
1.896945 2.515298 1.391167 1.536503 1.539227
1.719482 1.523565 1.955973 1.872 1.441454
2.244114 1.50906 1.682258 1.406812 1.437304
1.896836 1.766119 1.824318 1.860993 1.624386
1.655526 1.423884 1.455186 1.701472 2.638917
1.869181 1.699733 1.301709 1.165036 1.339227
1.703043 1.557534 1.81193 1.625165 2.721909
1.454812 1.875703 1.27476 1.517494 1.626502
-1.412656 1.813379 1.314978 1.486822 1.450306
1.704874 1.314127 1.804941 2.610805 2.168254
1.463863 1.42856 1.607786 1.917037 -1.78262
1.069815 1.998985 -1.793611 1.831515 1.884073
-1.837431 -1.342242 1.431916 -2.048105 -1.519801
2.566508 -1.614446 2.114116 -1.566946 -2.160575
-2.201272 -1.687418 1.334548 1.659125 1.870915
-2.30775 -1.411321 -1.756783 -2.044565 -1.51127
-1.51127 2.64139 -1.351702 -2.214979 -1.680231
-1.680231 -1.304836 -1.534364 -2.056901 -1.534586
-1.534586 2.892988 1.24015 1.652265 1.831076
1.49751 1.359722 1.708529 2.354477 -1.524144
