-1.590755 1.597945 -1.73692 -1.910682 -1.068997
1.03147 -1.343478 -1.910682 -1.566984 -2.418102
-0.8825159 -1.085531 -0.3333015 -1.381429 -1.060354
-0.5342788 -1.373841 -1.631048 -0.6242267 -1.00071
-0.4663294 -0.8086339 -0.8070605 -1.01667 -0.4479535
-0.7721463 1.41936 -1.039795 -1.797183 0.9624909
-0.7875233 -1.31386 -0.8825159 -1.229007 -0.624848
1.597945 -1.148342 -0.2539018 -0.2267961 -0.428525
1.41936 -0.6466182 -0.7110799 -1.088627 -1.343478
-0.3248095 -0.5357017 -0.3270858 -0.2292985 0.943643
-0.9735154 0.4129033 -1.150405 -1.836689 -0.8272005
-0.5678487 -0.7977391 -0.3824551 -0.6408278 -0.4559367
0.3383898 -1.444415 -0.297312 -0.7726586 0.3883948
-1.021739 -0.5914659 0.2180983 -0.9985338 0.8681317
0.6754321 0.5986894 -0.2292985 -0.6880146 -0.3818516
1.597945 -1.241014 -1.264247 -0.488122 -0.8086339
-0.7040838 -0.7726586 1.548444 -0.3487193 -0.755617
-0.3201211 -1.317061
