2.247108 2.744389 2.728555 1.819873 2.080474
2.097187 2.320869 1.989559 1.867415 1.667189
2.837781 1.933427 1.55995 1.250281 1.23975
1.1293 -0.7452982 -0.3756849 2.038724 1.88939
1.563649 0.7434146 1.068736 1.653913 1.295647
1.035734 1.833633 1.68205 1.125264 1.723157
2.223233 1.508867 1.40619 2.391748 0.9599607
0.7799335 1.314079 1.395511 1.209408 0.9313363
1.096878 4.211354 1.999085 1.497077 1.839504
1.01232 1.802255 1.951569 1.49497 1.101528
1.966089 0.8319884 1.17494 0.8901295 2.231181
1.423639 2.348582 1.688284 1.688284 1.313133
1.44765 1.588433 2.400065 1.496667 1.192044
1.705959 1.294853 2.138589 1.761602 1.486527
1.791333 1.439458 1.595905 0.5373 1.325407
1.279779 1.181172 1.273455 1.210495 1.297496
2.721967 1.816694 1.3083 1.517698 1.940695
1.411236 1.591022 1.40261 1.379383 1.798263
1.310464 1.324372 2.60453 1.841554 1.074454
1.785298 1.449467 1.186099 0.8487976 0.9087708
1.436132 1.646578 2.443693 1.443088 1.181599
1.658037 1.014394 0.7432928 1.601142 1.70926
1.087281 1.422328 1.383841 1.442588 1.455333
1.5697 1.305603 1.734323 1.792364 1.838482
1.8164 1.408516 1.212525 1.675284 1.510003
2.06238 1.047545 1.099101 1.477298 2.045361
1.829346 2.025958 0.9614115 1.468195 1.345033
2.437205 1.286489 1.92464 1.626258 1.806349
0.6641039 1.506315 1.600121 1.939253 1.650353
2.205162 1.168007 1.397466 0.774976 1.307079
0.5920303 1.501859 1.232017 1.692129 1.44258
1.332132 1.433478 1.232029 1.874985 1.864062
1.672062 1.72844 0.894522 1.140795 2.041903
0.6666805 1.108651 1.273527 1.74004 1.255879
1.702007 1.130759 1.103273 0.9503629 1.105068
1.369943 1.41709 1.14814 1.441013 2.060228
1.260044 1.740716 1.337024 1.47839 1.535525
1.35987 1.243342 1.735092 1.623321 1.774919
1.641785 1.58228 1.771267 1.848159 1.455292
1.283864 1.232146 1.236993 0.9988505 1.001198
1.160733 0.9564331 1.407997 1.413466 1.665032
1.177048 1.206007 1.612747 1.998161 1.193135
1.826119 1.716016 1.46878 1.466018 1.599842
1.548888 1.047648 1.079252 1.901161 1.220201
1.502652 1.686677 1.250727 1.283486 0.6929119
1.492229 1.439554 1.283398 -0.3114176 1.577575
1.35038 1.782079 1.460104 1.737718 -1.018766
1.341601 -0.5132154 -0.5309732 1.080357 1.008405
1.310294 3.052292 1.25633 1.538204 1.113593
1.916294 1.31748 1.745734 2.294839 1.088533
1.250281 1.341667 0.3907395 1.352766 -0.229817
-0.9028318 0.956037 0.9269961 -0.3756849 1.568173
0.7298551 0.9854659 2.020381 0.3465763 1.806349
0.8563546 2.447413 0.5920303 1.288685 1.315275
1.196949 1.571636 1.610866 1.610866 1.260044
0.4361914 1.571414 1.258243 1.25566 1.379319
-1.449085 -2.445297 1.068686 1.668978 1.309973
1.309973 -0.4475027 0.4700824 1.599842 1.402761
1.831418 1.496811 1.17128 1.446728 0.9481367
0.927675 0.6495857 0.9825972 1.046819 1.032997
0.2698013 0.7241455 0.963259 1.721724 1.379171
0.8143207 0.9655516 0.4966748 1.090731 0.7331977
0.7673157 1.077033 1.346524 1.26168 -0.848266
1.704431 1.089389 0.8069055 1.016444 1.475961
0.6105774 0.7928456 1.379892 1.479371 0.6390339
1.488661 1.245452 0.6273722 1.575593 0.8835576
0.9556844 0.7969496 1.141179 0.7731185 1.468472
0.5101176 1.951569 1.635057 1.525712 0.5539288
1.2456 0.9698007 0.5737539 1.282516 1.3586
1.656106 1.409767 1.037901 1.157939 0.7697724
1.321028 1.1824 1.516374 1.019883 0.7290923
1.070268 1.117531 1.01067 1.062707 1.546752
1.357661 0.9950778 1.631723 1.147581 1.290403
1.523184 1.056403 0.6228586 1.055528 0.8408174
0.8748003 1.655158 0.8660922 0.4067871 0.8136674
1.363905 1.402799 1.32247 0.7981666 1.527932
1.33331 0.6674322 0.7294305 0.8250906 1.438034
1.443506 1.249545 1.438478 1.055491 1.230249
1.067635 1.516885 0.7612068 1.895777 1.215461
0.5840228 2.235493 1.685918 0.6191746 1.218164
0.193427 1.875783 1.474726 1.075725 1.194884
1.093888 0.4490361 1.079837 1.103387 1.22179
0.580399 0.9549209 1.096637 1.146639 1.413386
1.748058 1.155209 1.6524 1.612839 0.4789731
0.8557631 0.9869249 1.150226 0.9647233 1.1095
0.8968334 0.9421336 0.9531211 0.6047811 0.7503805
0.9194733 1.017399 1.274301 1.003508 1.352293
1.468053 1.224813 1.45271 0.948929 1.065315
1.511401 0.574176 1.160323 2.35658 1.305226
0.9283609 0.4841117 1.265932 1.313742 1.448886
1.320046 0.9470943 0.3702431 1.038873 1.260039
1.071139 1.30466 2.602606 0.8833425 1.501126
0.7539081 0.5543567 0.9575989 0.6814546 0.948022
0.8386534 1.576297 1.354826 1.327494 0.3699369
0.4535272 0.7246976 1.364199 1.469429 2.333292
0.9579041 1.390769 1.715886 1.19021 1.500629
1.31711 0.5351024 1.236632 1.172226 1.180227
1.072492 1.422081 0.9949479 0.619082 1.473674
1.087789 0.2956565 0.4384848 0.8960029 2.073373
4.547992 0.6907069 1.210245 1.327724 0.6595147
1.391668 1.292374 1.416663 0.8793044 0.8238117
0.7299802 0.6807674 1.176968 2.126584 1.02854
0.9885491 1.055502 1.59161 0.6399174 0.4353399
1.184579 1.578381 1.234281 2.66071 1.207234
1.453978 0.7773589 0.9788845 0.6817979 1.568659
1.980038 0.474969 1.726215 0.5985598 0.9633746
0.904159 0.5454341 0.8481028 1.071913 1.265735
0.394712 1.171855 0.6469975 1.143035 1.610866
1.51158 0.794445 0.776543 1.229485 0.774521
1.798092 1.211005 0.9945782 0.8595851 0.9095473
1.319959 0.3608835 1.190436 1.190436 0.8580751
1.740716 1.707769 0.6564256 0.9854318 0.914799
0.8885037 1.13183 1.259505 1.001064 1.14107
1.925417 0.9934451 0.8147519 1.396128 0.7952632
0.5299008 0.6153654 1.262607 0.3438144 0.6738123
1.062115 0.8674693 1.13178 0.9897323 0.4909951
1.271897 1.085217 0.7192155 0.9143352 0.9475552
0.2438671 1.295467 1.423098 0.8598833 0.6732702
1.234982 1.57043 1.201401 1.435163 2.00237
0.369313 2.053434 0.9479433 1.206007 0.6892795
0.8122557 0.8635852 1.209344 0.4896622 1.18603
8.21567 1.967815 1.438062 1.570735 1.583296
1.696478 1.527171 -6.200662 1.578806 -1.642476
1.216737 1.17128 -1.446728 -0.4009421 -0.5937718
1.032997 -0.3024805 1.42686 1.42686 1.42686
-1.17618 -1.047122 0.5361276 -0.679801 -1.180203
1.282803 0.5976034 1.2456 -0.629274 0.9088904
-0.2381183 -1.199793 -0.8118507 1.019883 1.357661
1.012225 -1.387552 0.8516035 -0.4896412 -1.207386
0.7533639 1.178688 -0.924899 -0.924899 1.814905
1.814905 2.294839 1.22179 1.324372 1.096637
-0.7529055 0.5294705 0.5294705 1.05365 -1.201314
0.3625531 -1.343078 1.005539 -1.354826 -1.354826
-1.87565 0.2686832 0.2842661 1.43109 -1.146131
0.5426404 1.527562 0.7509351 0.8857251 0.4582156
1.039419 1.240173 0.4064277 1.065397 -0.4965527
1.058717 0.547663 1.610866 -1.108275 1.060551
1.457879 0.2696244 0.914799 0.5283087 -1.102691
1.03146 -1.088482 0.3273885 0.6256549 -1.223446
1.223446 1.223446 1.687424 -0.6452201 0.6452201
1.80507 2.00237 0.6455978 0.8851721 1.202348
0.3757929 0.5758148 -0.2172331 1.334075 -2.308735
-0.8121455 1.466018 0.9063862 0.4072345 0.4072345
1.152359 1.527171 1.46702 1.145113 1.274614
0.8073658 0.9597551 0.3975374 1.44637 0.4204755
1.142521 0.5717108 0.6732026 1.182061 0.4177759
0.3982841 0.6460098 0.7599296 0.5400638 0.5723396
0.4827156 1.039859 0.8148197 0.841848 0.4169478
1.183663 1.247758 0.3018304 0.8097653 1.342697
0.3741229 0.4748481 1.066271 0.3253506 1.173837
1.164651 1.263798 0.6644208 1.58708 1.603586
1.016035 1.038402 0.8147513 1.446692 1.254844
1.071886 0.524663 0.8844348 0.7976487 0.370857
0.6848404 1.08579 0.5128168 1.577748 0.8709347
0.4436476 1.397151 0.3252328 0.4151033 0.6065917
0.9530895 0.3549661 0.4040998 0.970173 0.3827079
0.749743 1.488028 1.702458 0.4037286 1.112959
0.9131972 0.511781 0.9933198 1.08604 0.5978555
0.4731172 0.7784257 0.6401314 0.885339 0.5693261
0.5683854 1.280038 0.7241519 1.339592 0.7374252
0.7423751 1.098431 0.414722 0.7111583 0.583495
0.8091988 0.8352892 1.598854 0.7278768 0.721049
0.6115849 0.916316 1.697168 0.9408498 0.5523704
0.9952898 1.078934 1.019066 1.216445 0.356605
1.003276 1.276955 1.071204 0.7018843 0.4827156
-1.184493 -1.334354 1.262439 -0.8999652 -0.7452982
1.005539 0.5907564 -1.101147 1.702458 1.702458
0.82199 0.9873546 0.5070549 -0.5070549 1.812752
1.598854 0.3564124
