0.6484787 0.3410154 1.136886 0.8944806 0.3378827
1.088824 1.311314 0.4458897 0.9107302 0.9107302
0.6605549 0.8417163 0.2853758 0.320331 0.7578448
0.8163161 0.9918923 3.039466 1.100292 1.487238
0.338109 0.4174869 0.4730601 1.215845 0.4622902
0.4026054 -0.4719886 1.088501 0.2523132 0.3836822
0.4066128 0.1845023 0.3558654 0.7990817 0.3528663
0.2872379 0.5709064 0.9977792 1.060609 0.8178403
0.3175288 0.7701797 1.012466 0.2929192 0.3392986
0.4400272 1.204773 0.2651051 0.3789213 0.4433679
0.661503 0.5729761 0.4696582 -0.6272183 1.123744
0.9118947 0.2241627 0.8724054 0.6977567 0.9837023
-0.9989682 0.3367128
