2.178119 2.071392 -2.105537 -2.082221 2.099797
3.04228 -2.604668 -2.09857 -2.168698 2.122805
-2.525877 2.032124 -2.647957 2.403587 -2.180411
1.826042 2.071392 -2.110521 -2.233223 3.756327
-2.017114 -2.801398 2.877424 -1.960568 -2.245126
-2.787415 -2.517419 -2.495412 -2.168698 -2.781422
-1.971362 1.919082 -2.32248 -2.159092 -2.211421
-2.439258 -3.01686 -2.235433 -2.307389 1.822913
2.105634 -2.43711 2.099368 2.396982 2.316554
2.054752 2.217414 2.064769 1.896386 2.089931
1.953728 1.948299 2.178125 2.225745 2.416942
1.729702 2.119185 2.070919 1.892673 -2.863652
-2.437131 1.922604 1.931157 1.666081 1.949536
1.991118 2.597647 -2.65769 -2.270212 1.877549
-2.467485 -2.004209 -2.225281 1.699606 3.098763
-2.09634 2.141609 -2.185533 2.507019 -5.55209
-2.492235 -2.571907 -2.581661 -1.964994 -2.235145
-2.19394 -2.142107 1.761656 1.633728 1.751081
-2.198433 -2.647957 -1.987139 -2.069335 -2.599088
3.01686 -2.497745 1.844655
