1.20955 -1.571679 1.722665 0.8203112 1.032106
0.6619379 1.281261 0.5910469 1.417297 0.5937838
0.4261208 0.9958075 1.02055 1.696612 0.5624869
0.9902313 1.166586 2.305267 0.3135182 1.108798
1.645909 0.2249409 0.9497148 0.7547453 0.8476428
0.7619383 1.104443 1.087065 1.065962 0.9277904
1.208479 1.068018 0.9670809 0.3412617 1.012382
1.588659 0.2624878 0.6048931 1.382644 1.067671
1.624015 0.8008419 0.5985981 1.120153 1.673753
1.388696 0.4853014 0.8208048 1.342284 0.8997467
1.5816 2.300662 1.129273 1.288227 1.382644
0.5913043 0.7260661 1.384355 1.511661 0.2166434
0.2441122 0.8930155 0.9747061 1.253617 0.7316566
0.2977583 1.157263 1.185642 0.2995739 1.385116
0.2615078 0.526542 1.216429 1.30213 -0.2515711
-1.208479 1.385116
