1.591764 1.610063 1.304065 1.777255 1.116877
1.652243 1.158051 0.9639287 1.637653 0.7393339
1.642411 1.198554 1.339363 1.349138 2.17227
1.264209 1.500865 1.062568 1.732204 1.950229
1.451253 1.089645 1.376863 -1.725135 2.330034
1.777255 2.05255 1.473556 -0.683657 3.086392
-1.18188 1.969075 -0.5376411 1.30741 0.5882845
-1.657445 -1.463478 -1.858052 1.816061 -1.485329
1.657361 -2.530853 -0.1865235 1.300427 1.025984
1.395859 1.213322 -2.040592 1.393661 1.203967
1.025245 1.185975 -7.903199 2.228394 1.221877
1.1924 1.9938 1.291793
