2.709414 2.775715 -2.321748 1.951218 2.916944
2.752729 -2.061563 2.83573 1.805131 2.44929
1.820772 2.428278 2.298775 2.090153 2.107441
2.380845 2.361496 2.835837 1.53705 -1.846279
1.896867 2.211624 1.936082 -2.932704 -1.722848
1.592361 1.990817 2.23639 2.089959 2.17182
2.016421 1.959442 2.70836 2.23054 2.561477
2.476506 1.898833 1.716097 2.341625 2.32339
2.36579 2.282422 2.093691 2.727809 -2.054609
1.976065 -1.8601 -2.193498 -2.08558 1.868727
-1.883749 1.896681 -2.061563 1.634232 1.859058
1.972309 1.746813 -2.123511 -1.756675 2.0411
2.116627 -1.645054 -2.487946
