2.414348 2.670735 -2.501182 2.414348 -2.194441
-2.318639 -2.318639 4.259836 2.443145 1.610288
2.48181 2.012785 1.524762 2.224688 1.850839
2.286698 2.623948 1.622224 -2.733497 1.493322
1.644658 4.77006 1.336768 1.33976 1.380749
1.618369 1.500228 1.927173 2.422089 1.735951
2.226102 1.373675 2.199671 1.663663 2.479134
1.761312 2.088665 2.007938 1.554813 1.521288
1.654419 1.864135 1.437592 1.47573 1.986025
1.286695 1.674878 1.518414 1.840455 2.012986
1.627302 1.309565 2.145142 2.233796 -2.224688
1.994097 1.483241 2.086493 2.067728 1.837912
1.681824 1.804956 1.662883 1.823832 -5.125846
-2.274268 -2.005947 -1.788441 2.087847
