-3.19327 3.448069 3.331094 -3.154874 -3.102229
3.481903 3.143858 -3.0912 3.355892 3.152595
3.125809 2.803636 2.758005 -3.1211 -3.213331
3.160744 3.154971 3.164694 3.317953 -3.15403
3.227874 3.262276 2.996001 -3.125535 -3.109481
-3.160395 -3.316262 3.222339 2.971099 -3.215045
3.012803 -3.242999 -3.336545 -2.909737 3.176002
3.358861 -2.754374 -3.191695 2.283776 2.815659
-3.111455 -3.370861 2.856692 3.251363 -3.06278
2.654922 -3.113156 -2.851548 3.05952 -3.25688
3.076534 3.388023 3.207215 3.040165 3.304429
2.915187 3.00489 -2.542366 3.114818 2.69623
3.013722 3.015508 3.006378 2.836664 3.002043
3.008753 -3.219403 3.200842 2.906757 3.167278
3.321271 3.164387 -3.257629 -3.316262 -5.319593
-3.356069 -3.375509 -3.159633 -3.219924 3.033365
-2.880729 2.801086 2.814279 2.761617 2.795185
-2.881846 2.988681 2.613442 3.491919 3.149212
3.093057 -3.157518 2.803704 -2.992405 2.545868
2.962873 3.283576 -3.055026 -2.882634 2.846761
-2.629345 3.153004 -2.702377 2.691381 -2.676491
3.037489 3.120314 3.051427 3.157028 3.443879
2.488834 3.154555 2.930344 -3.271664 3.060193
3.150164 -2.931733 2.775555 3.283603 -2.951435
2.951435 -2.875098 -3.193442 -2.976553 3.149212
3.388023 -3.093057 -2.704322 -3.10096 -3.15783
2.462309 2.647474 -3.087442 -3.275809 -3.275809
-3.053407 2.70896 2.846765 2.936709 2.653091
2.805574 -2.647235 -3.150164 -3.219403 -2.60116
-2.60116 -3.071136 3.446647 -2.2423 2.473638
2.765694 -2.828061 -2.492915 2.499164 2.832086
2.650599 2.600533 2.727831 2.530095 2.920746
3.039101 2.888188 2.962007 3.059835 2.642227
3.008901 2.922332 -2.734337 2.660863 2.761842
2.69628 2.376321 -3.183658 2.623527 3.15903
2.429981 3.392988 2.583577 2.526067 -2.430312
2.645469 -2.579899 2.864474 2.769886 2.909737
-2.761486 3.411669 2.515307 -2.608462 -2.564272
-3.274882 3.04731 3.499431 -2.913854 -3.071136
-2.812814 -2.572768 3.050767 -2.795185 -2.535045
3.092277 -3.149212 -2.920746 2.736729 -2.52346
-2.962873 2.57379 -2.685803 -2.573687 -2.708224
-2.380322 -3.167111 -2.66492 -2.372855 -3.295693
-3.295693 -2.526379 -2.881373 -2.758986 -2.67615
-2.54863 -2.653995 -2.728779 -2.393786 2.613694
2.499564 2.402706 2.21342 2.51714 2.34033
2.346704 2.690151 2.169506 2.310779 2.885181
2.410593 2.163616 2.353279 -3.177366 -2.584593
2.407434 -2.780084 2.573603 2.447475 2.530498
2.60686 2.603924 2.636269 2.468535 2.338925
2.022633 2.580022 -2.400526 -2.13394 -2.697673
2.244114 2.344019 2.45066 2.494548 -2.679942
2.818591 2.66515 2.372133 2.503935 2.216965
-2.280266 1.710628 2.261341 2.422371 2.472009
2.250469 2.155702 -2.861933 2.688105 -2.351437
-2.558241 -3.177366 2.837554 2.142173 2.485558
-2.376326 -3.295693 -3.295693 -2.407562 -2.782663
-2.270397
