3.066308 2.616024 -2.479876 2.414543 2.363394
2.469057 -2.071479 2.558695 2.192113 4.352153
2.524755 2.530691 2.423753 2.611115 2.017559
2.226923 2.590198 2.349488 2.21898 2.404537
3.128425 2.217013 2.633767 2.39396 2.470986
2.360556 2.355401 1.972054 2.080128 2.466025
-1.972312 2.591933 -2.187432 2.20338 -2.350185
1.869735 2.39098 2.044396 1.860102 1.914806
1.934764 1.374896 1.914362 1.923093 2.623146
2.458345 2.043184 1.846432 2.153586 3.634337
2.170979 2.39237 1.962102 1.876609 -2.040124
2.259378 2.226923 1.811495 2.418895 2.331641
1.951672 2.932902 2.36039 2.628286 -1.732885
1.983876 -1.773821 2.044024 2.706749 2.106534
2.217116 1.589788 1.646334 2.252304 2.346972
1.706178 1.577882 2.069136 1.505902 2.236432
2.183794 -1.869735 -2.389212 -1.808619 -2.487374
2.530691 -1.597553 -1.563883 2.567773 -1.794413
2.138372 -1.705608 -1.567447 -1.857348 -2.853924
-1.459111 1.784954 -2.431475 -1.831552 -1.585358
-2.350185 -2.613045 -1.60392 2.495592 -1.571783
-2.252993 -2.371303 -2.047376 -1.886651 2.282
1.947412 1.671505 1.609698 1.796091 2.365781
1.532634 1.827497 2.127372 2.366069 1.965294
1.631293 1.724512 1.958912 2.09288 1.625557
2.654787 1.84925 2.329453 2.124031 2.12285
2.130521 1.906014 1.901538 1.865239 2.853924
2.008605 1.695356 1.700963 -2.192826 2.412336
2.651091 2.114063 1.805896 1.902486 2.304372
1.784513 1.960895 1.979333 1.893148 -2.198819
2.787317 -1.626771 -2.50508 -2.434982 2.282666
-2.683285 2.226923 2.033202 -1.934479 -1.811495
-1.455404 2.932902 -1.685831 -1.646334 -1.573113
1.58966 -2.207226 -1.522257 -2.310219 -2.924237
3.351381 2.158268 1.581521 -2.303642 -1.915774
