2.382025 1.425119 1.454485 2.507995 1.159837
1.494634 1.668112 1.528164 1.432923 1.457645
1.348526 1.737183 1.43157 1.782946 2.432862
2.09091 1.384675 1.956696 1.647783 1.173889
1.783703 2.058023 1.597375 1.320633 1.740685
1.603249 1.639346 -1.14631 1.836543 1.347854
1.794746 1.586501 1.955246 1.619374 1.654054
1.754235 2.476743 1.776332 2.68814 2.006158
2.452637 1.483006 1.416163 2.27244 1.81964
2.234898 2.201123 2.557836 1.450238 1.884325
1.358111 1.383841 1.28162 1.40413 2.268177
1.792603 2.311878 1.346611 1.771333 1.76395
2.360419 1.513745 1.436001 1.498261 1.833212
1.324811 2.152697 2.154759 2.836975 2.142171
2.199043 1.318365 1.524101 2.113171 2.535653
1.422499 1.456675 1.823386 1.298381 1.23844
2.652597 1.388815 1.56181 1.636168 1.62843
1.509041 2.127967 1.371463 2.161836 1.68235
1.625297 1.530918 1.835805 2.728095 1.89644
1.628949 2.2157 1.971121 1.351889 2.832216
1.466494 1.953605 1.670361 1.395972 1.576542
2.354614 2.576442 1.41584 1.909148 1.762038
1.800861 4.475222 1.963701 1.782515 1.275651
1.274145 1.31413 2.577882 1.844812 1.395619
1.314719 1.622352 1.535844 1.526659 3.197172
1.932297 1.943559 1.69344 -1.478751 2.183604
-1.389018 2.084064 2.045942 2.045942 1.742715
1.28883 1.776656 1.523266 -2.007562 -2.598937
-2.706434 -2.461542 -2.635922 -1.828061 -1.481819
1.110017 -2.610531 1.415346 -1.920768 -2.13283
1.565449 1.492775 1.290781 1.472427 -3.150248
2.549533 1.654054 -2.105388 -2.036281 -2.050972
-2.607827 1.617785 1.607178 -2.968641 -2.968641
2.092543 -1.857953 -1.680684 2.317074 1.982145
-1.785912 -2.663893 -1.342662 -2.411564 -1.931038
-1.589567 -2.057717 -1.42012 -2.606704 1.5238
-2.024392 -1.956624 -1.615118 1.615118 -1.212498
2.494929 -1.664977 -1.951734 -1.653376 -1.253267
1.387937 -2.385633 -1.923189 -1.43457 -1.43457
2.580744 1.909708 -2.56312 -1.355266 -1.679329
-1.676602 -1.99032 -1.83243 1.745071 -2.179535
-1.814 -1.892089 -1.721153 -1.891981 -1.429878
-2.126334 -2.02449 2.618927 -2.618927 -1.609223
3.231676 -1.635878 1.483295 -1.255803 1.332544
-1.710854 1.935894 -1.931296 -1.714097 1.644413
1.656897 1.831424 -1.408514 1.972535 1.348567
1.1794 1.678982 1.542192 1.45289 1.618799
2.44705 1.214102 1.314716 1.977254 2.019817
1.556499 1.32546 1.762266 1.715237 1.569666
1.803141 1.421984 2.52551 1.636764 1.739197
1.713136 1.352535 1.605236 2.850652 1.624179
2.212675 1.588738 1.985356 1.661072 1.556428
2.380895 1.859672 1.446477 1.585223 1.94436
1.36373 2.051603 1.889818 1.868343 1.932667
1.328213 1.184394 1.620945 1.402934 1.819128
2.590164 1.872098 1.659577 1.447021 1.85667
1.714302 1.968975 1.245639 1.679468 1.805791
1.6283 1.728644 2.780669 1.928429 1.953443
2.058301 1.626423 1.319826 1.798741 1.404468
1.830912 1.54029 1.627767 1.160586 2.301718
1.317725 2.388761 1.581206 1.607354 2.813594
2.364811 2.741775 1.979372 2.691891 1.498105
1.551042 1.543888 1.49727 1.448817 1.755554
1.617635 2.049178 1.485472 1.383579 1.58473
1.693562 -1.649919 1.384675 1.605043 -1.833883
2.130676 -2.090939 2.358771 -2.073607 -2.243747
-1.745191 2.092543 -1.533993 -2.422655 -1.649638
1.347575 2.627719 1.826003 1.5238 -1.820858
-2.074781 -1.923189 1.56181 -2.0429 1.679037
2.728095 -2.687284 1.83243 -1.953605 -1.419805
1.542997 1.41584 -5.824528 1.731381 1.874253
1.609223 -2.415583 2.716161 -1.275651 1.622352
1.499083 -2.69484
