2.557479 1.654493 2.125802 2.09352 1.869649
-1.98259 1.594578 -1.37661 1.747001 1.915352
1.638311 1.899141 -1.628723 -1.98259 -1.99706
1.50413 2.526158 2.392865 2.1079 2.327019
-1.641101 2.395378 1.150056 1.673403 1.357872
-1.454046 1.607155 1.981316 1.07078 1.839985
-1.451442 1.773064 1.613906 1.686077 1.37081
1.400875 -1.414955 1.381398 1.493381 1.569836
-1.920498 1.617034 1.412836 1.965066 1.326565
1.362771 -1.223756 1.863804 1.274863 1.869578
1.923244 1.323398 -1.789643 -1.651335 1.409259
1.682757 -1.531395 -1.857993 -0.4227501 -1.542524
0.9307283 -1.499988 1.159886 1.538659 -1.096172
-1.096172 -0.9194097 -1.398691 -0.9214378 -1.465793
-0.5623613 -1.37661 1.725897 -1.380165 -0.3747215
-1.816718 -1.586634 -0.5883818 -1.865827 0.8991625
-0.8991625 -1.135654 1.354164 -1.223756 -0.6397083
-1.695224 1.695224 -1.674133 -1.343334 -1.343334
-1.343334 -1.136764 -1.460853 -0.5751043 -1.431718
-1.520964 -1.339223 -0.7393871 -1.590769 -0.5126849
-0.9786508 1.540728 0.6016163 1.112214 0.9375337
1.407769 1.362685 0.850341 0.9099321 1.493876
1.883812 1.199673 0.9242166 1.155103 1.755638
0.7944144 1.237318 -1.601327 0.8979931 0.8104981
1.414958 0.824043 1.44696 0.8402428 1.01674
1.330324 0.3160632 1.641946 0.6743832 0.9216409
0.9797248 -0.7548014 0.9463842 -0.3806541 -0.4086023
