2.361306 2.939097 1.870947 1.809036 -2.784447
2.632723 -2.541395 -2.613856 -2.419371 1.854189
-2.211053 -2.336047 2.399723 2.110059 1.972743
-1.979014 -2.205704 -1.763664 -2.257343 2.507576
-3.326519 2.18088 2.339007 -2.848625 -2.110858
2.126511 1.985888 2.306572 1.94037 2.030186
-2.495873 2.746731 -1.890196 4.413895 1.925087
2.072278 1.863799 2.724487 2.2423 2.017468
1.950979 2.13216 -2.379223 2.10681 2.233797
2.428531 -2.385962 -2.134727 -2.808013 2.432686
-2.423881 -2.379295 2.493321 -1.658481 -2.708186
-2.182144 -2.205704 -1.97007 2.189891 -4.460813
-2.488995 1.852513 2.190574 -1.89238 -1.89238
-2.222283 -2.315712 -2.784447 -1.945856 1.990049
-2.276948 -1.847804 1.777136 -2.561304 2.098844
-2.740424 2.620006 2.191208 -2.105603 -2.502941
2.100386 2.603175 2.395005 2.717912 2.446342
2.307532 2.14267 -2.470209 2.313157 2.157362
-2.211053 -2.002407 -2.589179 -3.095857 1.992042
-2.375962 -3.326519 -2.234909 -2.555236 -2.457017
-2.457017 -2.215364 1.765468 2.715069 -2.039367
-2.62525 -2.385962 -2.131464 2.113633 -1.891008
2.242493 2.542289 1.722253 2.483895 -2.314673
3.127044 -1.891008
