-1.579455 -0.8705913 -0.9045603 -0.3055582 1.246998
0.8272729 -1.049233 1.271705 -0.8932373 -1.705576
-1.053295 -0.6323118 -1.45778 -0.6791906 -1.10053
-1.974902 -0.670747 -0.9310123 -0.8969077 -0.6217664
-1.006039 -0.7878713 -1.625433 -1.022643 1.415489
-0.6616432 -1.043879 -1.374419 1.253472 0.7289943
-1.269788 -0.8602974 1.422089 -1.162736 -0.286445
-1.890883 -0.6325638 -0.4504978 -1.251166 -0.6369076
-1.138913 -0.5760027 -1.013814 0.72144 -0.9924884
1.302 1.043148 -1.257817 -1.208351 -1.238528
-1.438624 -1.277839 -0.5295695 0.9951473 -1.433324
0.4850334 -1.440661 -1.284529 -0.8465489 -1.306279
-2.262732 -1.153941 -0.9626668 -0.7522681 -0.6731114
-1.182593 -1.296155 0.9803423 -0.7205437 -1.414178
-0.9651244 -0.6535496 -1.036791 -1.032476 1.061933
-1.111938 -1.086496 -0.7721413 1.738327 -0.9618479
-0.7025021 -1.138788 -0.9807093 -0.9388572 -0.8774637
-1.566964 -0.9025995 0.9372924 -1.287141 -0.3560661
-0.7758194 -0.6235185 -1.376076 -0.9531179 -1.352451
0.9490367 -1.583855 -1.57937 -0.2130627 -0.5446154
-0.5716633 -1.037405 -1.187444 -0.3170091 -0.6382742
-1.051253 -1.303714 -0.8564997 1.420735 -1.01279
-0.9461254 -0.5630621 -0.9994184 -1.098373 -1.2723
-0.9465017 -0.2848658 -1.200244 0.6123208 -1.088237
-0.8933824 -1.013495 -0.5939268 -1.188647 -0.2808566
-0.7992704 -0.8505586 -1.25296 -1.376609 -0.8465097
-0.4130518
