-2.617483 -2.273867 2.298395 1.43768 1.712824
1.641022 1.471816 1.890292 1.686348 1.25837
1.446732 1.876822 2.533584 2.182971 1.499986
-2.282813 2.261088 1.394025 1.497542 1.478525
1.578118 2.224483 1.485985 1.436722 2.231627
1.751887 1.555551 2.693326 1.701372 1.548117
2.281773 2.055727 1.458414 1.962522 1.942357
2.297515 2.247105 1.177856 1.382022 2.819702
1.560367 1.440657 1.52014 2.665693 1.305303
2.219599 2.472221 1.914898 2.29487 1.868887
2.531019 2.017284 2.070106 1.932794 1.766424
1.690363 2.390189 1.211913 1.353569 1.745012
2.691424 -1.976458 2.55057 1.151918 1.240388
7.492376 1.296781 1.705992 1.705992 1.599391
2.083745 -1.69555 1.755086 -2.358086 2.499101
1.755667 -1.165591 -1.295995 -2.125689 1.263974
2.16759 -1.723747 2.518577 -1.268101 1.40578
1.621915 1.464374 1.435235 1.927558 1.434843
-1.418709 1.219005 -2.888336 -2.989472 1.208458
1.727145 -2.390189 2.126979 1.969037 -1.415365
1.552067 -1.665531 -1.665531 -1.543408 2.36079
1.188637 1.695211 2.134048 1.782613 1.877928
-1.77434 -2.11824 -1.777525 -1.459439 1.276907
1.440657 -2.284119 -2.102984
