0.776254 0.6820677 1.442507 1.408933 0.4526647
1.532045 1.615764 1.606537 -1.556694 1.074887
-0.7599307 1.056417 1.04563 1.296465 1.337978
1.297968 1.165348 1.081138 -1.930456 1.199061
1.418278 1.610329 1.208846 2.328069 2.004225
-1.194418 1.598863 1.113393 1.299725 1.328754
1.414343 -1.334277 1.481811 1.370793 1.473409
0.9503478 0.8609152 1.397713 1.503259 1.396469
-1.694793 1.991945 0.7461689 2.059444 1.020336
0.8472607 1.254164 1.262 1.10703 0.8194328
1.437816 0.9644788 -1.005667 -1.201746 -1.339972
-1.136832 -0.3383884 0.9893756 -0.6807907 1.73866
-1.68819 -1.356983 -1.539947 0.5953581 0.7839932
-1.78145 1.492477 -0.968677 -0.6567805 -1.399556
-1.397713 0.626624 0.9928911 -2.076125 0.4162897
-1.254101 -4.806497 -1.16347 -1.482342 -1.392551
1.702384 -0.5057447 1.249294
