2.687962 2.546486 2.633247 2.252007 -2.130378
-2.41959 -1.596049 -2.05631 2.361692 2.377164
2.28747 2.41677 2.523644 2.263581 2.493884
2.552418 2.672699 -2.108429 1.30727 -1.974331
-2.190876 2.354471 -2.098305 -2.608244 -2.05631
2.046767 2.111706 2.283693 4.644719 -2.424546
1.953342 2.408129 2.336149 2.16235 2.347032
2.453237 1.978867 2.240572 1.851258 1.949957
2.185821 2.425581 2.119592 1.801153 2.17284
1.706295 1.723158 2.362023 2.329631 1.948149
2.478822 2.489265 1.841692 2.092266 2.159313
1.726146 2.448455 1.898015 1.333304 1.99726
-0.6299155 -2.43865 -2.530642 -0.9437904 2.342217
-0.814616 2.250371 -1.358382 2.316676 2.018854
1.30727 -1.977273 -1.916774 2.015121 -0.8399693
-1.881811 2.493251 2.132948 0.6361157 -2.33847
-2.130128 -2.043323 -1.791956 1.45373 -0.9255968
-1.263715 1.470571 -1.66701 -2.191046 -1.534201
0.9600126 2.422344 -0.3635378 -0.5090111 -1.705595
1.898618 1.859013 1.866146 5.141483 1.868733
1.826436 1.955178 1.985857 2.063007 1.925225
1.907732 2.557645 2.276173 1.703576 1.883398
2.281481 2.111589 2.248964 2.220147 2.567264
1.885331 2.154562 2.04219 2.441406 2.488201
2.294191 2.321635 4.843865 1.696213 2.551031
2.122237 2.082174 2.173863 1.934045 1.974808
1.963355 -1.998752 2.085166 2.214326 -2.318419
1.988912 2.007987 2.504696 2.210232 2.046767
1.854524 1.219265 -2.116321 -1.071206 2.028516
-0.9036742 1.826436 2.376121 2.132832 1.907732
-1.283868 -2.37143 -1.369536 -0.5389234 2.110382
-2.48326 -1.694455 1.83089 -1.058151 1.604105
-2.533511 -1.16642 -2.452923 -0.7934708 -1.107434
-1.672847 -1.470571 1.66701 2.489265 -0.8691724
1.881649 2.082575 -2.239833 -0.7996208 -1.401819
-1.603132 -1.33377 -0.4459449
