2.290426 1.459605 1.968344 1.206291 1.683516
2.109899 2.296276 1.673109 -2.25617 1.407803
2.391371 1.322448 1.513491 1.519384 1.448774
1.478151 1.62851 2.358173 1.407269 1.329035
1.951663 1.093965 1.501998 1.337655 1.797736
2.294912 1.369934 -2.586409 -1.749145 2.156758
2.333976 1.653877 -2.055628 -2.493525 -1.312321
-1.748191 -1.510385 2.658354 -1.790897 2.391371
0.9993664 -1.244592 -2.340798 -1.406554 -1.118374
-4.477694 -1.967195 -1.769817 2.577994 1.423408
-1.32081 -1.80739 -1.80739 2.132619 -1.969614
-1.533054 -1.643741 -1.923202 -1.655023 -1.835304
-1.868844 1.62389 -1.540013 -2.010702 1.456551
-2.822496 -1.028415 -2.050266 -1.421251 -1.639369
-1.621616 1.344434 -1.082748 -1.944934 -1.415841
1.800003 2.289226 1.260229 2.109171
