-1.364381 -1.124048 0.3084251 1.623817 1.455195
-0.7815816 1.496048 0.9318823 1.348339 1.740544
1.255829 1.111587 0.9562698 1.195631 1.321495
-1.385388 1.65128 -0.5900638 -1.295437 -0.318073
-1.703543 -1.970907 -1.779267 -0.343684 -1.147009
-0.4564096 1.92573 1.152539 -1.627404 0.5805759
0.6956979 1.488766 1.587278 -0.2528332 0.9615483
1.230085 -0.6880807 1.074513 0.1868621 1.196437
0.8371424 -1.27991 1.333829 0.391905 1.242845
-1.301513 0.8823841 0.9880602 1.116897 1.742255
0.7285201 1.833482 0.4885216 1.211411 1.151106
-0.1889374 -0.9916919 -0.480381 -0.7016388 -1.402998
-0.5892328 -0.5360061 -1.145815 -1.147009 0.741874
1.700447 -0.6033712 -0.656462 -0.3663397 -0.3130827
-1.924513 1.742255 -0.392564 0.5160502
