2.446399 -1.937833 2.391329 2.959732 2.675796
2.426864 3.004195 1.267279 2.005335 1.87935
1.493721 2.45466 1.43063 1.574335 1.900513
1.250913 2.114139 1.734293 1.457112 0.6931362
1.474152 1.529768 1.909251 0.4666715 0.9255841
0.7619402 1.211775 1.401859 0.9273617 1.073489
0.5610892 1.264051 0.4103731 -0.4370957 0.7978076
0.5602583 0.99625 0.8425717 0.4806451 0.972567
0.2283477 1.136447 3.004195 1.023566 1.240676
0.5509292 1.560968 0.8359377 0.5498718 0.2241627
0.600198 0.270015 0.2745049 0.388133 0.7648093
0.9914184 0.335498 0.4253092 0.8923152 0.8491761
0.4328249 0.9116793 0.3782605 0.3879321 0.8586567
1.245116 0.7727215 0.2480952 0.5696393 1.605531
0.5981871 0.4449396 0.9644544 1.237647 1.048483
