1.318589 1.429102 1.500691 1.745032 2.799453
2.614943 2.0101 2.277464 2.354947 1.678009
1.725274 2.146325 2.286008 1.466553 1.46253
2.230083 1.461142 1.533971 2.387381 1.585422
1.903159 1.815084 2.287128 1.752508 1.460772
1.446098 1.594985 2.056598 2.21767 2.304099
-1.637157 2.228047 2.384644 1.687822 1.880434
1.684334 1.503034 1.301802 2.741514 2.636803
1.898887 1.52781 -1.380187 1.781047 2.231655
1.553182 1.335599 1.805835 2.114101 1.737927
1.969969 2.601522 2.040108 2.113087 1.698912
1.743472 1.533011 2.312377 2.246175 1.644819
1.905969 2.608828 1.777013 2.254286 2.7425
1.909626 1.941792 1.886386 2.031688 1.181573
2.268265 1.437286 1.614925 1.52294 1.658187
1.640366 1.399411 2.228047 2.31804 1.490868
2.096568 2.017698 1.566545 1.852248
