2.547608 -1.872091 1.365775 4.070721 1.609421
1.986397 1.887377 1.442555 1.534135 2.407624
2.574437 1.684322 2.409542 1.979227 1.232805
1.232404 1.471788 -1.739356 1.767806 1.729085
1.610288 4.900474 1.77387 1.790729 1.918561
-1.840941 1.943959 2.13421 1.696318 1.414822
1.491165 2.010494 1.569938 2.236635 2.62836
4.258501 1.997151 1.880457 1.688103 2.009155
2.33596 1.796743 1.708598 2.033489 2.112028
1.576782 -1.147281 2.774022 -2.073978 -2.788231
-1.15998 -1.65893 1.94873 2.450705 1.7261
1.911824 1.79097 2.086074 2.286049 2.053184
-2.8117 1.950095 -1.547541 -2.271788 -1.896677
2.62836 1.685505 -1.786702 1.98474 2.220431
