2.408087 1.275699 -2.746372 2.189666 2.141091
2.131741 2.241561 1.367254 2.666852 1.566349
2.248371 2.593439 2.842974 1.727136 2.040771
2.059319 1.880085 1.990452 2.493832 2.056454
2.479244 3.031428 -0.8436614 2.073888 1.117779
2.177445 2.901668 1.780447 1.272868 1.646927
1.407713 1.758847 1.678052 2.036529 1.923536
2.071388 1.348985 1.72821 1.373882 0.6588738
1.208887 1.235924 0.5799136 2.57996 0.8285937
0.5723895 0.7953544 0.641088 1.103775 0.6298789
-1.076019 2.000161 1.225892 0.3464792 1.538041
1.594779 1.298098 1.394019 2.057901
