-3.060825 -3.03127 2.382155 2.099216 2.721947
2.524388 2.899554 2.273698 2.175722 2.705961
-2.258285 2.487749 -2.237345 2.406812 2.262826
-2.979638 3.323899 2.882082 1.94677 -1.846479
2.100676 1.447407 2.177599 1.794433 1.97632
2.083728 1.243352 2.348751 2.461098 -1.733777
2.105256 2.143595 2.262611 2.678228 0.9269942
1.699091 1.399756 1.66199 2.405912 2.21181
1.527405 2.116562 2.113429 1.337464 2.109536
1.650021 1.389963 1.364181 1.31227 1.660922
1.862498 2.509371 2.327357 1.484348 1.835247
2.400103 1.535953 1.867335 1.651663 1.812545
2.170037 2.008686 1.306836 1.393722 2.049931
3.060208 1.939456 1.626982 1.976766 1.621277
2.542766 -3.019578 1.513661 1.531788 2.119163
-2.001496 1.573172 2.528804 3.323899 -1.890993
-2.515123 2.515123 -1.696499 -1.41519 -1.284334
2.729738 -2.18177 -1.639875 -1.521456 -2.082729
-1.93851 1.834857 -2.882553 -2.882553 -1.521596
-2.100734 -2.230977 1.038837 -2.070242 1.112597
1.313812 1.215511 1.20664 1.028004 1.56821
1.311163 2.310132 2.263072 1.11119 1.763844
1.286686 1.121685 1.22926 1.289317 0.9694231
1.146441 1.027507 1.130903 -1.432403 1.250283
1.906518 1.088572 1.17389 1.335628 1.302003
1.060426 0.9863523 1.459705 -2.712974 1.940541
1.205803 2.198338 1.682752 1.558932 1.307649
1.377103 1.467956 1.36 1.114622 1.721408
1.222501 1.887611 1.438108 1.494765 1.207818
1.123949 1.290674 2.785741 1.332076 1.025735
-1.334739 1.144409 -1.521935 1.151793 2.137509
1.240223 1.611956 1.694806 1.557788 1.125862
1.458253 1.057542 1.735086 1.224228 1.307873
1.056677 0.9563095 1.697236 2.330322 1.466888
1.158672 1.226852 1.124662 1.250835 1.773052
1.318066 1.535554 1.206837 0.9831961 1.194916
1.269869 2.487491 1.052666 1.111643 1.321216
1.413425 1.478776 1.636454 0.9491473 1.854831
-1.70042 1.01887 -2.395665 1.006503 1.006503
-2.322651 2.119163 2.119163 1.236371 -1.681557
-1.803855 1.012359 1.573172 -1.726713 -1.959581
-1.525805 -2.012506 -1.859788 -2.475395 2.143463
0.9269942 -0.9269942 1.726097 -2.104611 1.427998
-2.12951 1.188175 -2.495359 1.174752 1.057979
1.636824 -1.219497 -2.067484 1.780759 1.056677
-1.87789 1.319872 -1.281048 1.007206 -1.732049
-1.862498 -2.00733 -2.187736 1.874277 1.782739
1.242957 1.313658 -2.184535 1.306836 -1.8644
-1.082025 -2.187462 -2.197334 1.383039 1.383039
-3.060825 -2.066327 -1.393722 1.175778 -1.715656
1.202502 -1.369823 1.038837 0.974534 -2.070242
