-1.617503 1.776065 1.731508 1.710977 2.120832
2.631663 2.16773 -1.967293 1.999323 1.457297
2.075662 2.62739 2.110586 2.320563 2.376377
1.930945 2.603978 2.258048 1.836844 1.612931
2.344795 2.192972 1.664594 1.977632 1.738961
1.65521 2.567151 1.806364 1.754115 -2.500385
-2.654293 -2.12527 1.844204 1.805727 2.210818
1.467802 -2.19455 1.58994 1.633338 -1.800232
-1.900193 1.97325 1.8768 2.225695 1.652303
-2.170214 1.776065 -2.244917 -1.536076 -2.087791
-0.498483 2.185503 -2.304583 -1.287026 -0.537469
1.905976 -2.113632 -1.705891 -0.7043812 -1.721899
1.858668 -2.366641 2.366641 -1.937114 -1.901386
-2.14267 -2.561001 -0.6950427 -0.6603425 1.914464
-1.372667 -1.776836 1.680625 -1.796433 -1.615592
-1.22492 1.292654 -2.024533 -1.757676 -1.147643
-1.540217 -1.893579 -1.778815 -1.802314 1.822606
-1.226887 -1.752261 -1.557597 2.022434
