2.300109 1.752901 1.710168 1.678164 1.394852
2.564781 2.111587 1.912363 1.923793 2.097557
2.290412 2.315389 1.912092 2.51795 2.275817
2.174059 1.811148 1.621181 2.300189 1.645698
1.934392 1.643197 1.624348 1.739997 2.505977
2.667456 2.037101 1.389624 1.812222 1.783883
1.711559 2.194406 1.587081 1.580032 1.902847
1.784996 1.849785 1.796592 2.166675 1.625514
2.269388 -2.839269 1.519735 2.028357 -2.33907
3.056609 -0.5353371 1.865478 2.102479 1.71254
0.7333165 -1.940014 1.86368 1.374494 1.883299
2.179588 2.529132 1.73132 1.669953 1.81614
1.237705 0.9808636 1.13012 1.718676 1.776247
2.695801 1.810666 1.555272
