3.041941 1.813144 1.748071 1.652271 1.587918
1.897348 1.590859 1.561551 1.044634 1.423001
1.832061 1.451072 2.008865 1.815711 1.190898
1.555421 1.50254 1.738959 1.774263 1.441489
2.4906 1.243838 -1.273784 2.470029 1.135482
2.551372 1.163035 1.706895 -1.866663 -1.789212
-1.975364 1.333939 1.273778 2.452528 0.7320254
0.6608719 1.005293 1.369165 -2.289397 2.414115
1.018454 -1.512469 1.416804 1.39658 0.93399
1.24029 1.449538 1.498498 1.080014 1.671461
0.9281754 1.201685 0.9225855 1.402461 0.9546202
1.331943 1.463976 1.502473 0.8608462 1.092699
1.034136 0.9358235 1.349694 1.38633 1.788602
1.025533 0.8993017 1.076434 1.553293 1.019108
0.8616985 1.462376 0.6453095 1.668822 1.404
1.035672 1.077224 1.77012 1.110002 1.040745
1.493174 1.39308 1.167932 0.7395499 1.240073
1.117689 1.501103 1.171911 1.976687 1.374167
0.9953208 0.7829207 0.9180839 1.545542 1.385743
1.338471 0.9992045 1.101333 1.446373 1.190833
0.9051267 1.662537 0.9886478 -1.789241 -1.618432
0.9661575 0.8050685 1.223794 1.198194 1.223275
-2.535029 1.651248 1.449538 -1.041223 1.343479
1.185099 1.451863 -1.814221 1.091681 -2.142413
1.138758 -2.192419 1.118515 -2.348584 1.706895
-1.473241 1.423416 -1.807147 -2.093202 2.093202
1.313617 -1.764147 -1.14662 -1.89084 1.50254
1.50254 -1.987383 0.9953208 1.536328 1.106847
-1.275962 1.101333 1.414009 -1.341362 -1.442856
-0.8674201
