1.352868 1.610504 1.800418 1.700302 1.965393
2.204496 2.74385 1.555109 2.292476 2.462598
1.63214 1.63214 2.421366 1.737927 1.873083
2.520138 2.072006 1.990344 1.688875 1.602278
1.904902 2.431714 2.576449 1.751137 1.779578
2.290176 2.324913 2.723671 1.80951 2.616082
1.918675 1.942086 1.858184 2.117051 1.79839
2.060167 1.955123 2.887971 1.871218 1.518574
1.710793 2.24363 1.475295 1.632727 -2.15106
1.836927 -2.291496 1.588192 2.472891 1.809615
-2.721725 2.412657 2.006446 -1.542286 -7.871443
-1.922224 -2.43457 -2.158281 -1.939892 -1.939892
-2.796802 1.661367 -2.257456 -2.00872 -1.57269
-1.726454 -1.932024 -1.781864 1.737503 -1.560139
-2.576698 2.693504 -1.574133 -1.496058 1.70564
-1.569323 -1.89595 2.635607 1.592514 2.304648
1.667007 2.008948 1.732471 1.762932 1.679716
1.714664 2.343035 2.165861 2.89218 1.948069
1.787021 -1.717076 2.013739 1.87336 1.80951
1.149716 1.744399 1.559337 2.384813 4.334914
1.894081 2.367085 1.909347 3.168129 -1.993823
-1.786043 1.832976 -1.87376 -3.232204 2.472891
1.535404 -2.172756 -1.779578 1.584723 -2.234861
-1.496058
