1.305657 1.731769 1.816621 1.587004 1.788328
1.518929 1.371239 -1.462115 -0.9755701 1.221365
1.631473 1.405875 2.278609 1.356082 -1.730968
1.545297 -1.557876 -1.370283 -3.358033 -2.597772
-1.454876 -1.664449 -1.426187 -2.363655 -1.589793
-1.237564 -1.263216 2.460916 -1.079455 0.9813835
1.123333 1.692442 1.171911 1.44359 1.374374
-2.64077 2.446018 1.275046 1.504872 4.000663
1.389959 -1.605222 1.714147 1.179127 -1.828827
1.513176 1.444451 1.085007 -1.39734 1.319415
1.236826 0.9971028 1.294111 1.294111 -1.16904
-1.738241 1.365553 1.285103 1.315202 1.259281
1.120566 1.452545 1.360177 1.540144 -1.537018
1.163195 1.251547 1.588904 1.396915 1.649462
1.279233 1.70392 0.8749395 1.431116 1.526621
1.561429 1.336347 1.844128 1.106026 1.336744
1.725478 -1.565232 1.06996 1.495011 1.028205
-1.190576 1.554204 1.328349 -1.574378 1.044949
1.348627 1.100741 1.887238 1.366597 -1.304428
1.094136 1.610324 -1.283549 1.667313 -1.53764
1.117046 1.355382 1.046079 1.620293 -1.53295
1.273343 1.771478 1.30574 1.394252 1.058564
1.231357 1.289985 1.462784 -1.503934 1.418509
2.098063 -1.562786 1.208723 2.319813 1.893964
1.231176 -1.01793 1.264103 -1.481945 1.280551
1.306341 1.357141 1.02561 1.300778 1.162805
1.252494 1.628744 1.396642 1.315876 1.432092
1.322764 1.607731 1.519224 1.576138 1.766276
1.074895 -1.088212 1.226743 0.9485339 1.221793
-1.219198 0.8992356 1.053776 1.259353 1.188022
1.179088 2.259052 1.354792 1.666521 1.512312
1.79836 1.444644 1.240462 1.234529 2.309408
1.621941 1.626932 1.437455 -1.23608 1.168058
-1.255431 1.184298 1.204611 1.467804 1.390524
1.278144 0.9464219 1.835114 -1.142182 1.177078
1.792675 1.481503 -1.505994 1.558737 1.089446
-1.353504 1.185306 -1.801063 -1.582655 -1.4278
-1.102073 -1.088143 1.932947 1.186132 -1.235503
-2.597485 1.12641 2.029944 -1.39734 -1.456925
-1.46447 -1.221914 -2.263499 -0.9888966 -1.241753
-2.083316 -1.048142 1.048142 -1.383668 -1.212712
-1.326693 -2.687727 -1.235493 -1.327688 -1.476262
-1.026594 -1.518929 -1.590781 1.371239 -1.267159
-1.321221 -1.647003 -1.510647 -0.9580155 -0.9580155
-1.245023 -1.620336 -0.9755701 -1.211124 -1.450421
-1.426187 -1.221365 -1.874218 -1.203463 -1.402891
-0.9444037 -1.307224 -2.363655 -1.102795 -1.908055
-1.489002 -1.231172 -1.203662 -1.237866 -1.162233
-2.141971 -1.50749 -2.227868 -1.454214 -1.316182
-1.248981 -1.35304 -1.296949 -1.042008 -1.170413
-1.641027 -1.8192 -1.464133 1.62585 -1.316234
-1.730968 -1.764776 -2.786769 -1.24291 -1.491562
-1.050354 -1.61228 -1.234529 -1.175263 -1.604838
-1.23608 -1.368014 -1.139712 -1.167838 -0.9843407
-2.008052 -1.198751 -1.595432 1.348661 -1.142182
-1.904547 1.331853 -2.272697 -1.125606 -1.401442
-0.9733454
