-2.201562 2.410432 2.709574 -2.47035 2.734877
-1.981586 2.408325 1.825471 2.898503 2.773796
2.191022 -2.93945 -2.615614 2.444265 2.127285
2.920359 2.259958 2.791491 2.582648 1.846638
1.915563 2.664904 -2.076304 1.796932 1.723109
2.033706 2.261443 1.479724 1.815027 2.517416
2.508709 1.966173 2.227405 1.723939 2.018983
1.638771 2.523362 1.909877 1.921075 2.050797
1.62501 -2.032057 2.907281 1.637119 2.829725
1.648217 1.720227 1.281451 2.133277 1.99032
1.571639 -2.970058 1.818673 2.540114 2.13508
1.821781 4.578672 1.992789 2.73293 -2.076304
1.765961 -2.11327 -1.730333 1.826477 -2.064266
2.197696 2.444265 -1.665777 3.264217 1.961792
2.320456 2.191022 1.881382 1.385284 2.343685
-2.734877 2.734877 2.107097 2.390115 1.474478
2.467817 -2.240049 -1.810322 2.361073 1.990421
1.616351 1.63243 -2.279565 2.379619 -1.762645
-1.774596 -1.818695 2.767328 2.767328 2.775702
2.197183 2.168917 2.08078 1.63141 1.620446
1.59144 1.900235 2.158601 2.065141 1.633847
2.907281 1.552657
