2.832731 2.136523 1.963714 2.316127 2.535637
-2.474887 2.164861 1.703241 2.037997 2.034737
2.637014 1.999145 -2.269812 1.848565 2.091393
2.684822 2.288383 1.948771 2.208894 2.44404
-2.130583 2.540338 -2.026194 2.146272 2.593362
1.338454 -2.252069 1.907641 2.184409 2.329061
-1.918258 2.310634 1.688247 2.489737 1.582675
1.642058 1.991599 -1.663037 2.495326 1.502555
2.050645 1.793153 1.700098 1.509356 1.859996
1.767024 1.830045 2.189732 1.971685 2.035798
1.959529 0.6454349 -1.808053 -1.693257 0.6481957
-1.879602 -1.94098 -1.167157 0.9413035 -2.373864
-0.811442 -1.011781 0.743646 1.391067 -1.391067
-1.937024 -1.537015 -1.537015 1.574808 -2.374313
-0.8166742 -0.2579146 0.9348076 -2.269812 -1.899363
2.189732 -1.777473 1.050525 1.562863 -2.015456
-0.9258672 1.423225 1.706921 1.817219 1.521394
1.624956 -1.332591 -1.509009 1.412174 2.010287
1.304182 1.55093 1.252993 1.313079 1.379729
1.623803 0.692919 -1.567669 -1.683146 -1.163718
1.455305 1.7338 1.806161 1.478733 1.8876
-1.8876 2.380546 1.593828 -1.091905 1.314546
1.226238 -0.720565 -1.150875 -0.7264095 2.069388
-0.4684859 1.183769 -0.8164286 -0.4789488 -1.879602
-1.104427 -1.430956 -0.3360351 -1.053514 -1.167157
-0.7477615 -0.7728936 -0.8259141 -0.502558 1.859533
-0.7435743 -1.136607 -0.8036791 -1.878684 -2.655264
-0.9845313 0.5620885 -1.567669 -0.8332694 -0.9168765
-1.155167 -0.8426415 -0.5672964 -1.018537 -0.4379616
-1.10477 -1.324496 -0.2515789 -0.2579146 -0.4512917
-0.675364 -1.829133 -1.859996 -1.462558 -1.462558
-1.614564 -1.367961 -1.344376 -1.453385 -0.5368331
-1.110643 -1.371203 -1.374004 -1.375887 -0.528109
-1.596831 -0.8041579
