1.811312 1.990218 2.063153 1.859108 1.603215
-0.3301225 1.91268 2.324048 2.135342 -2.168718
2.373448 -0.7891765 -1.020133 1.454962 0.7962572
1.601432 1.632927 -0.582598 2.365104 2.296267
-1.348552 1.976593 2.535185 1.800434 1.734389
1.976756 1.877749 1.882284 1.427996 2.111914
2.595353 1.973391 2.108215 2.252411 1.80291
2.364067 1.868214 1.825011 1.94672 1.791528
2.266257 1.693983 2.412474 1.811885 1.956445
2.749466 1.74285 1.428545 1.562293 1.800014
2.336324 2.039599 1.437797 1.580543 2.15715
1.564194 1.792094 2.040089 1.931527 2.186957
1.743031 2.168325 1.741908 1.711659 1.600366
-0.2621567 -0.5264405 1.979347 -1.515798 2.13676
1.393947 0.5264158 1.850077 -0.6627602 1.944695
-2.520993 1.936731 -2.427506 -0.2564867 1.406778
1.925055 0.5022241 -0.3433795 -0.9091384 1.831915
1.616379 1.203734 1.902685 -0.7902388 -1.884282
1.799074 2.705777 -0.4401603 1.63951
