-2.900306 2.87487 -2.633894 2.834299 2.705685
-3.108109 2.781795 2.848044 2.815983 2.605882
2.819339 -2.484039 2.819339 2.584482 3.032521
-2.584145 -2.85558 -2.375463 2.196129 2.342582
-2.13424 -2.189876 -2.769557 1.193003 1.898698
-1.607189 1.58033 1.987038 1.301295 1.676171
1.404462 -1.517489 -1.54342 -2.169375 -1.979903
-2.359743 -2.359743 -2.128215 1.790138 -2.415551
1.478427 1.486743 1.755497 1.902984 1.762931
1.264972 1.553857 1.581452 1.576295 1.21218
1.432532 1.96056 1.457573 1.577783 -2.061914
-0.920809 -1.987038 -1.544969 1.404462 1.204304
1.719289 -0.574777 0.9727939 -1.657757 1.8032
1.8032 -1.907436 -1.467272 -0.7383235 -1.265344
1.682389 1.197448 0.8636332 1.9004 1.880158
1.678439 1.540144 1.498438 1.767749 1.063387
1.512884 1.510056 1.699235 2.05681 1.029019
1.676864 1.367756 1.636331 1.971377 1.971377
1.493558 1.084403 1.03534 2.389832 2.389832
1.407513 1.450761 1.684278 1.578147 1.125701
1.605657 1.380976 0.8198012 1.578401 1.446175
1.239635 0.5634185 0.8413282 1.585611 1.668341
2.089027 1.316721 1.355567 1.040739 0.9013067
1.721019 2.163133 1.072627 1.588892 2.05958
1.70094 0.9671397 1.609551 1.197448 1.197448
1.647227 0.4643527 -1.902984 -1.493558 1.084403
-0.5039808 -1.72997 0.5945608 -0.257108 1.433356
1.721019 -1.872068 -1.98578 -1.004014 1.577783
1.570754 1.343656 0.301447 1.163536 1.671104
1.821888 1.185378 1.35097 1.798897 1.135765
-1.902984 0.8999121 0.695051
