3.109763 2.928271 2.237734 2.31799 2.632868
2.756033 -2.59551 2.559585 2.624041 -2.508231
-2.189123 2.319439 2.203642 2.265388 2.299628
2.333216 2.411222 2.491924 2.744451 -2.363533
2.051404 2.763517 2.10361 1.985257 2.629374
2.372835 2.875609 2.432262 2.158967 2.724697
2.354186 2.390441 -1.964376 1.837942 2.518676
2.02213 2.595035 2.676559 2.067922 2.702474
2.404299 2.475342 2.815882 2.129129 -2.27721
2.29343 2.490759 2.716024 2.910143 2.658402
-2.049848 2.268522 -2.376477 2.869789 -2.468061
-2.334188 -2.692226 -2.252303 2.725932 2.757693
2.727607 -2.161333 -1.915328 2.458828 2.857287
2.470986 2.498994 2.621236 2.407213 2.169092
2.654432 2.971814 2.725932 2.285226 2.452944
2.677461 -2.3603 2.940323 3.544874 2.854606
2.48549 2.048102 -2.288644 2.482558 -2.88306
-2.171253 2.539364 2.46725 -2.327814 -2.237907
-2.658917 2.422662 2.247397 2.621597 2.781256
2.834163 2.620963
