4.895843 2.787379 -2.017092 3.437719 -3.04198
2.508419 -2.628533 2.696996 2.58983 2.710908
2.461801 2.616281 2.69845 3.005735 2.559866
2.798507 2.582008 2.835622 2.622658 2.386149
2.460251 2.32148 -2.426388 -2.195609 2.44905
1.771162 2.362619 -2.186896 -1.81937 -2.601812
2.550851 -2.751754 3.130046 -2.596353 2.768272
-2.341698 2.522613 -1.784497 -2.243768 2.299981
2.299981 2.686859 2.326657 -2.637373 2.470702
2.29082 1.97091 2.861961 2.463747 2.202786
-3.197291 3.268966 1.912225 2.843493 2.594068
2.551063 2.312007 2.629213 2.255235 -2.619754
-3.479098 2.163618 -2.622903 2.250653 -1.913104
-2.158549 -1.909165 -1.813293 -2.092712 2.257414
1.866103 -2.717894 -1.955297 -1.620705 -1.939802
-1.799392 1.940093 1.787626 2.623898 -1.881106
-2.900767 2.659327 1.757939 1.560463 1.585841
1.551564 1.599702 1.915372 1.763654 1.341151
1.680241 1.572101 2.279915 2.167515 1.459275
1.723875 1.570508 1.843887 1.875513 1.525725
1.483682 1.533147 1.583512 1.594279 1.682146
1.300713 1.497575 2.470817 1.947975 2.347547
1.566007 1.581773 1.907535 2.05085 1.546838
1.938389 1.471412 1.6717 -1.841163 1.690569
1.569527 1.743679 1.563194 1.789295 1.806422
1.795237 1.82962 1.859347 1.76767 1.623483
1.395662 1.878438 1.994185 1.461402 1.910423
1.565241 1.419289 2.788226 2.429449 2.248698
2.214498 1.70918 1.266507 1.813572 1.813919
1.949714 1.881603 1.49659 1.489451 1.8386
1.518758 -1.881565 -2.224146 -2.0474 -1.419414
2.293916 -1.878478 -1.665155 1.784257 -1.656034
1.500715 -1.68095 -2.216371 -2.133003 -1.800525
1.662668 1.604049 -1.945128 -2.241187 1.764908
-2.470817 -1.674463 -1.748101 -1.847094 -1.96979
-1.613399 2.390569 -1.606012 -1.859104 -1.694848
-1.781433 -2.168347 -1.469548 -2.281526 -2.001322
-1.509095 -1.776395 -2.151451 1.908244 1.82962
-1.511672 -2.182398 -1.792689 -1.869803 -1.824899
-2.110173 1.623483 -1.877179 -1.808193 -2.227054
-2.209556 -1.496125 2.028175 -2.429329 -1.928258
1.922229 -2.004909 -1.38364 -1.38364 1.478805
1.726596 1.593435 -1.759049 -1.896457 -2.163664
1.819748 -2.088395 -3.095522 1.459684 1.53184
-1.724055 1.800624 1.398607 1.475078 -1.795081
2.061238 2.076016
