2.290695 2.577177 1.995429 2.077808 2.623039
2.092442 -2.577177 -0.8771405 1.774121 1.981772
2.079751 2.105615 1.925345 1.497721 1.759613
-2.577177 1.806774 1.631505 1.298136 1.057693
2.654315 1.104762 1.953797 -1.414783 1.341679
0.7040718 0.6918962 0.3230754 0.3132887 0.4463049
0.5693785 1.341333 1.569598 0.8219276 1.377528
0.6276892 0.5297674 0.4495414 0.7452809 0.2742338
0.2742338 1.114233 0.7231248 0.8913703 0.9622164
1.028733 1.078863 0.5396083 1.021941 0.326075
1.271863 3.050932 1.184114 1.352926 1.257522
0.3452459 0.6570057 1.740665 1.609802 0.2887121
1.21687 1.199489 1.594546 1.388339 0.2445159
0.2845107 0.4483998 0.397596 0.4488376 1.110638
0.6359701 0.3559046 0.5914501 0.2956366 1.162121
0.6213562 1.707521 0.8164231 0.4351504 0.3783773
1.072273 1.067703 1.120762 0.5622143 0.5095114
0.8395251 1.600782 1.258564 1.793177 1.291635
1.056232 0.8102255 0.3327561 0.5445258 1.008738
0.300049 0.5211452 0.8682834 0.5993008 0.6999528
0.2909958 0.3566497 1.065575 0.5841871 0.6611999
0.9023061 0.4173592 1.053942 0.3237734 1.866982
0.5489476 0.7923034 1.362584 0.8162198 1.294576
0.8069458 0.3184078 0.7970751 1.465183 -0.7792928
1.953797 -0.6055721 -0.8771405 -0.7224746 0.4901287
1.793177 1.793177 1.897597 1.752625 -0.4775164
