0.9377315 0.8812471 1.729923 1.761684 2.065431
1.007948 0.610847 1.444822 1.468273 1.289768
2.729006 0.559391 1.349501 1.542622 1.470059
-1.983756 1.441847 0.2363327 0.6525962 0.7170757
-0.1925374 1.232073 1.66561 1.311181 0.7047395
1.615377 0.8926863 1.473288 0.6264554 0.5405494
0.8521996 0.5567717 0.9967911 1.030053 1.1011
0.5295012 1.191603 0.6227993 1.05652 0.4141895
1.14698 1.530057 1.619193 1.32429 3.104611
1.287511 1.416811 0.80481 1.760593 0.2445612
0.1864636 1.068439 0.9979032 0.4519202 0.8864271
0.5843978 0.7327107 0.4709708 0.7028867 0.4683808
0.7814872 0.7051103 1.19427 0.2170147 0.2060967
1.222721 0.4842596 1.208535 0.7617001 0.5429831
1.165099 0.6093665 0.9329701 1.31334 1.807232
1.117199 0.8167989 0.6302867 0.5223923 0.8961164
0.3402297 0.5637441 0.6312691 0.1818153 0.5582212
1.49213 0.97198 1.099987 0.9743125 0.5144043
1.318685 0.3622582 1.109217 1.061922 0.7272637
1.049789 0.8110106 1.487893 0.8407749 1.09613
0.1660298 1.88367 0.6678248 1.148922 0.9587273
1.46258 1.237832 0.9245651 1.265739 0.4123952
1.380768 1.201162 0.9375778 0.3910473 -0.887017
1.530711 1.266408 0.60383 0.9377315 1.203765
-1.78185 -0.7400413 1.992777 0.9016373 -1.01691
0.3735026 0.6024893 0.3084963 0.9568826 0.879917
