-2.44235 2.705409 2.627508 2.186746 2.678196
2.863311 3.138799 2.552957 2.530112 -2.527402
0.793382 2.635279 2.513113 1.993352 2.404079
2.436678 2.582503 2.278908 2.643422 2.784137
2.443432 2.232406 2.211777 2.515357 2.652916
2.217718 2.494399 2.220464 2.112049 2.471072
2.552455 -0.3612321 2.641371 -1.578856 -2.348285
2.661263 -1.647595 2.384039 2.548524 2.156625
2.241903 2.741921 2.460827 2.058323 2.24621
2.565973 2.424378 2.548717 2.526421 2.543715
2.794433 1.729784 2.378234 2.369564 2.364719
2.441501 2.478294 2.299712 2.325824 2.341864
2.784675 2.507745 2.506153 -2.404174 -1.166317
-1.633051 -2.351646 2.357629 2.637583 1.489555
5.12413 2.672145 1.988786 2.766692 2.381663
1.255487 2.584099 1.700814 2.132565
