1.625153 1.102605 1.278863 1.760893 1.489561
1.427618 1.760806 1.793023 1.847597 1.585832
1.054421 0.7254694 -0.1919485 0.3570705 0.7038415
1.415247 -1.622128 0.5318329 1.022813 1.068203
0.4225712 1.144335 1.618238 1.791912 0.259586
1.250811 1.450435 2.001849 0.6284409 0.898044
-1.18581 0.477017 1.549707 1.771686 0.7021384
0.8964695 0.564102 0.5983949 1.8226 1.384084
1.138037 0.6719884 0.5827802 0.2157476 0.9519411
0.497302 1.329291 -1.329291 1.116894 1.043918
0.8173903 1.793428 0.8310832 1.103444 1.889453
1.16508 1.445181 1.18091 0.8988903 1.536037
-0.2609414 0.8130037 -0.7512309 1.793428 -0.4276265
