1.740033 1.681484 1.862029 1.409362 1.509413
1.70219 1.70219 1.815605 2.664245 1.482484
1.205545 1.746134 1.263101 1.373855 1.331583
1.481198 1.708374 1.58053 1.260898 1.354222
1.201321 1.539064 1.491707 1.436264 1.817918
2.543886 1.552979 1.998495 -1.481918 2.133103
0.7266273 1.33037 1.111834 1.391669 1.928968
0.9713196 1.245065 1.166139 1.65706 1.684414
1.582 1.572769 0.42659 1.532729 1.457843
1.768536 1.222878 1.677061 1.503307 0.9793775
0.7777977 1.95141 1.144326 1.078727 1.626103
1.562604 1.022415 1.651713 1.753716 -0.5160643
0.2136871
