2.793699 2.143479 2.642142 2.489711 2.670325
2.609443 2.658185 2.287817 2.209494 2.507389
2.414355 2.351009 2.590225 2.109084 2.716032
2.805821 1.9332 1.877922 1.809867 -1.618479
1.830604 2.20645 2.24818 4.32869 2.182074
1.881334 2.207729 2.07104 2.282099 2.087213
2.01182 2.393043 2.365201 2.182485 1.839742
1.626096 1.567354 1.802753 2.164579 1.581633
1.731188 2.344033 1.765678 2.396989 2.38316
1.894313 1.57579 2.282576 2.121289 1.924919
2.128579 1.644234 1.80531 1.927311 -2.271935
-2.465908 2.128149 1.825705 2.241005 1.906634
1.288194 2.121289 -1.605827 1.749485 1.562421
1.601178 1.61062 1.767345 2.332808 2.104247
1.702219 1.662823 2.309252 1.923025 2.019882
1.92992 1.979 2.362584 1.588669 1.591769
1.841967 1.918885 1.514813 2.179969 4.437099
1.80117 1.597819 2.281789 1.994781 1.956319
2.104719 2.103804 1.840623 1.731561 1.930575
2.256137 2.095931 1.671359 1.75822 2.318872
1.939546 2.224722 1.897272 -2.358906 -2.335956
1.927311 2.121485 2.07104 1.319367 -1.26029
2.374115 -2.540262 2.221441 2.38316 2.2532
2.264193 2.264193 1.640558 1.695356 1.42751
1.892249 1.402214 1.620798 2.344918 1.493544
2.57473 1.584811 2.304462 1.947996 1.907167
1.83767 1.586282 1.19911 2.374115 2.234241
1.922223 2.025163 2.192231 2.567666 1.628463
1.75795 -2.019529 -2.114852 1.42751 3.503933
2.167098 1.570179 -1.647955 2.089448 1.419002
-1.761603 -1.376922 -1.689 -1.539651 2.214169
1.699641 1.699641 -1.979618 -1.345295 1.390049
