-0.7472356 1.51235 1.519341 1.146949 1.118685
1.770839 1.513363 1.226315 0.9786546 1.164588
1.206782 1.60687 1.319735 1.283171 1.39923
1.980244 1.039002 1.23843 0.787784 2.717421
1.407409 1.193975 1.050003 1.663796 1.599773
2.495844 1.905027 1.454379 1.033164 1.758657
1.854115 1.356375 1.646897 1.554466 2.83117
1.342779 1.702341 1.856067 1.222264 1.396465
1.465784 0.8652117 1.354977 2.113109 1.054195
1.472372 -2.025091 1.799425 0.9298616 1.524659
1.482357 1.398247 0.910758 1.859429 1.609735
1.600348 1.401928 -1.113051 -1.072521 0.6276956
0.2601563 1.630103 2.363356 -1.706316 -0.747641
0.6150433 -2.068209 -0.328862 -0.2684088 0.4006459
1.02751 1.402801 -0.9050443 1.886094 -0.8353194
-1.25988 1.739268 -0.7392859 0.862024 -1.518968
-0.3286785 1.71067 1.428817 1.129061 -0.4390725
