-2.458829 1.87296 1.104458 1.486425 1.58757
1.419324 1.541566 2.316023 2.098172 2.141832
0.9821142 1.863 1.958226 1.497166 1.356652
1.963138 1.366055 1.903887 2.141897 1.582391
2.1237 1.24625 1.742601 1.568369 1.074668
1.677388 1.449058 2.008919 1.559065 1.976524
2.379557 1.942465 1.286598 2.334581 2.259187
1.530803 2.443728 1.771715 2.171988 1.683756
1.248358 1.43358 1.417869 1.308359 2.507215
1.836391 1.786006 1.958689 2.196547 1.749902
1.207478 2.493873 1.1455 1.228825 1.307725
1.162344 1.470578 1.473274 1.628459 1.489744
1.269175 1.614244 2.177584 1.355729 2.686075
1.026653 1.859831 1.178163 1.098933 1.983646
1.484006 1.708724 1.669797 0.9402065 1.80935
1.382645 1.562598 1.546346 1.294319 1.232134
1.231154 0.942207 1.855776 2.911519 1.304736
1.274822 1.413285 1.87296 1.568344 1.06612
1.543946 2.198898 1.219296 1.724766 1.682829
1.273001 1.643565 1.275815 1.642811 3.217081
1.866582 1.582391 -1.452661 1.35283 1.525647
-1.937095 -2.388794 2.388794 1.35481 1.32578
1.224155 -2.845886 2.118945 2.094819 -2.448443
-2.658784 -1.243294 1.167707 1.167707 1.832477
-1.856556 -2.295836 -1.457868 1.530803 -2.185856
-1.744515 -1.615571 1.749006 1.513199 -2.199515
-2.177105 1.877016 -1.791877 0.8915467 0.8915467
-1.262618 1.467173 2.103929 1.493369 1.402893
-1.248467 2.208525 1.134066 1.575285 1.01434
1.292765 1.870056 -5.040195 1.145297 1.236331
-1.879715 1.247105 1.6336 1.442965 1.669797
1.737072 1.368072 1.418364 2.535482 2.535482
2.535482 1.518232 -2.782332 1.22114 -1.16948
-2.005657 -1.993374 1.886012 -2.529642 1.634679
-1.912169 1.345814
