-1.504973 -2.045946 2.791805 -2.132597 1.850421
1.931079 2.120151 1.902499 2.405074 2.311578
3.095951 1.803439 1.845794 1.742233 2.591727
2.245628 2.223983 2.069684 2.00223 2.033028
1.991676 2.166212 2.164125 1.804191 3.191467
1.190445 1.679964 2.01963 2.430965 1.957901
1.653897 2.577364 1.910093 3.067385 1.876561
2.214155 1.921921 1.954642 1.877123 1.702744
-1.771014 -1.944499 -2.064764 -2.310127 1.997761
-3.722886 -2.550684 -2.947497 -2.134393 -2.130358
-3.295063 -2.248197 -2.547996 -2.240935 -2.184859
-2.566438 -2.527894 2.794757 -1.934773 1.548413
1.956234 1.8816 -1.939433 1.662183 1.926021
1.455821 1.798453 1.883028 1.762654 2.082586
1.811088 2.249705 2.050371 2.260681 2.152042
1.752843 2.149367 1.48877 1.881123 1.782264
1.807418 1.594374 1.749186 1.526661 -2.001175
1.806389 -1.892795 -1.792733 1.744461 -3.111422
-1.796534 1.636605 -1.227947 -2.543086 -1.253363
-1.669902 2.052988 1.88992 -1.809097 2.148105
