2.293881 2.695742 2.371268 2.516511 2.455604
2.52549 2.62883 2.731744 -2.218182 2.107679
2.153308 2.277406 1.972956 2.269016 2.136259
2.448343 1.738283 2.283916 2.333627 2.16851
1.778627 1.933386 2.325983 2.329074 1.69428
2.085268 1.765261 2.280915 1.932804 1.826881
-2.487114 -1.943483 -2.431104 2.610963 1.76875
1.913552 5.142414 1.741844 2.027039 2.139535
-1.842514 2.246273 2.147978 2.126444 2.561132
1.907237 2.283916 2.088309 2.62793 2.3737
2.640335 1.671423 2.112863 2.284559 2.43515
2.117595 1.9504 -1.376881 -1.819418 2.279234
1.584794 1.529895 -2.63153 -1.869888 -2.270174
-2.338505 2.209167 1.91683 1.523847 1.577359
2.252302 1.341732 0 1.466222 1.810261
1.625745 2.314033 2.09348 1.804619 1.950729
1.481783 1.337766 1.314456 2.099639 1.833627
1.87525 2.002432 1.89765 1.63905 2.313793
2.259102 1.952689 1.940306 1.929566 2.073508
1.915057 1.529267 2.239748 -1.93906 -1.927637
-1.928972 2.474809 -1.32249 -2.062171 -2.254684
-1.617006 -2.62793 -1.305023 1.967308 1.468499
-1.743533 2.085186 -1.669441 2.254055 1.442928
2.834684 -2.681583 -2.880929 1.608672 -1.495266
