3.210457 -3.172335 2.810819 2.879127 -2.424959
2.600825 2.888962 2.28209 2.061152 2.012428
2.117429 2.587887 1.948466 1.918899 -2.28209
2.079016 2.307796 -1.951554 1.596156 1.811011
2.095536 1.706232 -1.706232 1.10892 1.907944
2.607665 1.769573 1.680009 1.302879 1.755904
1.23963 2.342387 1.409241 1.204212 1.907173
1.984962 1.583439 1.438781 1.53675 -2.081574
1.687074 1.158211 2.096193 2.48257 1.658113
1.58211 1.457291 -1.649541 1.553135 1.344152
1.772068 1.736494 1.283887 1.700239 1.650027
1.386753 1.973874 1.603039 2.215233 2.607665
2.296515 1.439422 1.441999 -1.289442 1.408348
2.633085 2.181354 1.817904 1.615966 -1.98486
-1.98486 1.426515 1.497662 1.404873 1.351588
1.051901 1.218025 0.8542234 1.028598 1.364914
1.161111 1.249501 1.15076 1.058529 1.262608
1.122704 1.487818 0.984668 1.19176 2.184547
1.244459 1.339985 2.682914 1.638194 1.150573
1.002194 1.337938 1.497656 1.760375 1.310443
1.289256 1.28127 1.559427 0.925976 1.632627
1.265764 1.631902 2.006385 1.349094 1.445373
1.063865 1.105531 1.042145 1.114123 1.141791
1.442308 1.169333 1.032509 1.413765 1.460817
0.9768649 1.081967 1.217719 1.151175 1.401441
1.310571 1.029122 1.495067 1.481095 1.454693
1.890474 1.245733 1.731283 -1.554536 -1.543849
1.34802 1.094096 1.394638 1.617797 1.096602
0.9739644 1.554869 -1.247701 -1.62804 1.079804
1.125579 1.437868 1.510403 1.42954 1.482932
1.002483 1.014671 -1.356831 1.167179 1.827172
1.13478 1.110251 2.119442 1.104426 -2.218876
1.230889 1.650027
