-3.194802 -2.427066 -2.054781 -2.743366 -2.549465
-1.133272 -1.49643 -1.87925 -1.747662 -2.651337
-2.457069 -2.237137 -2.581413 2.399269 -2.262768
-2.620914 -2.714393 -2.969809 -2.659885 -2.544217
-2.230441 -2.66605 -2.244486 -2.2276 -2.563858
-2.872572 -2.497107 -2.091249 -1.875683 -2.666702
-2.628634 -2.122238 -2.853352 -2.606004 -2.39026
-2.219618 -5.169526 -2.388889 -1.88317 -2.71899
-2.54682 -2.211859 -2.349471 -2.051467 -1.489125
-2.984679 -0.8035663 -0.8668144 -1.294017 -2.186188
-0.3787585 -2.004615 -0.3042261 -2.108791 -1.348814
2.34415 -2.708498 -1.695368 3.072433 -2.519148
-1.848416 -1.848416 -1.109259 -1.97841 -2.358584
-2.823813 -2.385491 -1.705007 -1.846875 -2.354413
-0.8834204 -1.546888 -2.434075 -0.9762998 -2.687069
-0.3742923 -2.216307 -1.722345 -2.266594 -2.266594
1.702058 -2.168713 1.607943 -2.1506 -0.4114614
-1.366133 -1.609024 -1.452649 -0.5281007 -1.11354
-2.17071 -1.908177 -2.074461 -2.190811 -2.190811
-2.269891 -1.296956 -2.579135 -1.992952 -2.999017
-0.3993716 -1.707809 -2.299013 -0.4638887 -1.556793
-2.448988 -1.367209 -2.296608 -1.64986 -1.418183
-1.48715 -1.753008 -1.867281 -1.744772 -2.26177
-1.851066 -1.725483 -1.727879 -1.422351 -1.772465
-1.897018 2.131594 -2.085619 3.166949 -2.204165
2.13478 -1.305454 -2.129321 -1.407862 -1.847863
-1.989222 -1.283899 -1.578032 -0.3441957 -0.4146046
-1.966093 -0.9005903 -1.87373 -1.551792 -1.720449
-0.4767412 -0.7049118 -0.7886596 -2.108791 -0.4533091
-1.074094 -2.368847 -1.786898 -1.786898 -1.484604
-1.240636 -1.025394 -1.046188 -1.096546 -1.578822
-1.966141 -2.83529 -1.231716 -0.4250358 -2.075426
-1.621022 -1.468363 -1.059299 -1.557057 -2.999017
-1.707809 -2.053857 -1.847863 -1.660629 1.971338
