1.2806 -1.734351 0.9396036 0.9077301 1.038927
1.273004 0.9539766 1.08458 1.583765 0.8494454
1.037879 2.742619 0.8705444 1.259499 1.501985
1.184182 1.256555 1.32111 -1.356216 1.883975
1.801327 -1.783737 -1.618155 1.081402 1.465205
0.8014779 1.442021 1.648059 1.283029 1.523967
-1.141824 2.119165 1.693638 1.455156 0.9774951
1.078457 1.047367 1.446002 1.618155 1.153174
1.096374 1.156447 1.583637 1.130402 1.35944
0.9559935 1.113947 1.048158 0.9506072 1.148747
0.9582776 1.151339 1.04813 0.9511003 1.591008
1.697107 0.8425064 1.081749 1.227825 1.152163
1.130194 0.9075204 0.8378273 1.664517 -5.75713
-1.2806 -1.081351 1.072707 -2.224827 0.6648944
-1.655594 1.48036 -1.023117 1.512795 -2.381504
-1.616037 -1.526225 1.00265 -1.341321 -1.132025
-2.035587
