2.680809 2.37217 2.075616 1.814828 2.469662
2.381976 2.362235 2.702054 2.424861 2.273602
2.902239 2.330124 2.838191 2.777353 2.617383
2.190495 1.911225 1.772635 2.032791 2.773548
3.068513 2.19853 2.300472 2.004776 2.307955
2.106297 2.612984 2.309554 2.164712 2.303554
2.77526 2.533324 2.278929 -2.214472 2.27878
-2.432528 2.469662 -2.309453 1.907508 1.826926
1.609373 1.401162 1.822756 2.322528 2.105443
1.940384 1.771395 2.180993 2.466228 1.36146
-1.88586 1.706501 1.849476 1.602895 2.254245
1.767565 1.572778 2.059686 1.518873 2.489467
2.230779 1.550042 2.773263 1.850159 1.327115
1.71381 1.894268 -1.904387 1.652636 2.120359
1.776873 2.610172 2.543173 2.44442 1.66284
1.757357 2.055699 3.017643 1.501109 1.801641
1.454252 -1.867616 2.073277 1.666358 1.459527
1.952983 1.284419 1.67734 2.211763 1.998679
2.121904 1.488428 1.913872 -2.079293 2.205915
1.320194 1.952045 1.546311 2.081198 1.534419
2.098162 2.206903 1.850416 1.902694 2.99315
2.135112 1.540595 1.911517 -2.124141 1.956865
1.57508 2.073113 1.813145 1.994018 2.027981
1.713586 1.664271 1.927378 -2.005525 2.183196
2.029641 -2.218606 2.711866 2.708217 1.644327
1.703114 2.152074 2.199041 1.149455 1.598081
2.634824 1.429697 2.048868 1.531145 1.722261
1.639192 -1.869441 1.997703 2.133546 -1.815404
2.479081 1.929328 -1.583194 -1.583194 -2.365997
-2.432528 1.93567 2.390336 -2.539858 -1.560259
-2.579804 1.697992 -2.073473 1.420835 1.930189
1.534419 -2.098162 2.19853 -2.081412 -2.144031
-2.144031 1.284598 -2.259028 -1.693203 -1.894182
1.838744 2.533324 -2.88817 -2.105249 -1.632876
1.25926 1.46089 1.388996 1.080348 1.084482
1.416804 1.148827 2.054333 1.154745 2.288113
1.519391 1.250387 1.258681 1.869931 1.028304
1.47586 1.399061 1.460114 1.732926 1.059924
-1.354225 2.458946 1.07096 1.349016 1.282231
1.115735 1.949602 2.152628 1.503293 1.503293
0.9051066 1.591741 1.114312 1.44606 1.203289
1.060684 0.9774822 1.49352 1.32967 1.955509
1.767038 1.354598 0.9784925 1.334524 1.364614
1.332185 0.9660101 1.405344 1.642695 1.577852
1.451864 0.9291582 2.744799 1.533838 1.20956
1.229141 2.100758 1.196967 1.558613 1.16797
1.134181 1.123486 1.872808 2.838175 2.623092
1.241786 1.05545 1.065101 1.211346 1.458027
1.208973 1.164361 1.281907 1.316923 1.222793
1.075804 1.146499 1.459478 0.9631184 1.373106
-1.51349 1.255855 1.486792 1.145979 1.226222
2.162433 1.302503 1.519886 1.600813 1.191673
2.161938 1.41049 1.411705 1.510491 -1.780175
1.328706 1.115446 1.962772 1.527084 1.355569
1.572146 1.261683 1.700435 1.890171 1.417148
1.254225 2.02164 1.373244 1.726055 1.577225
1.197013 1.003881 1.22654 1.078762 1.078339
1.0564 1.389959 1.044893 -1.831411 1.503644
1.961064 1.517487 1.374202 1.366074 1.477919
1.298441 1.174998 1.583769 1.338747 1.295841
1.581799 1.847883 1.668949 1.161475 1.099244
0.8945161 1.347317 1.024554 1.57438 1.461864
1.40721 1.098108 1.669509 1.390778 1.392695
1.327889 1.294225 1.61359 1.336668 1.619738
1.293722 1.304382 -1.64319 1.822367 1.035208
-1.803493 2.105443 1.297228 1.992802 -2.458946
-1.990203 1.06655 1.197288 -1.046561 -1.71548
-1.279512 -1.685096 1.424309 1.074565 -1.227221
1.241786 -1.225512 1.225512 1.420835 1.365158
-1.417879 1.772635 -1.419473 1.097515 -1.606763
-1.272905 -2.218606 -1.645285 1.284598 1.284598
1.174998 -1.28703 1.083794 1.149455 -1.322588
1.149885 1.149885 -1.154425 -1.215703 -1.725099
-1.685882 -1.369844 1.175542
