1.791856 1.221997 0.9962655 1.375937 1.403476
1.025533 1.698397 -2.143821 -2.550218 2.515718
1.679458 -1.52876 1.667385 1.60549 1.362991
-2.229523 1.370846 1.99047 -1.662455 -1.736303
1.883028 1.097272 1.739636 1.593895 2.326104
1.82814 1.740002 1.191113 1.502564 1.678112
2.030022 1.086814 1.533818 2.797749 1.217458
1.271974 1.50184 1.924766 1.185459 1.852177
1.251491 1.360518 1.374255 1.599184 1.630817
1.370539 1.881447 1.456926 1.927858 1.687726
1.645909 1.206921 2.115771 1.213419 1.036525
1.374815 -1.570227 1.199444 1.304666 1.29966
1.417264 1.992505 1.336416 1.412709 1.744891
1.45902 1.099942 1.90336 1.51706 1.562599
2.38135 1.667879 2.419688 1.117983 1.710449
1.148508 1.714757 1.191387 2.563222 1.557883
1.12385 1.274293 -1.234521 1.08095 1.088438
1.376011 1.586631 -1.157877 1.601541 1.505385
1.43793 1.652818 0.9674287 0.9955547 1.391348
1.311851 1.026173 1.765658 0.9309182 -1.890228
-1.32732 2.031966 1.57875 1.791856 1.688147
-2.829987 1.543944 5.749954 -1.558807 1.711151
-1.946961 1.617183 1.366155 1.386147 2.290721
-1.872306 -1.210663 1.557435 1.704118 1.655788
1.749874 -1.56822 1.299109 2.466421 2.225154
-1.391471 1.738924 -1.085315 1.890553 1.20882
1.440057 2.103028 1.443097 -1.875718 1.85381
1.540408 -1.52169 1.323622 -1.905054 -1.157877
1.532785 1.532785 -1.208621 1.490586
