2.166002 2.096483 1.683647 1.875544 1.894168
1.716891 1.321928 1.065996 1.479144 -1.502164
1.235548 1.50341 1.687055 1.922718 0.8275182
2.147896 1.759294 1.522684 1.668018 1.771958
1.586206 1.535369 1.515534 1.292013 1.678702
1.348305 1.505405 1.352183 2.313864 1.572156
1.412845 1.49892 1.303067 1.378546 1.654212
1.465051 1.472828 1.6131 1.194465 1.445518
1.550483 2.511191 1.79011 1.353498 1.631115
2.250647 1.223123 1.460765 1.247386 1.634565
1.567278 1.29929 1.457654 1.270536 1.411085
1.259662 1.442929 1.424239 1.682584 1.420113
1.553785 1.408123 1.30554 1.227095 1.330704
1.555522 1.321832 1.625774 1.352607 1.928403
1.526508 1.362381 1.356745 1.236571 1.09246
1.510457 2.202699 1.942726 1.183577 1.442105
2.248782 1.362446 1.200666 1.320462 1.545058
1.248121 2.000174 1.862086 1.305535 1.555217
1.385423 1.613361 1.620067 1.421236 2.230276
0 0 0 1.291435 1.390497
1.479574 1.457399 1.225632 1.607104 1.360674
1.728926 1.367396 1.367362 1.472615 1.473113
1.336633 1.372986 1.461177 1.27594 1.656956
2.019759 1.478228 1.375702 1.373032 1.699567
1.940168 2.056245 1.065996 -1.752076 -2.033473
1.744958 1.639225 1.325053 1.325053 1.325053
-1.67373 1.382593 2.247581 1.470115 1.29913
-1.597959 1.241137 1.392339 -1.644513 -2.423006
1.352186 1.361879 1.415363 1.461177 2.220472
1.477936 1.64725 -1.843673 1.373032 1.902202
1.86901
