2.518819 1.167323 2.131493 2.171841 2.04548
1.347879 1.915799 1.824642 2.809925 2.032122
1.884611 1.096004 1.907566 2.063369 1.267478
1.676949 1.402586 1.047076 1.341512 1.756989
1.737883 1.60615 1.812177 1.855058 1.529088
1.735892 1.702129 1.879816 1.836664 1.804411
1.778467 1.845281 2.045285 2.628647 1.92608
2.540781 2.064655 2.361132 2.180695 1.814045
2.705099 1.526871 1.709285 1.748978 1.793911
2.266294 2.626873 -0.4483682 2.171841 2.341729
2.15944 1.877164 2.448233 -0.57745 1.235862
-0.8175956 -0.4148082 1.44099 1.588682 -0.7362098
-0.6199466 -1.844187 -0.5464688 1.989186 -2.660327
1.910024 1.483545 2.179484 1.804411 2.071899
-0.5383389 1.984264 1.416898 -2.320072 -0.7043864
2.040633 1.747818 1.921604 1.863474 1.472643
1.970124 -1.786526 2.156115 2.824143 0.8553485
1.965907 -0.8209735 1.96616 1.966026 1.671348
1.439581 1.350488 -2.55113 1.867591 1.031002
-0.4177123 2.604418 2.084956
