2.570714 2.388572 2.009554 2.719603 2.519431
2.70989 2.044314 2.515155 2.231472 2.495643
2.307283 2.253863 1.676075 2.555372 2.884418
2.118776 2.129523 2.167761 2.230497 -1.567466
2.220305 2.194726 2.079088 2.41768 2.291417
2.026875 2.524016 2.335283 2.191538 2.517836
2.263153 1.818782 2.230053 2.283651 1.893515
2.454897 2.345669 2.129486 2.574778 2.603585
-2.305266 1.83994 -1.707539 -1.918961 2.121243
1.506651 2.165181 1.983085 1.991556 1.95204
4.303403 2.412911 1.668994 2.172743 2.263729
2.01098 2.23775 2.308524 2.357151 2.301574
1.588235 1.893397 2.04152 2.106602 1.272625
1.904385 1.845996 1.71343 1.099106 2.321574
1.366993 2.094221 2.142707 2.047571 1.889868
-2.393087 1.562435 -2.037769 1.655838 1.449212
1.829974 1.293611 2.073681 1.407612 1.545982
1.916741 2.260156 1.691507 2.03906 1.444674
2.080446 2.049258 2.372446 1.35201 1.59181
1.719195 1.859979 2.33354 1.857462 2.123723
2.121693 1.293611 2.175566
