2.880399 2.721171 2.016185 2.387329 2.430499
1.70859 1.836529 2.172141 2.104289 2.162921
2.068626 1.790561 2.025365 1.506521 2.815474
1.82323 1.401422 2.57181 1.58969 1.581973
1.747015 1.421561 1.72122 2.45788 1.877145
1.71122 2.058138 1.298383 2.001625 2.262989
2.389604 2.020849 2.410328 1.338462 1.983783
1.518902 1.401422 2.674016 1.539523 1.190436
1.665523 1.35682 2.121248 1.22114 1.107974
1.421561 1.540884 1.72122 2.055317 1.679399
2.104289 1.25692 -2.227546 1.450432 1.450432
1.271691 1.147607 1.85892 2.662187 2.662187
1.622141
