2.317325 1.467496 1.952461 2.309567 2.698593
2.806482 2.086163 1.833601 2.195165 2.153931
1.983424 -1.190339 -0.2037132 -0.9055602 -2.384122
-2.075942 -2.348328 2.313898 2.006593 -1.65252
-1.155257 -0.4637032 1.397577 -1.854187 -0.1692794
-1.68245 -1.68245 -0.5024024 -1.684344 -1.671514
-1.604834 0.9866922 1.63184 1.837875 1.450793
1.836167 1.8265 1.711997 2.0953 2.056751
2.192699 1.981552 2.334199 1.20635 1.772042
-0.9055602 1.739426 -0.3106393 1.665376 1.715987
0.2265841 -2.073395 -1.805708 -2.348328 -0.6275126
-0.3895739 -1.738442 2.542932 -1.427947 -0.4637032
1.929098 -0.8092058 -1.032174 -0.8078707 -1.643695
-1.837088
