2.514643 2.490718 2.855858 2.896879 2.987014
2.553338 2.383836 2.462316 2.53286 1.99749
2.703987 2.421836 3.020125 2.717411 2.189729
2.970204 2.816014 2.330936 2.907096 2.598379
2.252682 2.54237 2.665608 2.256786 3.028325
-2.035527 2.433886 4.970353 2.644587 2.669629
2.237819 2.009425 1.129242 2.679148 1.864141
1.955571 1.290543 1.501667 2.410954 1.666619
2.081376 2.072197 1.920756 1.395635 1.721799
1.60936 2.568988 1.754145 1.713426 1.554784
1.79986 2.293676 1.318099 2.432378 1.720222
2.14652 1.432095 2.368871 2.357249 2.279135
1.743342 1.883843 1.230029 2.185273 2.544113
2.796667 2.127826 2.184212 1.532335 1.481805
2.022631 2.647646 1.646313 1.952855 2.406882
2.883126 2.13156 2.034926 1.915943 1.872284
2.266776 1.543122 2.002376 2.829124 2.058677
2.583396 1.851045 2.92 2.317014 2.600353
1.967005 1.735408 1.841816 2.130601 1.793593
2.404913 1.850152 1.405544 1.511412 2.095071
1.769625 1.509706 2.261846 1.680755 1.93038
1.745598 1.841609 1.912106 1.169166 1.824803
2.132312 1.945999 1.717973 1.702314 2.672948
1.924996 2.098092 1.814386 2.425611 1.933304
2.198154 1.96002 1.867855 1.883747 1.838412
1.991524 1.856482 1.868772 2.654964 2.7527
1.340882 1.483116 1.680543 1.744199 1.793481
1.972943 2.376262 1.784165 1.549656 2.142167
1.858893 1.980619 2.586918 2.378111 2.018785
2.036581 1.650831 -1.444083 2.19093 2.17474
2.17474 -1.960044 -1.272728 -0.9651161 1.81833
2.211053 1.081876 -3.385553 -3.385553 -1.29798
-1.638677 1.273079 2.091501 1.603623 -1.466063
1.778337 -1.018216 1.807258 1.411742 -1.771401
-1.380827 2.703987 2.335552 2.622346 2.205893
-1.493875 1.214098 1.966957 2.022631 1.997385
-1.28735 2.174495 -1.542888 -2.147563 -1.443823
-1.443823 -2.08433 -1.762294 1.797516 -1.272561
-1.320031 2.609984 1.568277 1.597265 2.469657
1.779673 2.122085 1.618061 1.716732 1.320921
-1.642134 1.614849 -2.077111 -1.948289 1.397882
-1.558286 2.531953 -1.218276 -2.017348 -2.10309
-1.350978 1.585832 -1.875863 1.769174 -1.899855
-1.429139 -1.388702 -1.308749 2.159803 -1.166502
1.917371 0.8853385 1.233906 -2.525616 2.525616
1.647495 1.647495 1.46854 2.274212 2.88106
2.88106 1.73434 3.005896 -1.722012 2.252018
-1.760424 -1.586633 1.535801 1.17606 1.22342
-2.017313 -1.343929 -1.466005 -1.53856 -1.53856
1.763537 -1.324665 1.692535 2.250331 2.250331
-1.57082 1.413784 1.475198 1.613356 1.775209
1.34949 1.351922 1.672866 1.242859 1.672185
1.698327 1.383167 1.748476 1.195211 2.223084
1.310456 1.782739 1.802103 1.550687 1.614971
1.402145 1.123886 1.739348 1.416251 1.459256
1.946363 1.429208 1.672512 1.463725 1.074063
1.978727 2.158812 1.566749 1.173402 1.267866
1.484548 2.863312 1.600733 1.704983 1.29902
1.66122 1.554936 1.709315 1.272257 1.058621
1.95506 1.2782 1.358171 1.221063 1.699193
1.716983 1.153118 1.749097 1.496641 1.81279
1.414705 1.260822 1.77017 2.607169 0.9358457
1.395119 1.439337 1.060238 1.003157 2.796757
1.626856 1.561733 1.219867 2.474116 1.078126
0.9457023 1.248511 1.588241 2.239752 1.491051
1.601114 1.603146 1.565507 1.265093 1.420435
1.606056 1.583176 1.270404 2.467391 1.078276
2.330903 2.026723 1.314768 1.327312 0.9076857
1.440103 1.46781 1.426983 2.233641 1.148158
2.326203 2.095092 1.560151 1.068309 1.049516
1.482384 1.114113 2.433758 1.312556 1.679599
1.642836 1.51207 3.014577 1.511247 1.064802
1.424278 2.232586 1.259226 1.138299 1.436618
1.713025 2.032317 1.472706 1.084925 1.828644
1.169109 1.452287 1.368601 1.782822 1.06455
1.412854 1.658193 2.28698 1.776212 1.155519
1.522867 1.412491 1.579234 1.636486 1.042403
2.025435 1.234481 1.728389 1.727067 0.8919656
2.552735 1.237585 1.033507 0.9879443 1.756148
1.372529 1.225637 1.746349 1.582336 1.840817
1.711785 1.470443 1.611071 1.130353 1.541309
1.59822 1.467768 1.265997 1.928357 1.295142
1.549875 1.815088 1.709471 1.349788 1.105714
1.239184 1.676062 1.024518 1.558718 1.552584
1.815841 1.588002 1.52207 1.455149 1.790137
1.545026 1.640776 1.296009 2.992684 1.117529
1.760562 2.244567 2.089889 1.713246 1.708043
1.277523 1.892126 2.07276 1.767768 1.19958
1.122846 1.357494 1.710733 1.475992 1.488443
1.356361 1.913736 1.468115 2.103891 1.170404
1.523904 1.475963 1.666964 2.255038 1.555026
1.460019 1.233941 2.129052 1.207449 2.318857
1.757107 1.139666 1.619034 1.915592 1.97308
2.819981 -1.112471 1.181733 1.421571 2.456939
1.668772 2.456862 2.229687 1.11963 1.168746
2.151721 1.836135 1.584353 1.945241 2.627121
1.264071 1.771052 1.389511 1.328643 1.428972
1.232523 1.064622 1.746173 1.25637 1.46778
1.066572 1.308239 1.844708 1.211251 1.019359
1.401013 1.592621 1.534616 1.644058 1.689081
1.171831 1.697838 1.375063 1.345322 1.366907
-1.764772 1.58461 1.629725 1.424293 1.776247
1.030171 1.353999 1.817246 2.37957 -1.201437
1.59123 1.644155 1.208246 -1.232649 1.739348
1.666619 1.714111 -1.287561 1.395635 -1.863101
-1.359481 1.261793 2.098804 1.357914 1.357914
1.069776 -1.88543 1.315849 2.091501 2.091501
1.479952 1.414705 -1.274324 2.203082 1.38588
-2.18252 -2.18252 1.561733 0.933474 1.807258
1.027581 -2.018655 -1.491051 -1.380822 2.467391
-1.725948 -1.50852 -1.096888 -1.426339 -1.296711
-1.536415 1.182294 2.127826 -1.295374 -1.373041
-1.22048 1.331856 -1.646313 1.646313 1.646313
-1.834853 1.952855 -1.321953 -1.199524 2.04493
-1.532146 -1.242102 -1.700088 1.320056 -1.672013
0.9513342 -1.233184 1.582336 1.336383 -1.442537
2.705426 1.469793 -1.213104 1.207328 -1.709471
1.205783 1.483222 1.829943 -1.301424 0.974384
-1.250133 -1.982203 1.815841 -1.314167 -1.322248
1.841609 -1.700184 1.357494 -1.471646 -1.365263
-1.150215 1.989493 -1.185486 1.585832 1.585832
-1.522544 2.672948 1.933304 -2.062585 1.883747
1.253281 -1.798949 -2.654964 -1.744011 1.264271
-1.774673 -1.831698 2.32868 1.483116 -1.647495
-1.680543 -1.275998 1.130459 -4.943437 0.8988347
1.409157 2.88106 1.286162 1.73434 -1.681623
-1.602759 1.189095 -1.44545 2.752975 1.744199
2.577501 2.577501 1.628222 1.689081 1.689081
2.142167 1.717663 -1.115478 1.122437 2.586918
1.692535 1.389977 -1.31122 1.653345 -1.053873
1.428412 1.083438 2.196301 1.232008 1.103786
1.307325 1.08683 1.041365 1.568597 1.468543
1.313078 0.9646593 1.427483 1.815174 1.402901
1.409394 2.487116 2.372848 1.390357 1.230487
1.921659 1.109239 1.62179 1.721869 1.239487
3.967469 1.714111 1.284598 1.31291 1.673875
1.666687 1.483042 1.569517 1.108694 1.067064
1.16684 1.722393 1.305713 1.37377 2.330907
2.225637 1.459072 1.258534 1.101915 1.53704
1.002964 1.439901 1.371776 1.680967 1.39252
1.337453 1.336245 0.9485489 1.4032 1.795519
1.075989 2.012949 1.20686 1.20686 1.140404
1.688621 1.332694 1.693113 1.443529 1.242821
2.291174 1.063924 1.203642 1.201671 1.289099
0.9852696 0.9839312 1.355668 1.353165 1.364912
1.807308 1.313441 1.390644 1.04293 1.373934
1.083264 1.540828 1.564943 1.323368 1.42063
1.556719 1.38493 1.310387 1.331045 1.174717
1.461469 1.845774 0.8722997 1.462541 1.562398
2.376229 1.210306 1.161225 1.578557 2.529545
1.54066 1.637857 0.9752354 1.174662 1.537059
1.267414 1.271064 1.103682 1.843008 1.548521
2.647865 2.647865 1.216068 0.9544436 1.29885
1.933677 2.669014 0.9421233 1.455236 1.540408
1.704544 1.375915 1.575514 1.106757 1.471018
2.783146 1.092304 2.027186 1.216057 1.432619
1.206227 1.199886 1.148557 1.583536 1.351128
1.608132 1.83622 1.693732 1.164457 1.578614
1.197428 1.447249 1.362624 0.9426556 1.350114
1.141851 1.327197 1.097592 1.395081 1.511993
1.968419 1.36253 1.007578 1.370329 1.542076
1.174255 1.107555 1.800018 1.755064 1.678697
1.472623 1.335555 1.833555 1.060808 1.891214
1.054804 1.137475 1.475398 0.9714343 1.904776
1.443411 1.412104 1.078386 2.032426 1.561666
1.93016 1.440169 1.261308 1.30024 1.199296
2.323721 1.339697 1.777958 1.516758 1.275432
1.031453 1.280944 1.489702 1.253081 1.397253
1.5128 1.413032 1.868081 1.249813 1.059341
1.475354 1.330507 1.52617 0.9975115 1.516021
1.150807 1.354489 1.183325 1.304499 1.236793
2.08153 1.654046 1.384247 1.299419 1.355509
1.361102 1.522638 1.577862 1.573626 1.301466
1.768078 1.124304 1.081699 1.236783 1.709018
1.53675 2.049767 0.9291892 1.234645 1.63816
1.052794 1.916744 1.102804 1.300632 1.270934
1.504518 0.9646765 1.526346 0.9067431 1.164384
1.316988 1.376276 0.9311351 0.9331174 1.264718
2.362801 1.425662 1.852728 1.38023 1.912992
1.447106 1.566709 1.569344 1.334227 1.630297
1.503667 1.34553 1.179851 2.082435 1.375245
1.615932 2.170662 1.512901 1.427514 1.210368
1.186155 1.478712 1.136242 1.386471 1.632511
1.270062 0.9873361 1.156926 0.9185925 1.082601
1.173804 1.521374 1.247888 1.607888 0.9997785
1.193379 1.595335 1.181069 1.248108 1.168658
2.006923 1.89703 1.564291 1.385947 1.478505
1.204011 1.415305 1.508743 1.493232 1.38741
1.578221 1.100454 1.350696 1.209921 1.341856
-1.255137 1.948448 1.228081 2.503507 1.333128
-1.538409 1.725959 -1.163345 -1.005153 1.899526
1.199403 1.849515 -1.003648 1.090036 1.115257
-1.365649 1.102156 1.538235 1.478846 1.403542
1.554694 -2.255094 -2.211053 1.441267 1.252538
1.267866 1.230395 2.225637 1.696323 1.022733
1.526963 1.562748 -1.2782 1.371776 1.434665
1.255243 1.255243 -1.633922 1.301297 1.358145
1.22082 1.99749 1.021339 1.075989 -1.032433
-1.021044 1.168656 1.365867 1.14317 1.018216
1.568541 0.944616 -1.149794 1.596485 1.025262
1.773023 1.773023 1.496966 -1.311677 -1.506088
1.150948 1.150948 1.945162 2.467391 -1.078276
1.064799 1.110765 -0.889527 1.461469 -1.126633
-1.214026 1.175676 -1.12324 1.039569 0.9292301
1.052956 1.149173 1.486309 1.282968 1.282968
1.355616 -1.364482 1.678466 -1.180228 0.9421233
1.107982 -1.107982 1.107982 1.215147 1.68608
1.205503 -1.100143 1.10361 -1.201806 1.216057
-2.383154 -1.042388 -1.06455 1.676643 1.398624
1.398624 1.320056 1.959128 -1.965872 1.220605
1.362624 1.147303 1.147303 1.166731 -2.143297
1.024262 1.472623 1.450257 0.9539471 -1.164104
1.121041 -0.9538101 1.156483 0.9714343 1.511412
1.246924 1.246924 -2.434412 -2.434412 1.549875
2.047842 -1.339093 -1.008849 2.052545 1.829943
1.93016 1.30024 -1.481578 1.306755 1.10687
-1.114387 1.024518 1.302253 -1.321144 1.516758
-1.499608 -2.276856 2.276856 -1.200569 1.002455
1.516021 -1.359509 -1.666905 1.31261 1.31261
1.31261 -2.02125 1.221659 -1.221659 -1.365708
-1.034096 1.522638 -1.391175 2.104284 1.081699
1.097217 -1.508807 1.295951 -1.080653 1.567151
1.886574 1.441587 1.438268 -1.529168 1.97308
1.32829 2.741092 -1.048791 -2.456862 1.166502
1.267207 1.409881 1.05702 1.222885 -0.9000235
1.64668 -1.086 1.134042 -1.026662 0.9793294
1.34553 -1.428972 1.428972 0.8770052 1.123342
1.130086 1.266189 -1.314937 1.064622 1.46854
1.189174 -1.227543 1.128478 1.128478 1.498172
1.150574 -1.264515 1.584155 -1.100395 1.062979
-1.535801 1.753297 1.329861 1.385534 0.9997785
-1.031408 1.46754 1.181069 1.144774 1.456081
-1.456081 2.095003 1.135035 1.204011 -1.151026
1.151026 1.519221 1.945318 1.267732 0.9132514
1.31371 1.010401 1.341856 1.422836
