-2.384291 -2.591619 2.283957 2.553481 -2.51958
-2.036528 -1.708824 1.618462 -2.340755 -3.285585
-3.285585 -2.283085 2.384291 1.855003 1.715455
1.918181 -1.747516 1.884655 1.431491 2.018991
2.038265 1.086237 -1.824902 1.980507 2.157228
2.338087 1.646515 1.747259 1.861783 1.51567
1.742818 1.316425 1.731097 -1.958844 -3.092209
1.702136 1.827236 -1.883475 1.400602 -2.280561
2.039031 2.903934 2.686221 1.880142 -1.378457
-1.814764 -2.132173 1.660271 1.564288 2.65072
1.487026 -1.915389 -1.440092 1.818602 2.646925
-1.642892 1.552342 1.864111 -1.545435 -2.372986
2.34073 1.823933 -1.634034 2.073549 -2.545644
1.633195 -1.885392 2.46981 1.20833 2.234037
1.512974 1.368125 1.429016 2.403721 -2.066524
-1.903679 1.606856 -2.304318 -1.456582 -3.025998
1.301422 -2.052595 -2.0867 2.385229 1.861372
-1.31001 1.37724 1.75602 -1.934255 -1.732879
2.060739 1.836839 1.350951 -2.11843 1.681476
2.454109 1.922615 -2.899631 1.896305 1.920917
1.783492 2.086949 1.534664 2.005685 1.805649
-1.823319 -2.218404 1.15251 -2.347906 2.123827
-1.382647 -2.274211 -1.77944 -1.130402 -3.19606
2.702468 1.569905 1.970605 1.930033 1.614237
1.790375 2.021122 1.936999 -2.470569 2.00176
-1.557435 1.554858 2.037155 1.895825 -2.331287
-1.715455 -1.675086 -1.856907 1.625136 -1.665244
1.368841 2.345229 -2.265257 -1.762086 -1.515858
-1.764143 -1.926126 -1.973497 -1.926303 -1.926303
1.534228 -1.433645 -1.376787 -2.622908 -2.019744
-2.003153 1.185302 -2.46733 -2.46733 -2.016757
-1.368964 -1.324885 -2.132173 -1.643291 2.65072
-1.31694 -3.022552 -1.738396 -1.539289 -1.675873
2.555607 -1.690608 -2.092105 -2.092105 -2.49918
-2.49918 -1.98678 -1.246298 -1.227269 -1.973356
-1.82203 -2.403721 -1.397746 -1.434352 -1.115437
-1.277698 -2.456198 -1.662989 -1.876777 -2.330776
1.160562 -2.062374 -1.730011 -1.730011 -1.75602
-1.859173 -1.913615 -2.139628 -1.310158 1.681476
-2.454109 -1.681876 -1.542241 -1.712727 -1.348856
-2.31056 -1.676999 -1.920917 -1.826833 -2.063462
-2.617925 -1.35613 -1.97686 -1.900943 -2.615145
-2.587164 -1.47332 -2.185236 -3.097985 1.38741
1.527011 -1.595953 -2.328831 -1.766157 -1.77944
-1.541509 1.994156 -1.700721 -3.285585 -1.809008
2.283085 -2.283085 1.959422 -1.425556 -3.060719
-3.060719 -1.891016 -2.333946 -2.333946 -2.71063
-2.231251 -1.762636 -2.229023 -1.686925 -1.64215
-1.148772 1.546493 1.547209 -1.346629 -1.560506
-2.292811 1.450748 1.357322 1.338811 -2.689572
1.021459 -1.0398 1.97931 1.406171 1.030095
1.61359 1.22371 1.209124 -1.682655 -1.284593
1.205365 1.0192 0.8632439 2.194836 1.125228
0.961177 1.126569 -1.469132 -1.126387 1.000219
1.041285 2.342204 -2.228171 1.584489 1.584489
1.252214 -1.190555 1.211808 1.332176 1.628292
-1.56292 1.090802 1.144215 1.664378 -1.473546
0.9988966 1.676684 1.074188 1.151591 1.099206
1.002502 1.106807 -1.053407 1.254164 -1.112849
1.021808 1.379346 1.193793 1.102354 1.259579
1.586409 1.59202 -2.131623 -1.374011 1.471389
0.961085 2.114016 2.501326 1.292138 1.931774
1.540985 1.002333 1.271376 1.051901 1.431888
-2.506494 1.078158 1.875117 -1.143302 -1.360563
1.582879 1.988595 1.248814 1.104619 0.9816252
1.728583 1.270086 1.048531 1.540309 1.658813
-1.890095 1.475229 -1.419128 1.175489 -1.425861
1.566791 1.087653 -1.550506 1.531325 1.148551
1.219755 -1.501245 1.414545 0.9507062 1.32866
1.777015 1.610101 1.845286 -1.027881 -1.240169
1.106229 -1.32797 -0.9943354 1.185063 -1.287634
-1.546094 1.573728 1.163765 0.9625311 1.199778
1.28415 1.065807 0.9810291 1.17008 1.135693
1.143901 1.050415 1.142048 1.110643 1.041308
1.536393 1.384343 -1.196602 1.215616 1.24785
1.879558 -1.575398 1.619937 -1.212767 1.541151
1.458431 1.041136 1.34926 1.440978 1.227905
0.9371164 -1.592271 0.8625835 -1.189763 1.456458
1.118764 1.067356 1.11482 1.265434 -1.188668
1.368756 1.736735 1.581383 1.599653 -1.294078
1.087401 1.226012 -1.147974 1.069266 1.513182
1.944949 0.904183 1.151598 -1.456993 1.156463
-1.568851 1.950586 1.078713 1.433483 1.54818
1.475234 1.268832 1.118195 1.512005 1.630032
1.230872 -1.435263 -0.9798234 -1.163625 -0.9584534
-1.289328 -1.483258 -1.447693 -2.338087 -1.160956
1.843776 -1.843776 1.368841 -1.626272 -1.006735
-1.743397 -2.866202 -1.087202 -1.344606 -1.4339
2.194836 1.680978 1.534228 -1.469132 -0.9324118
-1.262779 -1.479968 -1.09411 1.076629 -1.101761
-1.04998 1.170384 -1.143136 -1.512589 -1.224051
-1.124857 -1.194873 -0.9495963 -1.201299 -1.201299
-1.015579 -1.569432 -1.487026 -1.285258 -1.045591
-1.112849 -1.517391 -1.200729 -1.818602 -1.234567
-1.632522 -1.157183 -1.198217 1.20833 1.078158
1.429016 1.357806 1.357806 -1.434352 -1.498125
-1.606856 1.606856 1.457654 -2.274325 -1.728583
-1.456582 -1.069322 -1.069322 -1.448042 -1.609818
-1.016063 1.137646 1.576688 1.493418 -1.978287
-0.8714268 -0.8714268 -1.808578 -1.165104 -1.800747
-2.139628 -1.32866 -1.836839 -1.263139 1.295791
-2.454109 -1.845286 -2.053895 -2.456303 -2.456303
-1.287634 -1.770777 -1.068054 -1.068054 -1.068054
-1.554902 -1.222973 0.9810291 -1.880102 1.110643
-1.347657 -1.667572 -1.412915 -1.412915 -1.138767
-1.483029 -1.547275 -1.547275 -2.218404 -2.218404
-1.457518 2.161427 -1.747264 1.227905 -1.105799
-1.251905 -1.401788 1.38741 -1.067356 0.8886849
-1.534692 -1.466425 -1.506078 -1.056939 -0.9499161
-1.236498 -1.245733 -1.520389 -1.370743 -1.370743
-1.412528 -2.074641 -2.283085 -1.891016 -0.9657284
-1.525501 -1.525501 -1.057248 -1.210777 -1.420801
-1.456993 -1.31432 -1.31432 -2.401716 -1.755154
-2.327989 -1.14473 -1.390428 -1.925915 1.739798
1.07612 1.230892 1.496918 1.027715 1.622054
1.317443 -1.450755 1.385173 1.367222 1.124314
-1.210444 1.550843 1.33486 -1.5913 1.256756
1.940833 1.199226 1.62951 1.687779 1.750671
1.691034 1.156559 -1.116939 0.9614752 1.461784
1.589673 1.542835 -1.464157 1.457654 0.9858815
1.103684 1.571436 1.472824 1.345614 0.894894
-1.618462 1.422941 1.376044 1.937549 4.291286
1.651664 1.251222 0.9518412 1.136446 1.462412
-2.224337 1.521648 0.8646692 1.592271 1.030491
1.021834 -1.205704 1.088883 1.425365 1.174957
2.361926 1.156463 -2.384291 1.696893 1.696893
-2.042599 -1.406171 -1.065631 -1.277154 -1.271099
-1.099206 -1.232051 -1.102354 -2.131623 -2.389729
1.471389 -1.709626 1.338102 -1.531325 -1.262935
-1.762415 -1.517182 -1.264199 -1.093358 -1.030491
-1.414802 -1.456692 -1.494543 -1.188668 -1.540997
-1.144351 -1.144351 -1.214459 -1.484606 -1.35155
-1.154562 -1.282173
