-2.84739 -3.0564 -2.792957 2.714739 3.003049
-2.699746 -2.542305 3.001077 -2.506319 -3.080246
-2.706803 -2.190988 -1.83196 -2.83124 -2.686008
-2.779196 -2.600427 -2.596187 -2.299254 2.59381
2.454836 2.425065 2.659344 -2.907655 2.630117
2.47208 2.49159 -2.390823 2.229151 2.391916
-2.27012 -2.893034 2.40546 -2.542841 2.645803
-2.912685 1.862803 -2.075766 -2.469781 -2.673294
-1.757732 -1.376067 -0.5880991 -2.158514 -2.83124
-2.151036 -1.836726 -2.718085 -2.542841 -2.109799
-2.87859 -1.932255 -2.34867 -2.327975 -2.55417
-2.387026 2.872302 -2.259591 -2.434216 -2.735555
2.281745 2.72096 2.411423 -2.728151 -2.683371
5.321487 2.397142 -2.848451 -2.646069 2.418436
2.398162 -2.645501 -2.522285 2.541415 -2.672612
2.579267 -2.579164 -2.344382 -2.503857 -2.562651
-0.2740094 -1.958762 2.387026 -2.814762 -1.916439
-1.666126 -1.378705 -1.678847 -2.658559 -0.8108421
-2.539981 -2.769216 -2.797992 -2.466596 -2.056697
-0.713296 -2.729523 -0.3374025 -2.37508 -1.67665
-2.16465 -1.832407 -2.593973 -2.542841 -1.360032
-1.400396 -2.737103 -1.983044 -1.362083 -1.932255
-2.274976 2.097386 2.50403 2.107624 2.834854
2.376863 2.327039 2.294071 1.933653 -2.274646
1.883113 -2.507731 -2.34867 -1.732473 -2.268115
-2.287156 -2.089403 -2.595926 2.15324 -2.250441
-0.6838603 -2.363471 -0.8883992 -1.958848 -1.911327
-2.129424 1.993935 2.209521 -2.166851 -1.611919
2.032632 2.099612 1.77491 2.298907 2.531277
2.509028 1.970309 2.746648 1.718449 2.151594
1.871952 1.994195 -1.459556 -2.927334 -2.309819
-2.311629 -2.486917 -1.666126 -1.717415 -3.129201
-2.410294 2.101605 -0.780413 2.198748 2.447397
-1.538665 -0.4167615 -1.964649 -1.933653 -1.658465
2.122677 -1.530165 -1.540561 -1.882457 -2.181831
-2.666077 -2.920817
