2.256591 2.31811 2.544332 2.64896 -2.597094
2.420602 2.237039 2.914001 2.67679 2.702636
2.391026 2.398205 2.382668 2.355211 2.622946
2.847517 2.998267 2.923512 5.174895 2.324051
-3.036857 2.580322 2.873532 2.560833 2.846761
2.483984 2.683888 -2.318129 -2.498318 -2.465477
-2.90405 2.01627 -1.637324 -2.486274 2.46925
-3.027765 -2.384876 -2.379896 2.304747 2.781823
2.678715 2.560647 2.418398 2.199647 2.28823
2.627338 2.784003 2.392797 2.417203 3.036857
2.064473 2.082617 2.427957 3.270824 1.996407
2.581004 2.741953 2.498279 -2.591644 2.418118
-1.883117 -3.262518 -2.215819 -2.50943 -2.847517
-2.737324 -2.402436 -2.578054 2.427641 -2.146732
-2.527916 -2.469855 -3.160229 2.477269 2.133998
2.020587 2.763468 2.52596 2.448509 2.169641
2.189747 2.189148 2.295039 1.84807 2.594146
2.491524 -2.217626 2.065323 -2.002084 2.818141
-2.17906 -1.876788 1.74227 -2.514573 -1.799387
-2.151644 -1.764521 1.841987 -2.378514 1.828033
1.727498 1.981812 -1.775693 2.495595 -2.450572
2.360215 -2.241641 1.779248 1.96036 1.726055
1.816721 1.737651 -2.235449 1.715292 1.533413
1.553454 1.613064 1.968684 1.816141 1.693966
1.819804 1.808752 1.789762 1.566709 1.638941
1.890688 1.809634 1.893684 1.390941 1.704823
1.781616 1.954834 2.072212 1.531977 1.63891
2.17711 1.881172 1.821873 1.977346 1.56008
1.68913 1.456523 1.452822 1.758796 1.77187
1.33001 2.09526 -1.515363 1.851615 1.579738
1.59952 1.603612 1.839417 1.350377 1.739163
1.767308 1.735238 1.476239 1.772044 1.872917
1.750048 1.701679 2.110461 1.575592 1.681675
2.125259 1.530519 1.654024 1.529146 1.994555
1.59068 1.87238 1.879558 -2.395373 -1.670526
1.987505 -1.825463 -2.633644 -1.546085 -2.235449
2.183588 -1.646622 -1.737183 1.835869 -1.799387
-1.862969 1.762809 -1.628736 -1.572296 -1.519439
1.679732 -1.815434 -2.063521 1.638987 1.638987
1.841987 1.977346 -1.707173 1.604018 1.526305
-1.99347 -1.664763 -2.392645 1.687306 1.664597
-1.868361 1.871553 1.607158 1.607158 -1.931416
-1.758525 2.147572 1.679274 -1.929609 1.988358
1.705315 1.63816 1.63816 -1.758308 1.654024
1.686742 -1.809506 -1.751818 1.631119 -1.667027
-1.632811 1.950825 1.581566 -1.749683
