3.068959 -2.827008 -2.827008 -2.874507 3.291887
2.896071 3.481118 -2.946996 2.96649 2.935017
-2.939841 2.407096 3.01223 -3.084721 -3.00016
-3.00016 -2.950892 -2.74747 3.010756 -3.010756
-3.010756 -3.010756 -3.26052 2.845839 -1.881871
-1.6433 -3.111246 -2.925532 2.768745 2.737318
-2.737318 -2.338377 -2.867893 -2.916154 -3.273143
2.811022 -2.685295 3.036613 -2.700433 2.903527
2.903527 3.156775 -2.692383 2.811713 -2.811713
2.69214 2.69214 2.747516 2.747516 2.993243
-3.126512 2.688527 2.818819 -2.898435 2.972778
-2.751739 2.75358 -2.803046 -3.251145 -2.907022
-2.461386 2.631828 2.631828 2.631828 2.58207
2.58207 2.627854 2.598718 2.524936 -2.524936
2.905801 3.182188 3.182188 2.720314 2.353137
-2.566147 -2.887683 2.761783 -2.507637 2.787791
2.752788 2.532998 2.769577 2.734496 -2.734496
2.724141 2.82235 -2.930381 -0.1836569 -2.631828
-2.631828 -2.833584 -3.039289 -1.264399 -2.987962
-0.6106615 -0.3596388 -5.502891 -2.999738 -0.9408103
-2.483297 -2.737318 -0.6249469 1.006135 -1.536349
-0.3269269 -0.3668823 -2.297979 0.2846626 -1.965925
-0.2311492 1.68758 -2.93845 2.93845 -2.295362
-2.61788 -2.228165 -2.527965 2.303246 2.361125
2.300011 2.381008 2.517997 2.930032 3.09399
-2.813273 2.453447 -2.752267 2.349892 2.349892
2.453789 2.453789 3.204292 2.614087 2.616426
-2.265372 -2.12465 2.365359 2.365359 2.439121
-2.439121 -2.260669 2.33247 2.78178 2.863379
2.663149 -2.663149 3.2133 -0.8550128 -3.1395
-0.4728272 -1.635535 -3.027052 -0.619854 -1.35637
-0.2184902 -2.113041 0.7655086 -2.547905 -1.633085
-3.18674 -0.4266218 2.456325 -2.456325 -2.456325
-0.3020562 -0.4212981 -0.1974967 -0.2705614 2.813273
2.813273 2.813273 3.182188 -0.6144193 -2.479315
-2.479315 -2.217288 -2.194687 -0.481462 2.864537
-2.864537 -0.5012476 -2.371137 -2.371137 2.339779
-2.339779 2.645137 -0.2523563 -0.2523563 2.48085
2.570575 -2.570575 -0.2005359 -0.4565396 -1.979441
-0.4010602 -2.185414 1.868143 -0.6218766 -0.8184642
-0.473227 -0.354194 -0.9526481 -0.624017 -1.930572
-0.2839591 3.025491 -0.4562703 -1.744538 -1.977276
1.95764 -2.48925 2.402199 2.402199 -2.128569
2.114934 -1.01695 -2.389622 -2.910686 -0.6241504
2.169176 -2.169176 2.705913 -0.8568378 2.703202
2.537306 -0.3981559 -2.351356 -2.351356 -0.3045327
-0.6240567 -2.663149 -1.275041 -0.5488541 -2.450143
-2.574276 -2.413568 -2.473575 -2.473575 2.225483
-2.285909 -1.893236 -2.81983 2.35851 2.740409
2.56287 2.034689 2.2917 1.954943 2.517211
2.056951 2.517878 2.500019 -2.627153 2.758156
2.492566 2.83731 -2.795497 2.664971 2.567498
2.695145 2.695145 2.695145 2.695145 2.695145
2.695145 2.695145 2.318152 2.328452 2.923561
2.524644 3.068735 2.869114 2.124891 2.568945
2.134372 -2.134372 1.716591 2.649699 2.930952
-2.930952 -2.930952 3.046221 1.969658 2.33247
2.159236 1.986042 2.356438 2.087629 2.087629
-3.200352 2.624169 2.055626 -2.650688 2.102938
2.821207 -2.821207 2.697661 2.090043 2.437043
2.85519 2.716899 2.32389 2.212613 1.670286
-1.670286 -1.670286 -0.3104803 -2.473575 -2.312137
2.230688 -2.230688 0.4346222 -0.4346222 2.17061
-2.432366 -2.432366 -2.432366 -0.6227214 -0.6227214
3.18674 -1.13134 -0.3801387 -1.243104 -0.5589168
-2.45177 -0.3612183 -2.198095 -1.5539 -0.4389605
-2.690512 -1.864679 -1.864679 2.501906 2.501906
-2.501906 -2.501906 3.182188 3.182188 3.182188
-3.182188 1.91032 -1.018518 -2.100759 -2.259971
-2.259971 -1.905279 -2.902354 -2.902354 -1.217066
-0.3265499 -0.5814268 -1.399759 -0.3132381 1.967108
-2.422614 -2.422614 -0.1825936 2.9516 2.09503
2.09503 -2.09503 2.657831 1.274232 -1.274232
-2.393192 -2.393192 2.393192 2.393192 -2.393192
-2.393192 1.826429 -1.936707 2.195746 -2.195746
-0.8666169 -1.986364 -0.3174865 -2.700134 -1.751314
-1.046904 1.615344 -0.6742943 -1.188082 -1.188082
-0.4591549 6.083441 -0.4075087 2.175849 -2.338122
0.7326025 -0.7326025 1.378933 -1.802194 -2.832855
-2.053758 2.332871 -3.060559 3.060559 3.060559
-2.330933 -1.788824 -2.373546 -1.843145 -1.481635
0.5651372 -0.2374659 -2.558679 2.558679 1.912088
1.912088 -1.668568 1.907747 1.907747 1.853821
1.853821 1.583039 1.583039 -1.583039 2.012894
-1.830789 1.825925 1.664495 1.685656 -1.848531
2.339437 1.850474 2.036174 1.87751 -1.977966
-1.747826 -1.919177 1.937135 1.639018 1.796746
1.452116 2.455518 1.583471 2.323155 2.079952
1.858875 1.41506 2.210672 -1.926111 2.229429
-2.229429 2.322478 1.543272 1.543272 1.940651
1.940651 -1.940958 2.158995 1.840428 2.207649
1.860941 2.294791 1.850868 2.01157 -2.01157
2.171621 -1.860001 -1.587848 2.168128 2.069899
1.295102 -1.726045 1.63841 2.103683 2.016057
-2.016057 2.218065 1.786226 2.120579 2.120579
-2.120579 1.793595 1.718488 -1.923235 -1.747784
2.216696 2.231694 1.898736 2.074628 2.074628
2.288998 -2.069921 2.120892 2.097101 1.482975
-2.106376 2.161189 -2.446496 1.884553 1.809664
-2.200952 -1.702194 1.230901 1.659976 -1.836644
-1.836644 1.51982 -1.870674 2.399921 2.399921
-2.399921 2.265375 2.265375 2.265375 -1.636851
2.297925 2.753151 1.798913 1.798913 1.798913
2.234511 1.328175 -1.328175 2.356093 1.956292
1.455021 1.564523 2.595252 1.843905 2.178357
2.925418 -2.925418 2.084812 2.095605 1.16479
2.271858 2.271858 0.6452481 -1.757053 -1.757053
-1.124702 -2.08544 -1.861159 1.620896 2.336038
2.336038 2.336038 -0.5273758 -1.978151 -1.747826
1.495026 2.543937 1.886035 1.235115 -2.198095
-0.3284177 -1.059042 3.182188 3.182188 1.500964
-1.67862 -1.917623 1.917623 -2.186996 2.348152
0.5911575 -1.37879 2.285806 -2.285806 -2.285806
1.816703 0.6555107 -1.247901 0.4240056 -0.6200253
-1.559116 -1.288262 -0.4187813 0.7021411 1.868143
-1.868143 1.522585 -0.7896714 -0.620669 0.7106787
1.603758 2.141739 2.141739 -0.5817668 1.770714
2.435906 -2.435906 -2.435906 1.156416 -0.270352
2.065074 2.302795 -1.840925 -1.624431 -1.559383
-1.559383 -1.378933 -0.7013921 -1.302963 -2.183007
-1.057446 -1.956292 -1.645441 -1.309752 2.053892
-2.053892 -0.4973089 -1.807578 -0.3790174 -1.788824
2.099615 -2.085953 -2.085953 -2.085953 2.437043
-2.437043 1.534955 -1.08094 -2.063822 -1.813234
-0.3436733 2.558679 2.092012 -0.5235479 1.696411
2.207193 -2.046399 1.760508 -2.435221 1.901329
-1.901329 -2.043523 -2.043523 1.994127 2.163192
2.084338 2.084338 2.336038 2.336038 1.994742
2.379471 2.379471 2.379471 -1.713189 -1.874218
1.881498 2.069509 2.03808 2.062056 2.35438
-2.35438 -2.35438 -2.096191 1.694753 1.932429
2.19142 -1.659232 -1.659232 1.856209 -1.70563
-1.70563 2.133185 -2.133185 -2.133185 1.921068
2.217153 -2.217153 1.788076 1.788076 -0.7786095
1.960092 1.960092 2.000174 1.894287 2.03742
1.960342 1.794333 1.924421 1.902445 -1.894757
-1.888955 -1.888955 -1.888955 2.346114 -2.346114
1.722043 -1.911588 1.768588 1.768588 2.112817
2.112817 2.760264 2.007743 -1.776032 2.557904
1.971546 1.754874 1.867533 1.797517 2.140962
1.942348 -1.921285 1.985296 1.866388 1.866388
1.941408 1.650885 2.150206 1.518244 1.624973
2.083186 -2.119843 1.8105 -2.175243 1.479579
1.626252 2.075775 2.326607 2.591813 2.39282
-2.39282 -2.39282 -2.39282 -2.39282 -2.39282
-2.39282 2.111198 2.111198 1.684147 1.8702
1.978798 2.06875 1.685298 1.950907 1.813483
-2.1154 -1.719503 1.80966 1.837992 2.135599
1.89678 2.141487 1.79208 1.79208 1.79208
2.304897 -2.304897 -2.304897 2.195122 2.146263
1.820579 1.80564 2.170297 1.972 1.672009
2.18026 1.987322 2.457007 -2.054376 1.651382
-1.651382 2.083263 -1.926023 1.849075 -1.873879
-1.933698 0.3010655 0.3010655 0.3010655 0.3010655
1.960042 -1.960042 2.371728 -2.371728 1.964199
1.944138 2.053933 2.053933 2.053933 1.970151
2.057903 -1.000322 -2.190214 2.167254 2.062258
1.902838 -2.192744 1.740164 1.740164 1.740164
1.819526 1.68006 1.836066 1.839636 1.839636
1.827479 1.777161 -2.111621 -2.054143 1.957862
-1.957862 -1.957862 1.902035 -2.313626 -0.5250507
-1.954699 -1.954699 1.965661 0.3240614 -1.782756
-2.172597 -2.172597 2.142676 2.093764 2.174672
2.432366 -0.9878235 0.6426643 0.6426643 -0.3318426
-0.3318426 -0.3318426 -0.3318426 -0.3318426 -0.3318426
-0.3318426 -2.288863 1.932429 -1.666864 1.445853
-1.561634 -1.826328 -1.636168 -0.7786095 -2.0489
-1.539501 2.703017 -2.703017 -1.646147 1.005772
-0.8540829 -0.2397991 2.024331 -1.487989 1.299377
-1.04176 2.210672 2.210672 2.210672 -0.8318267
-2.656287 2.348152 -2.348152 -1.999874 1.999874
-1.76428 -1.76428 1.933978 1.840428 -2.009161
0.86652 -0.86652 -0.6076683 1.971546 -1.971546
2.188206 -2.188206 -2.188206 -1.247901 -2.055074
1.798668 -2.162711 -0.6320409 1.941408 -1.941408
-1.400606 -1.400606 -0.2974139 0.7021411 -0.9387393
-1.552017 1.164704 2.013563 1.069991 -1.688017
-2.210907 -2.210907 -2.024727 -1.920991 -1.920991
-2.129131 1.787059 -2.849658 2.1154 0.8758059
-1.607774 -1.641992 1.48054 0.3594064 1.672009
-0.3497154 -0.5445677 -1.054977 -2.242428 -1.660911
-1.490203 -1.490203 2.00843 -2.00843 2.399921
-2.399921 -1.509631 -2.13913 -1.559383 1.559383
1.559383 -1.559383 -1.559383 -1.559383 -1.559383
-1.470297 -1.123382 2.057903 1.956292 -1.482823
1.300172 1.938973 1.970933 -1.766738 -1.788824
-1.456605 -0.2449663 0.6417556 -2.85519 -2.044695
2.044695 -2.044695 1.729367 -2.485174 -1.477233
1.545963 -1.545963 1.902035 2.130787 2.203585
1.749376 1.637051 1.677686 1.623234 -1.623234
2.186997 -2.081545 -1.474928 2.252386 2.020429
-1.469689 -1.543908 -1.543908 -1.543908 -1.543908
1.527597 2.048216 2.169293 -2.181742 -2.451387
1.959885 1.964413 1.673465 -1.673465 1.832399
-2.013683 2.787807 2.055074 -2.055074 -2.113662
1.792779 1.680112 3.063824 -1.826429 1.978886
1.593981 1.491273 1.171281 1.816934 1.343192
-2.419502 -1.710717 1.928654 2.027201 1.434632
1.153328 2.149742 1.467654 -1.654779 1.994394
-1.994394 -1.994394 -1.994394 -1.994394 -1.82367
-2.051045 -1.749376 1.152329 -2.172597 1.858375
1.166681 -1.166681 -0.7425293 -0.9897458 1.666864
-0.8055567 0.3427965 -1.948138 -1.808176 -2.656287
2.68457 -2.68457 0.2934204 -0.985967 -0.985967
0.2841595 -2.098605 -1.858008 -0.2491359 -1.000322
-1.800418 2.037139 2.114775 -1.957862 1.139617
-0.8437592 1.084132 1.031149 1.19375 0.5237172
-0.9146822 0.5512934 -1.163779 -1.163779 -1.163779
-1.163779 -1.163779 1.178021 0.3090942 1.62597
0.2660645 0.2660645 0.2660645 0.2660645 0.2660645
0.2660645 0.2660645 0.2660645 0.2660645 0.2660645
0.2660645 1.600738 -2.15163 0.7980131 1.107412
0.3010655 0.3010655 0.3010655 0.3010655 -1.472358
-1.527447 0.5222868 0.8343416 0.8343416 -1.286999
1.34854 1.302302 0.3512652 -0.3214696 0.5700526
1.770987 2.216445 1.020438 0.5281466 0.6238646
0.6258831
