-2.966937 3.014178 2.923811 -2.306974 3.048372
2.857635 -2.833765 2.86111 2.914934 2.699769
2.966026 -2.47908 2.81183 2.551529 5.471135
2.473101 2.570316 2.599842 3.190729 2.861687
3.171347 -2.544501 2.933278 2.514917 2.63226
2.899392 2.738256 2.63241 3.004584 2.553112
2.763924 2.814263 2.644094 2.552341 2.719376
2.818707 -2.830698 2.691215 3.148065 2.894189
-0.3387007 2.570316 -2.599842 2.419376 -1.214278
-3.001091 -2.792499 2.933373 -0.9296726 -2.932869
-2.885817 -2.570371 -2.780921 -2.837643 2.568876
-2.08783 -1.981519 3.171076 -2.891842 -2.772784
2.553112 2.238911 1.927403 2.443285 2.688759
2.9501 2.504079 2.463108 -2.43134 -2.765237
2.317253 2.521394 2.138521 2.129746 -2.116113
1.889377 2.206761 2.704143 1.891563 2.067297
-2.366322 2.314601 -2.861853 2.661614 -2.44291
-1.617492 -2.466178 -2.502431 -2.616533 -2.402388
-2.370812 2.139823 2.765293 1.920421 -2.341718
-0.9922269 -1.994751 -1.93681 -2.119568 -2.223464
-1.830159 -2.50831 -1.525676 -1.438593 -2.746973
-3.049337 -2.329035 -2.137397 -2.07546
