-3.539182 -2.29349 2.111513 1.133015 1.123533
1.679912 1.259077 1.096738 1.615833 2.114306
2.01203 1.34509 2.0581 1.271573 1.380853
1.543037 1.477507 1.7445 1.459322 2.133924
1.757228 1.266392 1.435905 1.323371 1.671223
1.905506 1.574807 1.348582 1.634675 1.396606
1.271066 1.562226 1.653757 1.842096 1.848811
1.404424 1.76361 1.33851 1.124722 -1.310101
2.537987 1.259077 -1.726627 -1.798983 1.798983
-2.271529 1.336558 -2.448068 1.543037 1.422328
-1.323571 -1.275316 1.275316 1.157271 1.157271
-2.29349 -2.416953 -4.374116 -1.810909 -2.73258
1.807415 -2.344166 -1.624282 -1.445445 1.877878
1.495382 -1.124722 -1.160204 2.190895 -2.106167
