3.18032 3.296812 3.038184 2.873072 3.03956
2.700872 2.610935 3.337676 2.990145 2.687339
2.735862 2.81422 2.859131 -2.742164 -2.824282
-2.873072 3.03956 2.072554 -2.476283 2.35283
2.399257 1.335349 2.763278 2.291116 -2.333114
2.588968 2.608571 2.101406 2.375809 2.465698
2.308223 2.274016 2.47216 2.804627 2.392795
3.102156 2.910903 2.836756 2.610935 -2.409658
3.337676 2.818305 2.618471 -3.019242 -3.019242
2.015487 -3.042478 2.578132 -1.898232 -2.256985
2.575672 2.529391 2.447439 2.324865 2.012407
1.89549 2.351355 2.524907 2.443821 2.046498
1.924188 2.457848 2.280833 2.191913 1.930189
-3.196298 2.757459 2.165768 2.119538 -2.316356
2.597895 2.766684 2.71147 2.194049 2.143329
-2.099767 2.420941 -2.987628 3.337676 2.101406
2.101406 3.019242 1.591076 -2.976058 2.319574
-2.387429 2.072572 -2.337316 1.986089 1.64278
1.568351 1.925521 1.917924 2.486177 1.56168
2.188226 1.923157 2.322436 2.617138 1.893891
1.723982 1.552128 1.824361 2.077645 2.085407
1.82227 2.298156 2.0334 2.418548 1.958377
2.007043 2.328701 1.337938 1.775624 1.775186
1.797332 1.91666 1.917924 1.816903 -3.337676
1.770939 -2.457685 1.652213 2.397492 -2.257126
2.328701 -1.770804 -2.206207 -3.005129 2.766684
-2.337316 2.086738 1.475238 1.626739 1.627062
1.458027 1.622251 -1.761272 1.441855 1.337214
1.661644 2.669008 1.91963 1.635458 1.819917
1.633372 1.704561 1.704561 1.542831 2.635809
1.847055 1.677301 2.296696 1.46963 -1.558883
1.462647 1.539052 1.500826 1.641291 1.52566
1.486697 1.734995 1.794573 1.780779 1.471686
1.685215 1.346233 1.235079 1.339984 2.116607
1.32915 1.54432 1.696622 1.94538 1.397038
2.049457 1.616361 1.585404 2.298468 1.803947
2.047411 1.57623 2.141284 2.146692 1.475977
1.544063 1.3715 1.67549 1.813977 1.53488
-1.387397 1.747999 1.63891 1.794052 1.378353
1.419753 1.771952 1.529639 1.910547 2.00759
1.75047 1.671436 1.493889 1.902855 1.849016
1.939563 1.56344 1.426761 1.548037 1.787979
1.659582 1.841097 1.582879 1.952991 -1.726494
1.446592 1.842392 1.595503 -1.856016 1.91963
-1.589432 1.726377 1.633372 -1.553035 1.819074
-1.595099 1.376439 -1.434299 -1.513657 -1.669661
1.754566 1.640486 1.730561 1.552128 1.525277
1.525277 1.738634 1.823458 1.930556 -1.710283
-1.536439 -1.477121 1.491015 -1.387397 -1.841548
-1.792575 1.519982 -1.653014 -1.67443 1.544787
-1.337938 1.644813 1.715161 -1.649884 -2.766684
