1.071929 1.738113 1.624359 1.818116 1.838283
1.602655 2.02085 1.864671 1.864671 1.525572
1.61345 1.825257 1.708812 1.697601 1.846086
1.713858 1.50292 2.018888 1.372143 1.536014
1.428519 1.53128 1.552873 1.881028 1.262347
1.690363 1.88782 1.526247 1.417275 1.618002
1.63656 1.397141 1.556066 1.577194 1.586831
1.912476 1.746119 1.761189 1.821435 1.594764
1.698739 1.807562 1.698259 1.687268 1.578071
2.108298 1.86664 2.199071 1.78445 1.636358
0.4166132 1.98465 1.071929 1.204354 1.960937
0.7244004 1.312308 1.964971 1.761433 1.397147
1.267265 1.727823 1.581431 1.758346 0.9143584
1.575804 1.22956 1.626588 1.577957 1.575116
1.351723 1.991372 1.624859 1.537706 1.547994
1.527813
