1.47156 1.510681 1.929271 1.905288 1.751616
2.017928 1.099196 1.29034 1.954095 1.557845
1.774339 1.868005 1.657936 1.796218 1.68612
1.881977 1.726833 -1.912683 1.912683 2.106768
-1.999839 0.4598702 1.009203 0.4590692 0.9734331
1.685745 1.241778 1.835433 1.168106 1.035532
0.9044591 1.073155 1.422238 1.282943 1.282851
0.7896528 1.168007 0.8943 1.33804 0.6818914
1.881721 0.8410858 1.60055 3.154945 1.396611
1.677248 1.532708 1.958863 2.214385 2.214385
0.3267941 1.254091 1.160708 0.7170567 1.812436
0.5943624 1.533046 2.009189 0.3801265 1.462516
1.444758 0.8776753 1.580114 2.006274 1.645965
1.369471 0.5212323 0.8841867 1.317838 0.613985
0.7813277 1.548932 1.06461 0.2031468 1.349488
0.3240784 2.129019 1.412456 0.7301291 1.648709
1.48651 1.199231 0.6435949 0.1413459 0.4202704
-1.079481 0.8781171 2.170319 2.031239
