1.319855 2.130481 1.477546 2.29884 1.940059
1.892837 2.768741 2.077474 1.23766 1.307707
2.277692 1.967302 1.146907 2.402733 1.920051
1.473647 1.549214 1.626567 3.142877 2.614885
1.456063 2.596006 1.509895 -3.173898 2.635481
-1.975019 -1.138002 1.188195 1.485775 1.377024
1.10934 1.771973 1.334739 1.539859 1.031115
1.462974 1.782512 -2.090775 1.75945 1.456442
1.27121 1.350883 1.352971 2.719919 1.352298
1.401464 1.223107 1.663702 1.456003 1.634668
1.584904 1.69513 1.612926 1.705942 1.779745
1.737167 1.226954 2.520107 1.774251 1.570249
1.624139 -1.453557 1.19964 1.225634 1.33824
2.110627 1.556608 1.334769 1.190113 1.444873
1.742618 1.06551 1.182281 2.034142 1.413098
1.140014 1.924785 1.393856 2.446907 2.034973
2.51284 1.249236 1.418823 -1.507858 1.474822
1.320602 1.347336 1.287539 1.498465 -2.053076
1.160579 1.477546 1.48379 1.099902 -1.595692
-2.09392 -1.509895 1.227438 -2.418659 -2.531758
-2.18707 1.590283 -1.760202 1.146907 -1.991309
-1.413386 -1.545079 -1.655403 1.837493 1.613304
1.626567 1.188195
