-1.778624 1.526852 0.9322981 1.142934 1.225512
1.088951 0.9437255 1.417039 1.329536 1.405603
0.8242543 1.112519 0.8763916 1.37158 1.41592
0.9358939 1.467238 1.309696 1.235666 1.91899
-2.78176 -1.454934 -1.163062 0.9230728 0.9524888
1.16755 1.621784 0.8916475 1.172237 1.091679
1.610885 1.190689 1.381233 1.514515 0.9457471
1.132263 1.584488 1.025675 1.638987 0.9458229
1.034323 1.012905 1.222209 1.031945 0.9691502
1.274068 0.8614087 -0.9371596 -1.687606 -1.114447
-1.5822 1.226605 1.830343 -0.9930862 -1.832749
-1.740425 -1.662411 -2.57507 1.440158 0.8177031
-1.298704 -1.090835 1.172082 -1.778624 1.203389
-1.043805 -1.169989 -1.132747 -1.523029 0.8883744
-1.022159 -2.043483 -1.862967 -1.454934 -2.729382
-1.64397 -1.3376 -1.282699 -1.943904 -1.431248
-2.216698 -1.6034 1.617115 -0.8691959 0.8691959
-2.635112 1.025675 -1.503516 -1.613067 -1.833625
-1.52727 -1.109161 1.529453 1.197077 -1.012905
-1.809384 -1.325342 1.247701 -1.391137 0.9778463
-1.092446 -1.321629 -1.42108 -1.355882 -2.504671
-1.398806
