2.875355 2.79507 2.9265 2.298817 3.255491
2.211553 2.249833 3.199379 2.852241 2.64551
2.573717 2.420067 2.458812 2.380208 2.748177
2.783803 2.867343 2.362936 2.779806 -2.080266
2.14635 2.210375 2.469753 2.184092 2.213952
2.840713 2.277888 2.566128 2.79076 2.770974
2.836211 2.348578 2.558231 2.692654 3.02845
2.564999 2.662461 2.854309 1.999576 3.04822
2.598186 -2.518832 3.153833 2.32112 2.286165
2.317233 1.926628 2.372125 2.689457 2.852241
2.852241 1.955515 2.453685 2.949586 2.476825
2.251919 2.242424 2.005756 2.198095 2.595097
2.396216
