2.362677 2.257679 2.229942 1.753899 2.067516
2.312039 2.209553 2.138386 2.088204 2.462968
1.961304 2.740984 1.834005 2.426449 -2.016891
2.342366 1.702657 -2.010613 1.798704 2.344635
1.990394 1.699203 2.130158 4.347997 2.156608
1.923717 2.424232 2.312948 1.799754 1.847732
2.247469 2.169031 1.776665 2.538787 2.751644
2.384227 2.031678 1.717097 2.289873 1.80567
2.050169 2.560179 1.962193 1.491431 -2.104352
-2.426449 2.2704 1.773293 2.312039 2.254645
-1.922158 1.841295 1.827455 1.986187 4.926928
2.190219 2.136011 1.865338 1.975909 2.057235
2.400002 2.490034 3.498353 2.180453 2.771602
2.006484 1.946384 2.247469 2.163125 2.458932
2.347621 1.936986 2.551206 2.470174 2.116784
1.869666 2.613384 2.145134 2.333077 2.221554
2.059122 2.019312 2.133004 2.043608 2.07902
2.393365 2.31737 2.487356 2.376876 2.067022
2.073644 2.247774 2.130158 1.70134 2.356935
2.057235 1.747348 -2.744546 1.863175 2.307461
2.699859 2.344422 2.36361 1.650718 2.384227
1.909178 2.441922 2.24019 1.730138 1.87729
2.283168 1.737358 2.021829 2.071479 1.963308
2.27628 2.114468 1.876839 2.635503 1.730749
2.097624 2.524563 1.940044 2.302686 1.775704
2.725927 2.356285 2.703574 2.309475 2.006981
2.04891 2.561384 1.872085 2.345762 1.845675
1.72634 1.743472 1.969762 2.05557 1.770951
2.068321 2.560704 1.73882 1.684806 1.784407
1.797103 2.470126 2.653181 1.839949 1.853547
2.543039 1.674276 1.636176 1.618479 2.335683
2.346598 2.280569 2.753163 1.919508 3.328313
1.763507 2.151696 2.144497 2.307333 2.167395
2.470971 2.058873 1.594078 2.315119 2.168896
2.026639 2.39013 3.012393 1.737814 1.640714
1.714697 1.693922 2.041192 1.86546 1.509457
2.445158 1.963308 2.460739 1.975909 1.975909
-1.68073 1.746102 1.763759 1.658818 2.703574
3.498353 2.006981 2.234201 1.952787 1.952787
1.654524 2.307461 2.37066 1.762483 2.551206
2.551206 2.057978 1.703985 2.107436 -2.206183
1.929488 1.574114 -1.610871 1.903709 -1.68337
1.718147 1.752709 -2.804621 1.777803 2.39013
-2.058186 2.376876 1.856013 2.023746 1.403176
1.86546 1.47155 2.315485 2.016102 2.013694
2.177706 2.151996 2.078281 1.788401 2.127493
2.226461 2.018223 2.130218 1.992152 2.846871
1.868672 2.088836 2.048766 1.722022 1.78852
-1.849418 1.674276 1.636176 -1.772669 1.937568
2.478795 2.127181 1.403176
