2.33225 -3.530734 2.466909 -2.727839 2.363846
1.854162 -2.113939 2.302639 2.481861 2.093491
1.846017 -2.819385 1.524893 2.170922 2.349728
1.854162 -2.727839 -2.803838 -1.897258 1.629123
1.62078 1.077492 1.268712 -2.167624 1.918773
1.802266 2.285107 1.134943 1.871783 1.677567
1.59366 1.508097 1.562609 2.421091 1.175706
2.030212 1.447995 1.841757 1.227486 2.809978
1.597281 1.640207 1.528384 1.554934 1.466494
1.703139 1.165565 1.506383 1.893582 1.471306
1.026653 1.961081 -1.993615 1.139126 -1.541096
-3.229637 1.854162 -1.690956 -1.419194 1.200252
1.200252 -1.570997 1.835441 2.106641 -2.223714
2.692703 2.138486 1.713794 1.284121 2.531271
1.493359 1.448608 1.476016 -2.840773 1.548594
1.219792 1.745118 -2.500247 1.297292 1.438288
1.102298 1.377319 2.038023 1.339369 1.761916
1.25426 -1.252366 1.790829 1.702311 1.778106
1.276013 -1.510349 -1.4346 1.060591 -2.657924
1.506882 -2.443904 -2.291084 2.291084 -2.461027
-2.045868 -1.471375 -2.835056 -1.398332 -1.724548
1.533296 -1.945942 -1.885812 2.378703 1.580732
-2.181867 -1.806478 -1.893582
