1.492396 1.402718 2.291634 2.276892 1.704255
2.070355 2.158474 2.157598 -1.751977 2.135283
2.065595 1.942572 2.152796 1.397825 1.20553
1.360529 1.750866 1.917651 2.316933 1.973563
1.924408 1.282668 1.736625 1.253293 1.464969
2.094902 2.305588 1.441246 2.775492 2.234705
1.280811 2.172586 1.922641 1.547916 1.718777
1.393534 -1.8331 2.344729 -1.582006 1.425888
-2.568616 1.506163 1.727533 1.727533 -1.304913
-2.253636 -1.900724 -1.643021 2.008822 1.90899
2.071806 2.334205 2.182003 1.974273 1.649272
1.90774 1.418567 2.114291 1.833685 1.781384
1.59998 -2.067726 2.158474 -1.534844 4.036847
-1.796213
