2.590027 -2.084898 1.952894 -1.975822 2.068235
1.094753 1.385201 1.790318 1.955948 -2.044942
2.421346 -2.474603 -1.971087 2.208887 1.635848
1.461237 2.043928 1.745943 1.681353 1.861551
2.598469 2.014881 -2.10804 1.809845 -1.895715
2.405604 -2.054705 2.047577 -1.866965 -1.758663
1.573372 -2.241388 2.039806 2.997815 2.997815
-1.783864 -2.530912 -1.790318 -2.589566 1.883525
-1.99075 -1.810642 -2.348628 -2.606497 -1.957442
-1.957282 -2.32394 2.047577 -2.85235 1.841432
-2.09143 -1.900942 2.841528 1.975231 2.057102
2.068473 -2.016045 -2.075679 -2.214453 1.5238
