2.453355 1.625201 1.685773 -1.955546 2.153575
1.317007 1.309118 1.61971 1.94233 1.503911
-1.590193 -2.449479 -1.865219 1.280374 -2.153602
-1.760054 1.121178 -1.687204 4.669823 1.594835
-1.705613 -1.87625 1.761884 2.284284 1.95563
1.742084 2.056696 1.944726 1.663028 -2.701031
1.325823 1.955546 2.184579 1.953951 -1.449212
1.44504 2.645802 1.411214 1.173304 1.725939
1.383307 1.976386 2.538114 -1.68845 -1.642271
1.589101 -1.72602 -2.167362 -1.354189 -2.051735
2.93316 1.067156 1.678871 -2.816706 -2.104745
-2.089741 -1.199983 -1.783516 1.287516
