3.108687 2.849645 2.33349 2.822219 2.639046
2.607654 2.487773 2.848937 2.319446 2.405436
2.883867 2.775101 2.531325 2.259412 -2.638087
-2.325372 2.302822 2.955438 2.476402 2.602026
2.555966 2.263631 2.512793 2.65869 -2.613811
2.4015 2.846593 2.431078 -2.968752 2.56926
2.68568 2.283129 2.208475 2.28976 -2.08263
2.306821 2.607654 -2.267622 -2.2215 2.10552
1.763507 -2.261893 2.500332 -2.207617 2.576218
-2.690169 2.50314 2.359839 2.582949 2.315158
2.78208 2.521527 2.464614 2.54977 -2.398856
1.935629 2.10823 5.072162 1.687978 2.343857
2.674157 2.322079 3.580044 2.506085 2.865324
2.363633 2.70576 1.958467 2.604669 2.567694
2.223789 2.256416 2.175319 2.439094 2.507036
2.575436 2.588207 -2.340308 2.161634 4.796115
2.520902 2.838637 -1.55172 2.029872 1.43855
2.531393 1.952023 1.470987 2.167689 1.865122
1.902878 1.700095 2.093832 1.170707 2.487696
1.803773 1.890518 2.369064 2.632127 2.121967
2.041117 2.479205 1.734449 1.58603 1.585422
2.503465 1.102608 1.635353 1.910489 1.784969
1.740109 2.440578 2.46482 2.261813 1.542509
2.838637 1.579013 2.274627 2.130052 2.524553
1.698333 3.248133 1.849568 2.336671 -2.068389
2.267301 2.230685 1.733676 1.623393 1.881199
2.443596 1.537407 2.323037 1.505198 1.31786
2.722533 1.395415 1.388751 1.700095 2.847942
-1.975361 -1.975361 1.361807 1.899493 2.479205
3.580044 1.856208 2.572223 1.369588 2.447002
1.472163 1.945598 2.604669 7.754432 2.838637
1.664085 -1.55172 -1.64808 -2.105343 1.293965
1.396632 2.588207 1.666057 -1.640059 2.127173
-1.337581 1.505198 2.461853 2.355045 1.866383
2.037293 2.074948 2.544704 2.059374 2.728364
1.720397 2.287951 2.089136 2.349893 1.551472
2.236714 1.960564 3.057452 1.935258 1.889427
2.47349 2.392139 2.204569 2.120878 1.79848
2.218439 -1.585422 2.620193 2.309599 1.543052
1.972607 1.615593 1.889427 2.134728 -1.939711
-1.337581 1.31786 2.077334 1.71075
