2.769103 2.907783 3.173707 3.264764 2.748684
2.865961 3.182506 3.013433 -2.655566 2.907783
-2.830209 3.116148 2.640576 2.778637 2.78219
2.861313 2.942515 2.702751 2.803903 2.956658
2.631344 3.116649 2.869418 3.01547 2.690795
3.009056 2.736594 -2.992167 2.813269 -3.029985
2.30785 2.562399 2.86945 3.140432 2.52602
2.34263 -2.838428 2.832448 3.082899 -2.553826
-2.805305 -2.834868 2.503425 2.873293 2.142925
2.647119 -2.379864 2.427553 2.388078 2.003851
-2.503425 -2.035285 2.092406 1.455301 1.63766
1.674066 1.628611 1.590566 1.474253 1.427735
2.776522 1.880905 1.721538 1.648164 1.480405
1.610096 1.493717 1.678083 2.620837 1.765858
1.968994 1.753347 1.643482 1.432175 1.738938
1.551157 1.57148 1.650273 1.726984 2.997135
1.736037 1.550636 1.399443 1.804941 1.67614
1.375256 1.549202 1.797709 1.754349 2.447457
1.783973 1.363478 2.005949 1.404306 2.068438
1.574931 1.96775 1.495988 1.855736 1.740345
-1.986598 2.650522 1.716053 -1.519211 -2.292781
-3.030406 1.523155 -1.627044 -1.677497 -1.970185
2.770069 1.405755 1.380013
