3.089003 -2.265654 -2.725887 2.773356 2.688061
2.108829 -2.552289 -2.426672 1.540366 1.939574
1.931334 1.495305 2.85663 1.728496 -2.67679
1.516907 2.845719 2.286222 1.588083 -2.651564
1.771326 2.416546 2.215249 1.560658 2.055194
3.038294 -2.358595 1.388504 -2.137919 1.507003
2.087799 -1.640388 2.220609 -1.917371 1.657322
-2.50309 -2.277989 -2.664191 1.623382 2.124426
1.943508 1.923979 -2.006116 2.647502 1.641483
1.472981 2.464565 1.2315 2.169157 1.175961
1.168837 1.34329 1.856165 1.120395 1.552362
1.554251 1.76598 2.654513 1.786904 1.224592
1.269528 1.291291 1.708793 1.277944 1.311431
1.029816 1.196817 1.481527 1.199328 2.397915
1.945968 1.743088 1.106574 1.051855 1.218499
1.944749 1.340916 1.286089 1.303675 0.9820006
0.9438276 1.418612 1.106469 1.380095 1.478455
1.141076 1.497009 1.559434 1.677738 1.143742
1.438229 1.074128 -1.69763 1.130449 -2.67679
1.912549 -1.195711 -1.315774 -1.255546 -1.610987
1.388504 1.340313 -1.84014
