-3.170207 2.84635 -2.315774 -2.515471 2.797463
-2.705061 -2.746401 -1.993064 2.216447 2.248252
2.621662 2.707038 2.552597 2.471062 2.32745
-2.666517 2.631814 2.224274 2.519986 1.869851
-2.286865 2.980752 3.085252 2.73791 2.384125
2.113673 2.571083 2.410657 2.379186 2.436239
3.073229 2.447012 -2.602983 2.670039 2.824636
2.284628 3.032416 2.467188 2.253542 2.213555
2.832027 2.84355 -2.462953 -2.890135 2.320812
2.47804 -2.651585 -2.705216 2.750379 2.182044
3.121152 2.702042 2.611174 2.527986 2.751143
2.929393 2.473635 2.884281 2.02173 2.547268
-2.945434 2.73906 2.793908 -2.531497 2.432483
2.573605 -2.763895 -2.280875 2.474064 2.693838
2.241091 -2.077427 3.129787 2.242477 -1.046237
-2.452917 -2.521442 -2.521442 1.76312 -2.399954
-1.997326 2.126772 -2.73791 -3.170207 -2.472265
-2.846734 -2.315373 -2.315373 -2.746401 5.200767
-2.466816 1.799167 -2.832027 -2.045162 -2.093618
-2.302711 -2.138561 -2.763713 -2.808716 -2.055258
-1.974635 2.533455 -2.099132 2.447224 -2.892699
-2.207998 -2.15701 -2.846394 -2.338998 2.826381
2.386837 -2.713333 -2.424583 -2.700129 -2.519459
2.139021 3.004053 -2.587348 -2.924357 -2.902036
2.47909 -2.662023 -2.076051 2.10289 -2.358784
5.140388 2.441841 -2.094276 -2.315373 -2.33787
-2.314363 -2.158727 2.677142 -2.302711 -2.099132
-2.077427
