3.10681 2.838174 2.678664 2.492585 2.16592
2.581771 2.742923 5.054882 2.777993 2.638134
2.435163 2.431388 2.640589 2.620686 2.4089
2.651337 2.302274 2.788585 2.672437 2.296993
2.479402 -2.77887 2.492585 2.446198 2.340272
2.313598 2.641858 3.156386 2.687596 2.828416
2.987123 2.712258 2.553284 2.427551 2.523957
2.822393 2.666758 2.998545 1.927384 5.316533
-2.475505 2.266518 -2.923646 2.510675 2.568121
2.40881 2.685035 2.506591 2.44793 2.705692
2.653039 2.598701 2.690596 2.647119 -1.119366
2.665291 -2.814941 -2.100256 -0.958354 -2.753276
2.644842 -2.897576 -1.86917 -2.122264 2.696493
2.174376 2.224073 2.472838 1.845427 2.308006
2.913125 2.693302 2.747235 2.383373 -2.740663
1.994398 2.44392 2.163401 2.33741 3.007297
-2.595171 2.543099 2.810553 2.341584 2.486473
2.587619 2.754598 2.767792 2.61286 2.442787
2.270484 2.556787 2.352704 2.649239 -2.574779
-2.386799 -2.313598 -1.614992 2.246411 -2.024379
-3.156386 2.685232 -2.640589 -1.140437 2.822393
2.822393 -1.803231 -2.753276 2.475376 -2.234032
-2.119375 2.653039 2.069132 2.069132 -2.123122
