2.913407 2.330688 1.883421 2.832756 1.783389
1.907004 2.352776 1.801044 1.986805 1.579477
2.352439 1.450464 2.11096 1.536887 2.047286
1.854204 -1.792169 2.04057 1.983335 1.907004
-2.444844 2.629243 1.900462 2.032447 1.480521
1.597592 1.364103 3.847687 1.871629 1.427758
1.692644 1.623707 1.042686 1.340667 -1.450033
1.385379 1.372312 1.601628 1.436259 2.037279
1.444588 1.36273 1.700366 1.554771 1.459769
1.645191 -1.393948 -1.600745 1.245201 -2.391144
-1.450033 1.351235 -1.9936 1.424134 -1.491956
2.112313 1.652116 1.684655 1.318686 -1.572283
1.514676 1.514676 2.2687 -1.308669
