2.686085 2.295399 1.983637 2.501609 2.613692
2.121521 2.689024 2.022751 1.986078 2.240888
-2.131424 2.087953 2.443241 2.374386 2.625172
2.063506 2.295316 2.079965 1.965145 2.783589
1.606464 1.78639 2.011809 2.158195 2.112821
2.196623 2.185035 2.319193 2.107441 2.335198
1.911587 2.393643 1.858231 2.23754 2.308049
2.221591 2.465347 2.489579 2.153964 2.294513
1.748465 2.426842 2.030831 2.311462 2.536309
2.199114 1.813797 -2.149679 -1.762971 2.25616
1.518705 -2.158544 2.121521 1.775159 -1.656659
1.909178 -1.564163 -2.672658 -2.021188 1.641617
1.888722 -2.614248 -2.539638 -1.78639 1.677233
1.982188 2.298694 2.056744 4.561275 1.955659
2.115999 2.404968 2.475729 2.359278 1.75987
2.075416 1.770081 2.50478 2.068249 1.601254
-2.099041 1.893366 1.873758 1.633079 2.802133
2.712093 2.73389 2.417763 2.394055 2.462913
1.91614 2.313601 1.624562 1.85583 2.235372
2.35754 1.742259 1.450763 -2.364757 2.550957
1.858231 -1.802871 -1.99434 1.909502 2.221538
1.914466 1.966032 2.673226 2.478885 1.616016
1.845003 2.148634 3.565451 2.711509 2.607808
2.189654 2.063479 2.408158 1.676075 2.347034
2.274372 2.35184 1.904988 2.05837 2.157032
2.024549 2.767018 1.911414 1.947571 2.38054
2.471856 2.174634 2.260462 1.81767 2.560354
-2.287424 2.353247 -1.669657 1.434717 2.069813
-2.564564 -2.200404 -1.78619 -2.237455 4.384177
2.715287 2.664666 2.32483 1.600562 -1.578553
2.455903 -1.323278 -2.102532 2.217674 2.189143
-2.205605 2.313365 2.217797 2.426264 2.670387
2.664666 2.407419 2.158716 -1.921177 2.515428
2.548979 1.998039 2.498024 2.321414 2.057319
2.45748 2.50478 2.463954 -2.152965 2.260462
2.946143 2.256997 2.630652 2.892047 2.233698
2.43022 2.098366 -1.781554 2.552209 1.975314
2.511851 2.625375 2.382873 2.050152 1.713647
3.271259 2.769836 2.299468 -2.307086 -2.38543
2.672658 2.587058 2.060222 3.104145 -3.218777
2.102532 2.501269 2.248854 2.249691 3.051047
2.469821 2.228666 2.400202 2.404955 2.610305
1.941215 1.923473 2.909735 1.967597 2.392471
2.129783 2.226627 2.415523 2.231163 2.095304
-2.581535 -2.374032 2.311045 -2.601674
