2.912921 2.570003 2.169017 2.643949 2.406573
2.348976 2.400155 2.605311 3.061863 2.353304
2.328944 2.439869 2.748698 -2.235065 2.520226
-2.470726 2.394761 -2.435311 2.095784 2.151879
2.56441 2.512837 2.044817 2.222665 2.554538
2.465826 2.438841 2.677482 -1.410245 2.042737
-2.633851 1.879626 2.701428 1.712875 1.451442
1.681049 -2.425016 -1.952214 1.509457 -2.087187
2.540473 1.976384 -2.696858 2.160592 2.346042
4.437555 2.398761 1.914038 2.456228 2.523698
2.141832 2.616658 2.501502 1.855656 1.812519
1.677802 -1.89483 2.132077 2.169406 1.826455
2.2501 1.682874 1.841688 1.738652 2.523357
1.975902 2.078663 2.217832 2.537494 2.203381
1.542047 -2.49789 -1.528678 1.666299 2.06313
2.151879 1.929425 1.706608 2.142151 1.251802
-2.487751 1.646086 2.200176 -2.078663 -1.556666
-0.9991592 2.447497 2.308834 1.888769 1.905797
1.525722 1.576669 1.534264 1.822981 1.957299
3.334715 1.942668 2.275857 1.676872 -1.976786
2.142138 2.262429 1.7779 2.397882 1.931481
1.526485 2.403165 2.648478 2.325914 2.504554
-1.374596 4.76964 1.877928 2.084073 1.861706
2.131496 1.838806 2.096645 2.157021 1.829374
1.791527 2.247974 1.746864 2.118196 2.07849
-1.051112 1.124024 -1.847431 -2.15283 2.012091
1.822981 -1.357114 1.560693 1.233171 -1.529118
-1.918894 -2.072828 2.816766 2.287335 1.483945
2.340132 2.500245 -1.478456 -1.962865 2.01422
2.131496 -1.686222 2.456215 1.269812 -1.460683
1.309468 2.200176 2.523357 1.961182 1.328503
-2.032873 1.377054 2.382697 -1.608152 -1.653803
-1.770994 2.15041 2.06694 1.648022 1.562566
1.474788 1.643075 1.318318 1.854019 1.583493
2.443766 1.079197 1.123454 1.607366 1.774247
2.158267 1.895801 2.283018 1.477988 2.271084
1.073397 1.399599 1.446098 2.059622 1.470767
1.424886 2.039331 1.546788 1.779427 1.332753
2.606894 1.74676 2.392097 1.233931 1.277575
2.509322 1.13024 1.389755 2.105515 2.509885
1.446076 1.370417 2.102689 2.02012 1.779389
1.128599 2.302408 1.420485 1.96112 1.70488
1.694346 2.101032 1.42687 1.720086 1.509725
1.943589 2.06988 1.746853 1.351261 2.1056
2.726764 1.25298 1.196216 2.523895 -1.675793
1.51657 2.399166 -1.051112 1.124024 -2.375912
0.9870026 0.9307772 2.068728 2.122081 1.318318
1.534264 1.534264 -0.8685913 -1.656564 1.799868
-1.357114 0.9693639 1.126016 1.480358 -2.107439
2.333709 3.334715 1.399599 -2.375667 -0.912165
0.9557534 -1.32432 1.798795 1.124094 -2.262429
1.066256 1.066256 1.89483 -1.24006 2.085459
1.7779 1.483945 1.599192 1.526485 2.403165
0.9659694 2.504554 1.839603 8.04157 1.429558
-2.550175 -1.547257 2.509885 1.119615 -2.097316
1.838806 -1.449192 -1.449192 -1.248089 -1.302426
1.533673 1.294431 0.9361401 1.11912 1.656885
1.358473 -1.232322 -1.735073 2.032873 1.189172
1.052837 2.1056 1.875075 2.331776 1.271774
1.271774 1.332154 1.292813 -1.540671 1.644814
0.8898527 0.8060162 2.25837 1.681036 1.1856
1.720141 2.285992 1.20502 1.514332 2.058025
2.003056 1.475295 1.814005 1.709417 1.676095
1.432613 1.322884 1.342466 1.515322 2.46243
1.270592 1.810572 1.315629 1.415375 1.752027
1.764333 2.039535 1.290733 1.091481 1.770806
2.15283 1.480358 3.334715 1.254824 1.89483
2.258821 1.498074 1.035149 1.330556 1.115659
1.376764 1.090613 1.82621 1.73332 0.8060162
1.820293
