2.364337 1.731498 1.77538 1.763698 1.256299
1.98687 2.179479 2.094394 1.823851 1.664061
1.085882 -1.512516 2.062909 1.883919 1.221559
1.866849 2.170956 1.539211 1.158792 1.554265
2.7903 1.796102 1.136847 -2.221483 1.397957
1.615515 2.011993 1.843026 1.725213 1.313986
1.809398 2.004324 1.264916 2.604911 1.517529
1.564356 1.469073 2.466747 -1.807534 1.482873
1.827997 1.262302 1.578248 2.272483 1.434559
1.649996 1.443726 1.639482 1.937255 1.637123
1.575438 1.764776 1.700024 2.264005 2.087343
1.631634 2.233482 1.902729 1.772383 1.966429
1.50393 1.460815 1.917636 1.126851 1.749396
1.882112 2.094645 1.942002 -2.366397 1.652531
1.007281 1.77504 1.535418 1.43189 1.718968
1.92827 2.232167 2.641908 -1.496051 -2.263766
-1.688788 -1.320142 1.734061 -1.846008 -1.854505
1.891063 2.43784 -1.968323 2.574361 -2.744887
-1.469327 -2.547389 1.189882 -1.591039 2.159829
-2.01447 1.575438 1.902729 1.94542 1.997049
-1.54737 2.373551 1.562523 -1.539946 -1.633111
3.07379 2.829583 -2.660314 -1.733005 1.177588
1.482858 1.239107 1.413467 2.354798 1.495064
4.22719 1.241786 1.159496 1.576348 0.9427274
0.936791 1.260031 -1.572841 2.174355 1.062816
0.9675051 1.595787 1.285047 1.069393 1.022738
1.126621 -1.956032 1.517058 1.517058 0.9724873
1.085934 0.8332763 1.071701 1.594048 1.606571
1.49816 1.057458 1.005976 -1.401837 1.440404
1.171979 1.631099 0.8922453 1.280606 0.7831501
1.606318 0.9816721 1.123576 0.9978417 1.00919
1.200733 1.222083 1.438228 0.9087237 -1.031465
2.484492 1.437562 1.630817 1.496323 0.9277408
0.8951722 1.711545 0.9421234 1.439878 1.787451
-1.24292 1.210906 1.50261 0.8465658 0.8469798
1.103111 1.300466 1.379719 1.800715 1.668628
0.9445205 1.378325 1.10268 0.9908274 1.593458
1.121249 1.421884 1.593425 1.64873 1.968781
1.105267 1.065999 1.244844 1.061395 1.960069
1.900587 1.310324 1.139888 2.505856 1.126385
1.549629 1.166207 1.706288 1.256552 1.538853
1.03111 1.54553 0.9137709 0.9509927 0.9824924
2.128243 0.7777838 1.064033 1.14706 1.436558
1.103235 1.01148 1.140079 0.9516489 1.202879
1.894787 1.645025 1.52279 0.8363692 1.272314
1.123136 1.242468 1.277708 1.049261 1.295238
1.024358 1.0196 1.535302 1.05684 1.585161
1.417627 1.198471 1.005066 1.157532 1.181077
1.010088 1.086284 1.605876 1.335976 0.8060433
0.9565818 1.057292 1.175606 1.321594 1.376883
1.022255 1.396202 1.765687 1.128516 1.029089
1.034234 1.478869 1.533835 1.078158 -1.417043
1.147065 1.577868 1.597636 -1.546931 2.499065
1.186751 1.408643 -1.870616 -1.10834 0.9719429
0.9938939 1.564856 2.524434 1.221559 1.122777
2.174355 -1.644574 2.282666 1.390237 -2.173789
-1.21457 1.224189 -0.980076 -1.194157 1.261079
-1.261079 -1.166839 0.9857796 -1.683921 -1.138653
0.9553576 0.9553576 -1.274569 2.466747 -1.687982
1.262302 1.163062 1.434559 -1.518486 -1.518486
1.421884 -1.664242 -1.360341 1.208872 -2.495276
1.052899 -1.7022 -1.297299 2.196452 1.602757
2.36071 1.54553 -0.8558636 -0.8558636 0.8558636
-1.508071 1.265321 -2.422636 1.140079 1.314551
1.402423 1.226665 -1.12422 1.12422 -2.094645
0.8796903 -1.229561 -1.807132 1.216057 1.216057
1.181077 1.018046 1.018046 -2.027174 -1.025327
1.396202 -1.130557 2.660314 2.283319 1.271117
1.034234 1.535302
