1.733448 2.055559 2.196224 1.375898 2.14651
2.194206 1.95554 2.309114 1.662656 1.632343
2.249687 2.128142 1.482901 2.602278 1.295643
1.591642 1.61518 2.217842 1.371394 2.041956
1.803104 1.968358 2.095594 1.301375 1.123454
1.755744 -1.772955 1.752625 1.64831 -1.83762
-2.360885 1.373768 -1.226272 -1.288447 -2.72686
2.095594 1.947568 2.328944 1.825834 1.926362
1.7992 1.667409 2.157965 2.017041 1.745352
1.738165 2.128774 2.092293 1.803843 2.619856
1.597056 2.126798 2.289841 1.367142 -1.404347
1.656218 1.493926 -1.637003 2.145275
