2.492208 2.4848 2.656017 2.292554 2.254116
2.111387 2.285771 2.801774 2.151925 1.679955
0.4683565 1.812534 1.805354 1.245093 1.927482
2.027906 1.852148 2.116606 2.092973 1.87694
2.148378 1.660662 1.680498 1.570701 1.86199
1.629933 -1.920463 1.93489 1.022206 1.798095
2.556508 1.886142 2.001084 1.595281 2.030216
1.85191 1.859871 2.048727 2.522747 1.586833
1.97058 2.664924 -2.51105 2.413411 1.989855
1.650328 1.91208 1.662728 1.528342 -2.264531
2.333744 1.959109 1.54136 1.860597 1.867067
2.273514 2.148048 1.910738 2.055871 1.872218
1.937416 1.946707 1.997769 2.146592 1.991147
2.261177 2.139825 2.235772 1.563916 1.998961
1.976706 1.805448 2.467028 1.51966 1.540978
1.646833 1.859221 1.71718 1.90017 2.037481
2.083804 1.492098 1.22217 1.599757 1.770161
1.682954 -0.7604926 0.3508876 -2.092973 1.629933
-2.636865 -0.2125776 2.110786 1.647553
