2.341761 2.543336 2.475429 2.356738 -2.030116
2.099314 2.070613 2.379682 2.003338 1.855577
2.397916 2.184576 2.382695 2.224065 1.700119
2.068324 2.166567 1.772889 2.342668 2.279517
2.487363 2.240814 1.551348 1.743825 4.317903
1.42911 1.948308 1.939368 2.09868 2.047294
2.072452 1.424031 1.847577 2.111452 1.239533
1.428846 2.223044 1.608959 2.201841 1.164916
1.985257 2.198029 1.653992 -1.866254 1.464969
1.611479 1.662423 1.781802 1.864621 1.25169
1.601262 1.636048 1.362644 1.099106 2.106408
1.74336 1.885998 1.600757 2.167101 1.980344
2.18149 1.586429 2.606236 2.181773 2.325957
