1.990336 1.971415 2.101601 1.245606 1.291056
1.48763 -1.810445 1.629605 1.478293 1.596982
1.945188 2.009991 1.721059 1.192554 -1.945245
2.23517 2.254962 1.356099 1.242284 1.640363
1.781272 -2.086596 1.560271 1.766005 1.608672
1.308141 1.445222 1.432533 2.261695 1.570971
1.540414 1.701283 2.439391 -1.135457 1.11977
1.528444 -1.91844 1.355809 1.362719 1.627519
1.243151 1.573252 2.308192 1.867532 2.001308
1.498897 -2.587311 1.453437 1.699641 2.287675
-2.141601 -1.477183 1.125997 1.851946 3.419151
1.856286 1.57801 1.937644 1.813898 2.355226
-1.887441 1.982664 2.054589 2.197931 1.326639
1.576362 2.568972 1.321405 2.079499 0.989959
1.865205 2.493218 1.766415 -2.564492 -1.747864
-1.48763 2.830356 -1.724894 -1.796713 -1.019368
-1.196569 1.180422 1.72793 -3.344089 -2.396338
-1.732406 -0.9578483 -1.335372 -1.828079 2.280917
-1.767825 -1.130644 -1.990336 -4.581107 0.9792923
-1.583164 1.858622 -1.582632 -8.119395 -2.587311
1.758002 -1.241233 -2.33359 -1.466882 -1.652588
-0.9994618 1.705414 1.553459 -1.885359 2.801808
2.106831 -1.668007 -1.396319 1.400211 1.87766
2.185834 1.787325 1.914509 1.421719 1.262619
1.662579 2.115464 2.03154 1.463058 1.988747
1.850424 2.628359 2.56598 2.103723 1.650836
2.192945 2.261567 1.511405 1.492823 2.650945
1.855995 1.702037 2.09718 1.965968 2.195006
1.433636 1.51313 1.103453 2.830356 -1.52216
-1.772043 -2.123447 -1.273871 -1.335646 -2.302283
-1.873303 1.915563 1.615632 -1.745229 2.568972
2.194275 -1.257932 -1.706751 -2.252139
