3.127815 2.860111 2.387023 2.431172 2.669174
2.692181 -2.278417 -2.089505 2.930969 -1.301458
3.117892 2.145686 2.57471 -2.463244 2.442675
2.63091 2.407637 2.535596 -2.382753 -2.362442
-2.428221 -2.272476 2.623053 -1.51006 -0.8883421
2.602229 -1.881104 -2.748454 -2.213159 2.597234
2.377553 2.364973 2.379213 2.159365 2.006993
2.727699 2.689765 1.940968 -2.322546 2.470011
2.083445 2.481486 -2.5206 2.714735 2.385011
2.721017 2.348846 2.430034 2.238857 -2.291952
-2.209749 -1.909592 2.633717 -1.553395 -2.37483
-2.23572 -2.781317 -1.169515 2.389964 -2.197034
2.152266 -2.362025 -2.155749 -2.205045 -2.213159
2.261477 2.001415 2.450888 3.117892 -2.180961
2.233707 -1.656826 2.152975 -1.909151
