2.004258 1.519134 1.777419 1.657326 1.814695
1.771206 2.297026 2.248908 1.805189 1.312729
1.992186 1.790094 1.752742 1.594848 1.750117
1.707867 1.681713 1.693545 2.197619 2.001107
2.688471 1.731258 1.73443 1.891153 1.794245
1.912438 1.964431 1.587146 2.171408 1.854714
1.593599 1.822975 1.747407 1.760264 1.599844
1.847822 1.56106 1.979801 1.393167 1.566453
1.515675 1.661871 1.579897 1.477864 1.755533
1.568874 1.820895 0.9795286 1.830086 1.660141
1.762997 1.772646 1.791993 1.857767 2.235486
1.546104 1.341359 2.165472 1.936369 1.543276
1.77497 1.610233 -1.296365 1.783264 -0.7314483
-0.193121 1.814695 2.248908 1.754244 0.7776552
1.747917 1.731258 1.00628 1.934234 1.934234
1.931704 1.948988 1.26993 1.26993 2.267603
-0.2347349 1.566453 2.034748 1.187585 1.71116
1.71116 -2.84447 -1.230376 1.973729 1.824562
1.612853 1.911382 2.185924 1.719951 1.668811
