2.872368 2.276059 2.483688 2.519729 2.403617
2.453596 -2.136978 2.567899 2.74111 1.304831
1.55446 2.70418 1.867878 2.164414 2.193742
2.320727 2.438621 1.534633 2.145858 2.300211
1.911268 1.71795 1.877997 2.367966 2.27052
1.736863 2.751249 1.588358 1.716808 1.874133
1.720523 1.768512 1.829299 1.648052 -2.650194
1.270592 2.237817 1.55446 2.153362 2.276847
2.702181 1.814211 1.579917 2.110049 3.325913
2.276059 1.857089 2.042626 2.453596 2.453596
-1.53735 -2.751249 1.633556 -2.284866 1.813586
-1.657506 1.400626 1.445485 2.708094 2.420377
2.567899 1.563116 1.563116 2.154688 -1.962995
1.88108 2.435745 1.491151 2.053868 1.743363
1.731642 1.149716 1.908103 1.508413 2.213567
2.091946 1.165276 1.559883 1.722253 2.279273
1.547551 1.416843 1.569044 2.552421 1.694392
1.845395 2.400522 1.636509 2.496091 1.634908
1.682037 1.596153 1.528482 1.713484 2.109566
1.171823 1.920759 1.388356 -1.579917 1.877585
2.95519 -1.142598 -3.325913 1.644862 -2.300211
1.195465 2.276059 1.233397 -1.639393 1.84764
2.453596 1.828514 1.90554 1.716808 1.977858
1.759835 -1.445485 2.708094 1.58161 1.270592
