-2.271121 1.719531 -1.74049 2.644159 1.838839
1.844185 2.092185 -2.271121 1.907526 -0.528024
-1.966653 1.993112 -2.8761 2.089396 2.532029
1.579922 1.901234 4.647648 1.933399 2.291342
1.444661 1.549671 1.860843 1.637064 1.900348
1.885164 1.904235 1.835179 -1.823654 2.136837
2.762797 -2.808279 1.790262 -1.646214 2.050216
2.035795 1.744345 1.495622 2.123331 -2.167138
2.096827 1.718788 2.070308 1.263069 1.54683
-0.956784 1.6899 2.107586 -1.512183 1.692226
1.459764 1.939975 2.25059 1.887932 1.969543
1.734578 -1.793719 2.157847 1.559352 1.584304
1.853605 1.675569 2.313541 2.007073 1.744155
1.660963 -1.880745 -1.439802 -1.787704 -1.248863
-1.933399 1.797994 -2.291342 -2.016652 -1.860843
-0.528024 -1.598644 -1.393785 1.719531 -2.624401
-0.6598666 -1.74049 1.686635 -2.068963 -2.029101
-2.618459 2.045556 -1.469149 -1.410575 -1.846406
-0.956784 -1.591503 -0.540584 -1.685693 -1.917371
-1.62809 1.526522 2.017042 -1.515043 -1.905943
-1.419529 -1.725556 -2.045969 1.602898 -1.259429
2.8761 -0.9176697 -2.007073 -1.417481
