3.30915 2.958576 3.237582 3.117721 -3.209626
-2.233414 1.899431 1.874677 1.307342 1.984342
1.264146 1.967763 1.889534 1.360591 1.661511
1.363323 2.089 -2.413856 1.627937 2.323066
1.995201 1.317616 2.688932 2.700803 1.468685
1.423647 1.518884 1.307021 1.137647 1.301146
1.661725 1.925031 1.369711 1.380469 1.259582
2.384654 1.405543 1.530238 1.507957 1.748484
1.662577 2.356228 1.71282 1.389304 1.772248
1.586919 1.943537 1.847402 1.662496 2.306689
2.316475 1.888609 1.513571 2.647811 1.750561
1.848891 1.935603 2.004572 -1.974845 -2.113859
-1.775374 -1.415306 -2.304821 -1.713703 -1.554678
-2.511773 -2.511773 3.209626 -2.424647 1.968117
1.768545 1.942308 1.507957 -1.967011 2.11896
-2.053159 1.447106 2.663464 -1.23488 1.269882
1.107156 1.508084 1.374167 1.191694 2.360908
1.490364 1.680847 -2.342312 1.407806 1.559555
1.559555 1.265918 1.151289 1.35485 1.489783
1.207828 0.9007039 1.763321 1.557883 1.298289
1.388387 1.817491 1.417627 1.516357 1.794557
1.320583 1.729703 1.604263 1.168651 1.834467
1.827994 1.202217 2.584242 1.282787 1.23228
1.248146 1.240823 -2.006493 1.256412 1.264261
1.306627 1.406871 1.055979 1.387521 1.252585
1.472122 1.474247 1.324283 1.13713 1.107068
-2.547916 1.351804 1.107658 1.07901 1.284332
1.663126 -1.36056 1.507177 1.262164 -2.625381
1.137647 -1.265823 -1.361396 1.942308 1.530238
-1.313105 1.201531 1.358423 -1.613832 1.142501
-2.330632 1.527531 1.744159 1.447106 -1.47836
1.207798 1.25954 1.072898 -2.198633 -1.790859
2.663464 1.433589 2.263537
