2.282158 1.397077 2.424996 1.341818 2.00209
1.182756 1.75153 1.772396 2.361516 -1.24315
1.309052 1.502588 1.926045 1.518622 1.55036
1.851452 2.10821 1.412237 1.876595 2.018423
2.150555 1.957093 2.342257 2.104411 1.628376
-1.817278 2.166754 2.713311 2.46079 1.464194
1.542062 2.482108 2.286771 1.508887 2.491474
2.02512 1.463156 1.512764 2.032852 1.280806
2.049732 1.650488 1.969642 1.436568 1.409073
1.724181 1.682076 1.494314 1.490822 2.234951
1.737769 1.523947 1.513052 2.576272 1.84582
1.492775 2.015105 1.541096 1.886657 1.748461
2.761826 1.302393 1.643186 1.916413 1.332705
2.044994 1.587243 1.682829 3.172597 1.970472
1.645718 -2.034612 -2.123651 2.060054 1.478826
1.680514 -2.013933 -3.292848 1.514546 2.045343
1.344415 1.54298 -1.29554 1.45157 2.631038
1.769817 2.025625 -2.439032 2.126502 -1.966171
1.127068 2.320295 -2.157517 -1.273231 2.111077
-1.718656 1.203348 1.301682 -2.636793 2.112155
-1.94544 1.728883 -2.165383 -1.318037 1.916413
2.838236 2.838236 -1.346445 2.942533 -1.938947
-1.772883 1.621911 1.85728 1.761515 1.423067
1.10408 1.494319 1.430326 1.890534 1.493986
1.525424 1.835479 1.441704 1.388856 1.574344
1.644518 1.725952 1.524541 1.402228 1.507747
1.241966 1.350019 1.22737 2.450916 1.419193
1.276245 1.244457 1.893926 1.96423 -1.898729
1.52746 1.406166 1.617775 2.407383 1.239244
1.721515 1.31539 1.409092 1.417762 2.374235
-1.577307 1.542828 -1.621605 1.512907 2.64527
-1.509895 1.138602 1.261914 1.860015 1.853132
1.327468 1.303402 1.278896 1.30978 1.618076
1.2762 1.537309 1.349311 1.997922 1.740255
1.405503 1.140272 1.171787 1.211567 1.251366
1.487557 2.234765 2.338937 1.618477 2.629722
1.567338 1.360904 1.277214 1.35064 1.46335
1.26076 1.351562 1.442334 1.185794 -1.630603
1.182756 -2.448899 1.497478 1.601793 2.045343
2.045343 2.045503 1.528922 1.34807 1.200485
-1.668302 -1.412466 -1.34226 -1.724181 1.77698
2.576272 -1.492775 -1.869283 -2.631393 1.807258
-1.404216 1.302393 -4.650525 -1.619006 -1.346445
-1.332705 1.46335 1.587243 1.389928 1.85728
