2.674512 2.973666 2.196341 -2.239463 1.606937
1.617761 -3.105816 3.372089 -1.796681 1.865923
2.123952 2.239463 2.004204 2.048172 1.363974
1.685362 1.588868 1.624922 1.996693 1.621218
1.383582 1.325422 1.527405 1.569171 1.332717
1.223459 1.099127 1.560858 1.928624 1.595127
1.359776 1.630694 1.698628 1.526865 1.952436
2.126657 1.961065 1.383116 1.655056 1.23621
2.081897 1.792845 1.627587 1.363806 -1.697952
1.295164 1.416303 -2.411514 1.996693 1.617222
-3.372089 1.56232 -2.211746 1.64588 -1.755925
1.569171 1.352689 1.359776 1.277994 1.479658
1.734078 2.141265 1.92289 1.360261 1.961065
1.619544 -1.83067 1.36602 2.590356 -2.165874
1.109155 1.244412 1.349694 1.196967 1.619196
1.603557 1.403863 -1.52928 1.531278 1.531278
1.116419 1.101908 1.981788 1.405321 1.212855
1.893386 1.298209 1.517017 0.9389627 2.750211
1.52213 1.200733 1.247169 1.107639 1.500826
1.488747 1.167976 1.86175 1.343662 1.18295
1.794101 2.036605 1.184744 1.551625 1.388478
1.609325 1.211876 1.153455 1.347889 1.116639
1.809634 1.044868 1.424906 1.195361 1.336744
2.379687 -1.951689 1.404486 1.15775 1.032424
1.230084 1.270296 1.677451 1.191768 0.9966205
1.411434 1.254519 1.586409 1.097373 -1.535204
-1.41494 1.061416 -1.90849 -1.471007 1.1339
1.362695 1.485535 -1.391612 1.996693 1.132756
-1.336315 -1.668035 1.201968 -1.907992 1.359259
1.027625 -1.452431 -1.558445 1.223459 1.41284
1.20023 -2.398922 -1.360721 -2.477657 2.477657
-1.172802 1.323014 1.947992 1.597939 -1.092714
-1.38145 2.19028 -1.488876 -1.950574 -2.403397
