2.814824 2.783085 2.796374 2.285323 2.538192
1.238147 2.148041 2.139794 1.840438 1.933724
2.687067 1.757283 1.605544 1.813753 2.622866
2.095833 -1.700812 1.802175 -1.838886 1.578335
1.740957 1.486459 1.841893 2.245113 2.003249
2.257228 1.528849 1.649541 1.677309 1.85316
1.392654 2.266012 -1.778738 1.64799 1.942651
-1.920017 1.506105 2.622866 1.311804 1.791392
1.841893 1.658984 2.058606 1.287368 1.677309
-2.155228 0.2036257 1.643787 1.793496 1.793496
2.358768 1.569233 1.471857 1.507104 1.597856
2.064937 0.8877378
