2.890545 2.992104 2.558968 3.012384 2.757777
2.647105 2.767892 2.992104 2.498771 2.566308
2.590405 2.512929 3.093492 2.35857 2.499852
2.298101 2.511395 2.066685 1.686692 1.360126
1.658766 1.823419 1.369078 2.299126 1.929516
1.855638 1.657283 1.765004 1.536972 1.643396
1.870139 1.960524 1.678027 1.824391 1.894076
1.947637 2.357041 1.916358 1.660313 2.076444
3.097608 2.089219 2.028306 1.950949 2.095067
2.593559 1.972434 1.790721 1.944256 1.877604
2.648269 1.862855 1.83704 2.006207 2.295378
1.899153 2.249879 1.852015 2.343248 1.690721
-1.785857 2.12466 1.47897
