3.196696 2.891074 3.168302 2.887748 3.102908
2.11035 2.859814 1.955468 1.255052 1.834714
1.503914 2.399617 2.106223 1.923744 2.330566
2.042636 1.965611 1.912362 2.10568 1.940051
1.7709 2.60532 -1.679301 1.16106 1.041129
1.11103 1.141139 1.511964 2.311911 1.355924
4.018101 1.790092 1.174027 1.335325 1.234891
0.749078 0.7053448 1.136089 1.428722 0.9669207
1.069202 1.524824 0.8665036 1.0863 1.279528
1.017276 1.907273 1.334026 1.334026 0.785684
1.482291 0.9415691 1.045541 0.797309 1.425602
1.907884 0.9725046 1.471795 1.426168 1.224888
1.622632 0.9260358 2.053371 1.064151 -0.854818
1.344914 1.072462 1.358424 0.8162726 2.741296
1.269113 0.8815024 1.338214 1.594525 1.516616
0.8876363 1.472362 1.726651 1.023044 1.043173
1.442759 2.119363 1.086284 0.7742341 1.011398
0.8826658 0.6701263 1.493889 1.700183 1.053495
1.154838 1.059417 0.8873305 1.197211 1.163731
1.443123 1.740475 1.7213 0.8056622 1.004024
1.433311 1.04691 1.529544 1.158339 1.929056
0.8465379 1.259678 2.291921 1.530884 1.150804
0.8538408 1.655849 0.8903509 1.310315 1.810433
1.52256 1.205962 1.496745 1.079351 1.41954
1.32126 1.348176 1.053267 1.849925 1.009131
1.248377 1.204155 0.8517578 0.9839159 2.053551
1.017107 1.529146 0.8936475 1.578422 1.219354
1.163127 0.7563665 1.165105 1.23608 0.8639585
1.388404 1.560809 1.413413 0.9358758 1.313928
1.045164 0.8578647 1.316203 1.477621 1.653608
1.020134 1.431605 1.262264 1.024346 0.7420699
1.216255 1.004074 1.332913 0.9392314 1.612051
1.165975 1.419722 1.483722 1.097019 0.7513549
1.673939 1.646831 1.33443 1.294078 0.9789764
1.603514 1.004585 -1.08314 1.529491 1.620222
1.558558 0.8456131 -2.171095 -1.755268 -1.714752
-1.761672 0.8990626 2.166293 1.363559 0.7978717
-1.071747 2.218189 -0.9047013 1.017276 -1.226304
-1.098666 0.8837468 0.9759385 1.518696 -2.79644
-1.345192 -1.319765 -1.274155 -1.060901 0.8919548
-1.430885 1.145985 1.234473 1.678759 -1.120106
-1.122503 -1.122503 -1.565513 0.9147986 1.223626
-1.754596 -1.754596 -0.9710166 -1.958567 1.086284
-1.329017 -2.371856 -2.017923 1.307686 -0.9959926
-1.667882 -2.129274 -1.151642 -1.261596 -1.459487
1.691872 -1.864231 0.8538408 1.328992 1.453312
1.114524 -2.390457 -0.9957877 -1.307917 -2.006519
-0.7234266 0.7234266 -2.375095 -1.393368 -1.442086
0.8321377 -1.793689 1.49219 -1.676643 1.85796
1.301293 -1.362055 1.186155 -1.42702 -1.756781
0.8578647 -1.003422 -1.602375 -1.451939 1.029122
1.170149 1.032982 -1.62367 -1.192598 -2.162822
1.418643 0.8184811 -1.182466 -1.761916 -1.697996
2.60532 0.953454 0.953454 -1.078873 -2.52908
1.682546
