3.199176 3.305032 2.951827 2.440386 2.939362
2.963057 5.261745 2.523649 3.002062 2.902416
-1.536715 3.305032 2.088924 1.919067 2.412481
2.417885 1.778035 2.721874 2.560686 2.01579
3.238279 2.235852 2.374227 2.986003 2.854768
2.801432 1.842541 2.314158 2.236759 1.884674
1.5839 2.295592 1.702232 2.043753 2.230898
2.234069 2.533895 2.638835 2.281199 2.101906
-2.256751 -3.089058 3.305032 2.450193 2.450193
1.758862 1.927341 1.954018 1.827992 2.629704
2.091335 -2.924728 -2.381121 1.771098 1.544527
1.472965 1.750748 2.224167 1.732767 1.561149
-2.101971 1.312214 1.491695 1.332638 1.324795
1.417392 1.722253 1.952893 2.372035 1.402948
1.48532 1.267948 2.039726 1.325836 1.882978
1.610352 2.037991 1.484694 1.44457 1.800844
1.39913 2.120355 1.567425 1.287829 1.41726
2.254676 1.670856 1.795854 1.464318 1.494404
1.180473 1.890685 1.549627 2.259407 1.863912
1.720011 1.231266 1.592438 1.877321 1.882814
1.293349 1.536715 1.404818 -2.114329 2.066597
1.578297 1.488513 1.382375 1.542094 1.57687
1.296203 1.320032 1.918869 2.507245 1.571499
-2.101971 1.931358 -2.001343 2.039726 1.534059
2.25478 1.797714 1.413341 2.054158 1.66225
2.216007 1.180473 1.801838 1.623711 1.781509
2.508752 1.330829 1.805459 1.921682 -1.714152
2.361805 1.385251 -1.497684 -1.807532 -1.532294
2.603802 -1.872374 2.395135 2.105747 1.658349
1.988127 1.263963 2.000297 1.650155 1.923173
1.983622 -2.253416 1.481709 -2.010654 -2.245517
-1.834225 -2.197856 -2.133343 -1.966729 1.41726
-1.576952 2.216007 1.301393 -1.923977 -2.122056
-2.122056
