-2.793202 -2.550359 -2.762504 2.818985 2.655173
-2.742474 2.993437 2.569896 -3.040733 2.711294
2.776715 2.678528 2.578433 2.648725 2.755331
-2.445732 -2.6137 -2.109303 2.512252 2.823599
2.793104 2.736394 2.826455 2.681084 2.804392
2.730058 -2.715279 -2.721607 2.806882 2.458498
2.953406 2.840339 -2.668569 2.910597 2.707153
2.512411 2.665914 2.901356 2.972915 3.048759
-2.834803 2.957647 3.011105 2.759697 -1.804006
-2.621741 2.980631 -2.155518 2.539977 -1.566495
-2.534222 -1.72587 -3.062845 2.136208 2.437158
-2.1985 2.818985 2.62594 2.473841 -2.443388
-2.015577 -2.806926 -2.634568 -2.343584 2.780157
2.582442 2.568915 -3.005932 -2.376915 2.586993
5.045942 2.83337 2.474194 2.884485 2.410307
2.847485 2.779577 -2.678352 2.803093 2.91792
2.277347 2.61217 2.480035 -2.610889 2.424749
2.616082 2.823511 2.935727 -2.540298 2.419151
2.656443 2.417881 -2.24258 2.39992 2.297197
-2.772255 2.690018 2.470938 2.850485 -2.968857
2.905292 2.756298 2.43355 -2.487334 2.523006
2.648825 2.295384 2.625375 2.726226 2.91015
2.644005 2.482016 1.87494 -2.574277 -2.576641
-2.085651 -2.448925 -1.387458 2.708394 2.494562
2.491354 -0.3483036 -2.150795 -2.951247 2.649427
-2.806926 -2.053047 -2.065807 -1.813965 2.724898
-2.523006 2.864611 -0.5141781 2.372018 2.750582
5.532898 2.343167 2.452394 2.58527 2.422627
2.429086 2.231753 2.453547 2.737909 2.631003
2.742425 2.674662 2.983652 2.475874 2.659731
2.551761 2.810238 2.734502 2.710842 3.003239
2.266742 2.577543 -2.569109 2.645113 -2.666307
2.365208 2.489637 2.449841 2.555985 2.684694
2.514948 2.571203 2.586993 -2.516297 -1.682458
2.392119 -2.851838 -2.636732 5.256359 -0.7050228
-2.841937 -1.813965 2.905292 2.587764 -1.249252
2.587449 2.673095 2.532009 2.218691 2.234369
2.191654 2.316731 2.379269 2.189818 2.834786
2.448354 -2.164616 2.443447 1.803123 -2.645979
2.268154 2.400338 2.684725 2.34782 2.48809
2.419531 1.857515 2.162113 2.279805 2.30663
2.271553 2.855639 2.540083 2.376724 2.178113
2.457142 2.301174 2.191739 -2.304653 2.810032
-2.531657 2.500688 2.138796 2.330493 -2.755479
2.358859 2.203881 -2.593499 2.199336 -2.761206
2.671415 2.358258 2.572947 2.724778 -1.925978
2.34455 2.705284 -2.394439 2.513696 2.174419
1.944386 2.492631 3.036096 -2.428935 -2.191654
2.422627 -2.356528 -2.000709 -2.684725 -1.767605
-2.021099 -2.616082 -1.1038 -2.196724 -2.494266
-2.1985 2.810238 -1.837158 -1.973917 -2.43032
-2.307369 -2.005348 -2.026598 -0.8221004 -1.972847
-2.342588 2.086296 -0.3056913 2.63218 2.041418
-2.559506 -2.492631 -1.706829 2.195125 2.336818
-2.753222 2.19013 2.175328 2.090403 2.138721
1.845095 2.331903 2.757266 2.635741 1.919468
2.388908 2.231673 2.270872 2.37943 2.379061
2.581171 2.887533 2.396169 2.542936 2.238344
2.684377 2.717269 2.44401 2.338405 2.623962
2.533966 2.581823 2.251902 2.442629 1.970673
2.775912 2.510013 2.687264 2.438919 2.06101
1.984172 2.13373 2.357535 2.111287 2.078194
-2.043207 2.698912 2.04918 2.536143 2.27296
2.180955 -2.8091 1.887993 2.90318 2.091002
1.776235 2.128693 2.026708 2.204314 2.589877
2.355223 2.162335 3.05077 2.158925 1.774784
2.522925 1.911131 1.902852 2.040137 2.183324
2.333684 2.291256 2.264252 2.687591 2.577136
2.310687 2.815582 2.52666 2.080484 -2.093905
-2.537872 1.962197 2.279461 -2.356528 -1.959896
2.489613 2.345371 3.114501 2.267018 -2.181733
-0.8277702 2.242805 2.616082 2.251902 -1.865226
2.271553 -1.348154 -2.291419 1.766577 -1.735671
-2.138796 -2.358859 2.249393 -2.249393 -2.08441
2.164129 -1.953289 2.193192 -2.236717 -2.191049
-2.951189 -2.076428 -0.437284 -1.714069 2.174419
1.992582 2.091498 1.944386 2.441526 1.205622
2.094387 1.714945 2.059366 1.67217 2.165731
1.319359 1.375799 2.157373 1.961377 1.772696
2.072356 1.907011 2.152046 1.821256 2.093994
2.013034 2.229317 1.864424 1.629678 2.311359
2.010517 -1.410414 -1.663038 1.82647 1.718479
1.836863 1.952621 1.746913
