3.320655 3.121698 3.040414 3.059563 5.398733
2.895301 -2.966325 2.885195 2.808242 2.553407
-2.548152 2.701095 2.861069 2.078122 -2.966325
2.505906 2.969558 -2.676899 -2.58963 -2.643471
-2.931811 2.895301 -2.775977 -0.3917636 -2.494867
-3.142609 -2.855801 -2.855801 -2.548865 2.646827
3.079521 2.460318 2.092866 -2.104033 2.270188
2.761294 2.674757 2.607643 2.860864 2.380937
3.108831 2.510031 -2.226085 2.728667 3.00279
2.317117 2.528083 2.288321 2.603556 2.321562
2.317889 2.228735 2.254263 2.177234 3.131815
2.073976 2.340011 2.690678 2.555683 2.290038
2.462048 3.03728 2.205307 2.425826 -2.906055
3.037425 -2.499869 -1.506323 2.199017 -3.231332
-3.231332 -1.675551 -2.398054 -2.174474 -2.643471
2.316908 -1.762544 -1.939065 -2.015241 -2.931811
-2.062661 -2.50391 2.793939 -2.788784 -2.479286
-2.658887 -0.6236307 -2.664717 -0.8580452 -2.522883
-2.180286 2.745292 2.255606 -0.5550752 -2.390584
-2.562273 -2.562273 -2.343166 -2.330625 2.012796
-2.218916 -1.966064 -2.401157 0.6146081 2.515677
-2.515675 -2.515675 -2.398733 -2.476599 1.652142
-2.763599 -2.763599 -2.219492 -2.219492 -3.142609
-3.142609 -1.952735 -1.959783 -1.056642 -2.250352
-2.291508 -2.694537 2.163678 2.154806 2.078217
1.98864 2.285972 1.911718 1.944048 1.88964
2.260455 2.272793 1.772149 1.991959 2.307269
-1.974891 1.440005 2.146186 2.092002 2.39945
2.375806 -2.16714 1.770414 1.908374 2.39815
2.026347 -1.291153 2.194165 1.663341 2.123944
3.125185 -1.582348 2.188616 2.081231 2.240008
2.190575 2.76493 1.944776 -1.928035 1.954738
2.528695 2.9286 2.825108 2.370288 2.118512
1.954353 3.290552 2.095537 2.315037 2.406391
1.793535 2.357398 1.756496 1.976991 -2.13387
1.642323 -2.082088 2.212949 2.318471 1.766308
-1.873809 2.337127 1.745442 2.570946 2.051531
2.09894 2.237708 1.797727 1.778294 -1.809188
2.055255 2.450946 3.341196 2.155972 1.689431
-1.676908 1.961927 2.261961 2.128176 1.983371
2.102398 2.437917 1.927309 2.360403 2.009679
-3.029139 2.501832 2.407549 1.917469 2.156638
2.322583 2.277367 1.972233 1.722489 2.040995
2.066865 2.106597 2.02254 2.364588 -2.236879
1.390889 2.064205 2.501599 -2.152916 -0.877505
-0.5415203 -1.219536 -2.298545 -1.838443 -2.092866
-2.104033 -1.58792 -2.239038 -2.070481 2.070481
-0.4007201 -1.298395 -0.9147709 2.398054 -2.398054
-2.091516 -1.917076 2.035078 -2.08589 -1.515418
-1.584464 -0.5099122 -1.548151 2.76493 -1.013455
-0.4994224 2.659373 -0.6929063 -2.74633 -2.480009
-2.137844 -2.137844 -2.137844 -2.364208 -2.364208
-1.793535 -2.664717 -2.452901 -1.369137 -0.3782566
-0.8447038 -2.218702 -1.891686 -1.538579 -0.6612824
-2.914736 -1.184386 -0.9552425 1.793712 -1.587059
-1.666003 -0.8047024 -0.3640344 -0.4792928 -0.6842574
-1.765024 2.313359 -0.4495525 -1.520199 1.960723
-1.945176 -2.288296 -1.086752 -2.915999 -2.414558
-2.491192 -3.120161 -2.52178 -2.315593 -1.820862
-1.820862 -1.400672 -0.402713 -1.320435 -2.219492
-2.219492 -2.301828 -1.764929 -2.068819 -3.142609
-3.142609 -1.998578 -1.952735 -1.952735 -2.401812
-1.676216 -2.895151 -0.4307701 -2.136776 -1.789811
2.906055 2.270249 -0.7365986 -0.9818694 2.106597
2.106597 -2.354606 1.358722 -1.536055 -1.212738
-2.694537 -2.191446
