2.984984 2.931708 3.190492 2.503411 3.388737
2.864956 2.85527 2.998421 2.886512 2.886031
2.843761 3.001944 2.603398 3.242629 2.964362
2.927848 2.655938 1.943533 2.540841 2.955374
2.727781 2.7274 2.828949 5.271217 3.004605
2.592248 3.006715 2.574179 2.983397 2.897567
-2.828159 2.986601 3.063559 2.666978 2.587995
2.547103 2.66103 2.718199 2.721362 3.051811
2.707946 2.781483 2.85035 2.493306 2.432437
2.808635 3.598062 2.91811 3.081085 3.104021
2.839909 2.586801 2.627276 2.784442 2.474785
2.823574 2.848568 3.072842 2.839111 2.7531
-1.753644 -3.117208 -0.5154284 -1.127153 2.737665
-1.148969 -2.871626 -1.157739 2.813288 -1.876737
2.805997 2.667075 -1.257423 2.603398 2.671129
2.708086 3.169306 -2.386172 3.142433 0.6890055
0.4381281 2.846872 2.886885 -2.40613 -2.137905
2.301032 -1.528357 3.037817 -2.468934 5.403158
2.409589 2.480423 2.499739 2.463403 2.436085
2.887471 2.807941 2.831195 2.729817 2.910624
2.899016 2.822491 3.108829 2.931929 2.69399
2.600105 2.703462 2.507745 2.632272 3.07221
2.763316 -2.911194 -2.517661 2.708086 -0.4638532
2.663404 5.435647 -2.894824 -1.931991 3.104021
