2.74355 2.534701 2.773292 2.990693 3.025471
-2.979187 2.945381 2.701448 2.800339 2.701796
3.126227 2.894593 -2.610958 2.848154 2.81758
2.809213 -2.210827 -3.062833 2.452311 2.620745
2.451325 2.374286 2.55746 2.779901 2.877747
3.17299 2.833013 2.896633 2.300335 2.556176
2.599435 2.912621 2.729631 2.580877 2.690018
2.549946 2.802306 2.498287 2.477883 2.692228
-2.542409 2.986047 2.7536 1.878551 -2.571524
-2.724323 2.797978 -1.850149 -2.210827 -2.007304
2.303464 2.741553 2.524454 2.538952 2.401944
2.403152 2.831333 -2.873269 2.159681 -2.505746
2.690545 3.169655 2.260803 2.695657 2.924689
2.8956 2.434298 -2.505619 -2.395197 -2.796322
2.800339 -2.549946 2.502267 -2.328277
