1.509501 1.995785 1.440194 2.003882 1.130763
1.832034 0.6720767 1.129832 0.9174297 8.804944
1.864974 0.8557803 1.491942 1.470357 0.3514741
0.2353518 1.71221 1.221832 0.658875 0.7675231
1.189292 0.5489759 1.108091 0.6104527 0.4461402
0.8505367 1.696839 0.5605295 0.2110036 0.2982295
0.7094286 1.896187 1.509915 0.7254925 1.030999
1.059127 1.7435 1.566019 1.093308 1.078784
0.6565378 1.193624 0.8523911 0.9312859 0.6586056
1.214572 0.2529433 0.6896271 1.543054 1.346032
-0.4745038 1.406145 1.319285 0.9388524 1.885795
0.791539 -0.8897652 2.090432 0.9174508 0.4128569
0.2363458 0.8609732 0.4550301 0.2147627
