2.225557 1.787733 2.230002 1.297832 1.852399
1.57657 1.417248 1.433082 2.108965 1.688029
1.343365 1.689205 1.769862 1.4706 1.845534
1.538629 2.721611 1.140108 1.3681 1.151832
1.684873 1.709274 1.399392 1.715485 1.436313
1.483992 1.520606 1.582598 1.952833 1.23922
1.555272 1.050106 1.625918 1.260116 1.357636
1.191902 1.407265 1.527946 1.756782 1.566307
1.38258 1.47481 1.563798 1.645632 2.06524
1.760232 1.800393 1.380082 2.260408 1.853026
1.461211 1.771004 1.830846 1.42647 1.806752
1.6686 1.975109 1.992997 1.703475 1.720974
1.167179 1.791041 1.642144 1.295602 1.417308
1.525873 1.864431 1.921101 2.473868 1.527555
1.417248 -2.028896 -1.221795 1.360132 -0.8591015
2.374896 -1.369707 -2.194782 3.555001 -1.50178
1.217059 -2.28534 -1.710002 -2.298883 -1.462438
-1.053783 -1.685449 -1.848213 1.854941 1.47481
-1.45185 -1.953742 1.841141 1.306614 -2.095607
-1.291017 1.413762 -1.111394 -1.677192 2.483276
-1.267787 -2.142569 -1.763416 -1.224303 1.114322
0.8866978 1.167874 0.7445049 0.8673466 1.234061
1.049988 0.9267255 1.078222 1.975689 0.9784969
1.505918 2.346568 2.633545 1.264082 1.048009
1.249608 1.714933 3.938439 1.588005 1.149885
1.490025 1.11233 1.677478 0.7211226 0.870306
0.9177168 1.453991 1.04743 -2.173954 1.206018
1.584826 1.118986 1.861689 1.274376 1.321177
1.751107 0.966624 0.7888597 1.147407 1.196784
1.196784 0.916105 1.09538 1.387096 -1.391772
1.178422 0.855811 0.8652804 0.9539043 0.8058035
1.222101 1.2475 1.540284 1.710895 1.61665
1.229474 0.7270064 1.121273 1.402884 1.45806
1.45806 1.476972 1.698643 0.8729431 1.27274
0.9694209 1.535462 0.6797382 1.39622 1.137127
0.7337781 1.268981 1.274234 1.156675 0.9357699
1.480439 1.886876 0.7082075 1.092714 1.344746
1.508616 1.194794 0.9509155 1.318686 0.7847075
0.949253 2.01128 -2.747565 1.564304 1.323622
1.481171 1.423556 0.8766527 1.054516 1.661758
1.018046 1.133415 0.8505164 1.426608 1.064721
1.66546 1.732017 0.9291122 1.223797 0.6523277
1.07359 1.069258 0.9506513 1.073497 1.462688
1.304355 1.61495 1.335992 0.8701706 1.302321
1.22061 1.090043 0.7775375 1.560144 1.38354
1.310584 1.590244 1.531273 1.039792 1.656799
1.2342 1.140256 1.454898 1.28848 1.12972
2.230742 1.617019 1.799512 1.262159 1.127603
0.9024906 2.231649 1.353564 1.350121 1.183453
0.929591 0.984188 1.104779 1.202294 1.284468
1.781132 1.347267 1.66877 1.343927 1.205557
1.347999 1.20127 1.161241 1.285704 1.05409
1.400561 0.9509633 0.9215748 1.085578 1.976813
1.577958 0.9879539 1.226314 1.240886 1.050727
1.37553 1.232316 1.292287 0.7021655 1.153288
1.603508 1.059469 0.9887168 1.809506 0.6111493
1.435869 1.740537 0.9654011 1.176349 0.8848112
0.8382133 1.190176 0.8848761 0.95942 1.123341
1.167838 0.8013085 2.410816 1.062036 -1.652385
1.215756 1.770217 1.25954 1.062562 1.2569
1.077483 0.9418071 1.142353 2.313479 1.518846
1.043812 0.7916309 1.032982 1.149268 1.528149
1.370431 1.204373 0.7889373 0.9376075 0.8811479
1.530448 1.228542 1.205775 1.386787 1.263965
1.189625 1.0988 1.551673 1.002082 1.039149
1.477669 0.765275 1.555596 1.253556 1.370743
1.187736 0.9192833 1.292998 0.9615044 0.807414
0.7036668 1.819392 -1.624942 -1.934951 1.785299
0.9527683 1.809104 -1.221339 0.8322614 2.145629
1.002837 -1.353295 1.630831 -1.72557 0.9384786
0.8426206 1.329888 -2.680524 -2.448393 -1.751471
-1.753614 1.226617 1.090012 -2.173954 -1.033374
-1.148196 1.360132 -1.622555 1.377888 1.321177
0.719237 -1.159041 -2.448558 -0.8934163 1.006189
0.9982968 1.605462 -1.605462 -1.391772 -1.084221
1.118463 -2.13541 1.211874 0.7425774 1.130531
-1.189561 -1.557902 2.545003 1.199439 -1.37701
0.9907618 -2.026748 -1.517444 -1.536372 -1.379569
-1.13775 -5.737018 1.709274 -0.9481229 -1.221747
1.715485 0.7812763 0.7812763 0.9681251 -1.275528
1.520606 -1.079847 -2.290474 0.8060562 0.8060562
0.7688523 -2.36295 0.6821491 1.018046 1.019032
1.050106 -1.692547 -2.034834 1.038074 1.038074
-1.462438 1.910836 1.191902 1.191902 -1.469876
1.407265 -1.934153 -1.093889 -1.21108 1.310584
-1.809972 -1.566307 -2.226941 -1.109592 -0.9706325
-1.309666 -0.9217623 -0.9217623 -1.223454 -1.223454
1.748214 1.047572 -2.407244 1.181461 -0.9962757
-1.833028 1.854941 -1.169846 -1.31972 -1.699154
0.9889265 -2.139971 2.257749 -1.134159 -0.9467621
-1.656312 -2.034825 -0.8380202 0.8380202 -1.229511
-1.386605 1.348585 -1.516758 0.8432589 -1.833397
1.749987 1.254945 1.237293 1.806752 1.806752
-1.197513 -2.736803 1.222159 0.8948448 -1.359218
0.8057186 -1.42737 -1.067155 1.425913 1.128478
1.128478 1.128478 -1.401367 0.9418071 1.413762
0.9608129 -1.069441 0.6907864 -1.354676 1.167179
-1.123412 0.7571348 -1.10785 -1.192031 -1.785349
-1.206249 -1.25731 -1.052009 1.018302 -0.7621163
-1.109477 -1.791781 1.263965 1.041346 1.142358
1.142358 -1.525577 2.235758 -1.132891 -1.137919
0.765275 -0.9981024 -2.478619 -1.405414 0.9314975
-0.9173793 1.527555
