2.143282 -2.510967 2.408549 -2.291733 -2.838728
2.239665 2.695513 2.083801 2.323457 2.005271
2.706493 2.542839 2.908558 2.219803 2.44506
2.349404 2.666295 2.211612 1.654612 -1.906806
2.119925 2.82338 1.774245 1.839293 1.944866
2.365524 -0.9928846 1.074586 1.896568 -1.619004
2.417422 -1.857176 2.057871 2.18676 2.624116
-1.378542 2.515797 1.891451 -1.878924 1.946886
-1.805625 2.071719 -0.4313447 1.252167 -1.775809
1.578791 -2.193375 0.8504087 1.908388 -2.335703
-2.335703 1.396002 2.22617 -2.260266 -1.980008
-1.696272 1.865455
