1.728781 1.814962 1.643364 1.1319 1.817193
1.746232 1.861131 1.693468 -1.432543 1.82196
1.39806 -1.396146 0.6326878 0.8700857 1.29846
0.8976356 1.078834 1.116173 1.511685 1.335987
1.269684 1.482179 2.051093 0.9780798 1.099559
1.76384 1.952956 1.759198 0.9953838 1.260075
1.888361 1.888361 1.328741 1.102556 1.758012
0.945928 1.872945 1.783913 1.577606 1.757594
1.088623 0.7416263 1.533327 1.134815 1.681118
1.64528 1.280784 1.462414 1.233744 1.504422
1.164396 1.83171 1.127238 1.241033 0.4415912
1.833952 1.687646 1.705682 1.770869 1.747811
2.217322 1.201446 1.277797 1.844532 1.712238
1.578988 1.319747 1.072531 2.167139 0.8267002
0.990506 0.6020487 1.092075 0.8990537 1.463185
1.645032 1.588484 1.619616 1.091678 1.361059
1.432679 0.7085352 1.274051 0.8062949 1.438843
1.496813 1.150577 1.155493 1.120183 0.9985308
1.331725 1.51278 0.2693987 1.509896 2.575428
1.716739 1.406591 1.606247 1.554055 1.844129
0.9530109 0.4017511 1.596148 1.536884 2.807987
1.683132 0.9587305 1.354629 0.837332 1.239277
1.818252 2.721598 1.349302 1.36034 1.99696
1.662964 1.941958 1.638755 1.600611 1.089491
0.9266845 0.7578937 0.7578937 0.8976241 1.136369
1.657366 1.132338 1.78222 0.7378972 1.629612
1.410627 1.392425 1.095434 0.7952982 1.510871
1.510871 2.66148 1.010862 1.597685 1.910753
1.272582 1.432069 1.868871 1.428957 1.494554
1.874741 1.874741 2.163406 0.9212601 0.8793632
1.368592 0.6364558 0.7821149 1.52274 0.890346
1.306695 0.9932167 0.9932167 1.585667 1.964818
1.111563 1.578881 2.152685 1.349173 1.337647
1.058597 0.9072075 1.321984 1.325674 2.210857
1.219731 1.101067 1.359701 1.117008 0.7750401
1.863193 1.406075 1.294588 1.562108 1.707739
1.456485 0.7738923 0.8077726 1.601391 1.270534
1.099728 1.622328 1.522811 2.002637 0.750455
1.575787 2.286503 1.189689 0.1782308 -1.746953
1.283761 0.9775221 8.629049 1.79672 1.756927
2.252586 1.70616 1.187573 1.841909 1.544361
1.544361 1.396146 -0.7043383 0.3091797 0.8048558
0.6787629 1.280784 1.487954 -1.200213 0.4262346
-0.8501501 -2.069737 1.705196 1.29427 1.361059
0.9920345 1.930692 -0.3735158 1.282921 -1.781313
0.6190585 1.230964 0.3054697 0.4933346 1.964818
1.40765 1.863193 1.394429 2.002637 -1.281781
1.693468
