2.064442 2.587016 2.264303 2.458945 2.206774
2.328624 2.122675 2.882431 2.588615 2.920392
1.645884 1.973464 1.627059 1.94496 1.591179
1.539031 3.144479 1.735839 2.175379 2.290764
1.537044 1.612642 2.230454 1.589175 1.623888
1.591179 1.85777 1.835109 2.002955 2.476934
1.863359 2.248652 1.505416 1.629114 1.656804
1.945866 1.912148 2.071179 1.866939 2.17108
1.494348 2.206774 1.5061 1.611193 1.607645
1.672562 1.081345 1.147205 1.685249 1.682313
2.063261 1.743768 2.360676 1.666756 1.560601
1.303399 1.514984 1.267452 1.919079 1.39823
1.400894 1.652116 1.083035 1.240606 2.250746
1.615234 1.775339 -1.139322 1.12422 1.190459
1.604778 1.327933 1.19758 1.480125 1.501261
1.669807 1.866101 1.269254 1.63649 1.229257
-1.596663 1.846845 1.559381 1.502405 1.454838
1.388945 1.568326 1.469912 1.539667 1.213488
1.269715 2.203137 -1.792945 1.102299 1.319501
1.465775 1.482121 1.683136 1.582742 1.530313
1.426782 1.160047 1.612654 1.757274 1.484426
1.096073 1.812019 1.29426 1.407713 1.335046
1.248156 -1.380383 1.500746 1.500746 1.304605
1.330445 1.347793 1.631276 1.350186 1.547275
1.165689 1.747058 1.336732 1.865422 -1.414772
1.384694 1.821854 1.315974 1.165214 2.01865
-1.868689 -1.694647 1.530343 1.309762 -2.157616
-1.194876 1.226315 0.9141804 1.515403 1.38902
-1.672788 -1.332963 1.314632 1.361619 -1.264436
-1.483587 1.407207 -1.330058 -2.76953 1.12422
1.715669 1.592444 1.568339 -2.394932 -1.847539
-2.526635 1.497659 -1.286359 -1.559699 -1.399591
-2.195879 1.230032 1.230032 -1.475089 -1.913289
1.426782 -1.785131 -1.763992 1.800855 1.232605
1.505301 -1.900328 1.597061 -1.317637 1.351443
1.237293 1.237293 1.757125 -1.423142 1.478611
-1.418555 -1.891436 2.206774 1.134581 -2.734258
-1.319282 1.816836
