2.28036 -2.635937 2.591081 2.684215 2.426389
-3.040935 2.482493 -2.554188 -2.545265 2.253035
-2.612603 2.350601 2.515266 1.909444 1.979634
-2.226604 2.197054 2.198803 -2.741023 2.461772
3.514635 2.598678 2.483655 -2.619032 2.045489
2.455522 2.494236 2.581422 2.770756 2.629845
2.7395 2.121894 2.065768 -2.573431 2.236506
2.303622 2.687798 -2.328664 2.208556 -2.226604
4.403766 2.675808 2.886629 2.178214 1.778443
2.151935 2.069724 -2.20526 2.160574 -2.423986
-2.617358 -2.026921 -2.157141 2.46609 2.506209
2.450947 -2.021724 -2.620054 2.298195 2.336571
-1.980203 1.691689 3.344863 2.36695 -2.214736
2.552065 1.712864 -2.771623 -2.372623 -3.120137
-2.123621 3.514635 -2.328804 2.253035 2.581422
2.581422 -1.782027 -2.05619 1.696027 1.503399
2.002989 1.892476 2.008691 1.739805 2.0874
2.660248 2.075023 -2.174936 1.969864 -2.180994
-2.229605 -3.393887 -2.506209 -3.514635 2.378724
1.643842 -1.527816 1.66972 1.372733 2.002989
1.557369 2.961093 -1.712864 2.195209 2.878298
1.86787 -2.440398 2.727614 -1.899868 -2.878298
