2.863711 2.327463 2.392813 2.187056 2.153323
1.888144 1.758258 2.414971 1.920988 2.350773
2.430409 2.359898 2.492087 2.721107 2.062092
2.886267 2.480419 2.44384 2.741414 2.251027
2.111229 3.107193 2.567609 1.576135 2.081135
1.832865 1.971149 2.095815 2.309304 2.147923
2.112845 2.496578 1.98314 2.18027 1.85193
1.99837 2.693243 1.946132 2.171146 2.363583
2.060327 2.192327 2.026097 -1.384049 1.798336
2.696938 2.53263 -1.964389 -2.698908 2.602184
1.962702 0.9026426 -0.6772554 1.815756 -1.672545
2.003431 2.593006 1.944019
