-2.0304 2.281414 2.140275 1.349541 2.270657
2.613047 -2.993524 -2.112005 1.851948 1.61318
1.666784 1.527005 1.240592 -1.142415 2.828091
1.909907 2.493818 -1.876225 -1.613062 1.089575
1.668486 2.556667 1.316214 1.300593 2.2297
1.349037 2.268488 1.976461 -2.456349 1.821433
1.289888 1.702688 1.601793 0.908731 1.953243
1.683893 3.017431 1.678196 2.118385 -1.940137
1.248382 1.797422 1.800567 1.79147 1.436683
1.676268 1.191058 1.745421 1.363978 2.305231
1.702587 1.867888 1.383741 1.016024 -1.69031
1.638436 2.728254 2.333316 -1.528322 2.268488
1.550098 -1.910851 -1.989231 1.600946 2.526716
1.800567 -1.248108 1.248108 2.993524 -2.111747
2.541962 1.643421 1.033097 1.987589 2.342607
1.573417 1.233789 1.586302 1.579094 1.027341
0.9339371 1.152616 1.413245 1.145515 1.326589
1.532129 1.111675 1.839959 1.043878 1.315923
1.528322 0.8163232 2.466248 1.053085 1.183416
1.12518 1.140747 0.9311865 1.163322 1.566181
1.988576 1.682419 1.031157 -1.121435 0.9638023
1.802301 1.199792 1.116773 1.153578 0.9527946
0.9662521 -1.332049 1.233255 1.163539 1.475679
0.9886582 1.177078 1.395147 -1.398357 1.19524
1.812253 1.368957 1.165975 1.202152 1.108919
1.083968 1.27855 1.513374 1.374378 1.050917
1.156463 1.315111 -1.619923 1.663921 1.016024
-1.166394 -1.071651 2.601592 1.334277 -1.229783
1.039745 1.612893 1.289888 1.808074 1.372714
1.243327 1.243327 1.138268 1.248108 1.248108
-1.135954 1.275063 1.432398 1.323458
