2.400902 -2.774009 1.824877 -2.424888 1.831069
1.920381 2.600055 -2.559469 2.297539 1.319542
-1.799455 -2.220336 -2.277928 -3.334182 -1.858336
-2.415355 -2.628109 2.105962 -2.143323 -2.384965
2.846241 1.531151 2.328776 1.448514 3.808958
1.591741 1.593956 -1.347769 1.240758 1.023713
1.087424 -1.354933 -1.709962 -1.357371 0
0.9876846 1.331499 -1.384747 1.419353 1.31286
1.204741 1.010524 1.542831 1.264349 1.185342
1.105678 1.30696 1.474583 1.770476 -1.412588
-2.231394 1.179553 1.418417 1.080482 2.130065
-1.888864 1.361468 1.70197 1.145635 1.059502
1.603749 1.771816 1.384471 1.317763 -1.267897
1.222611 1.753311 -1.48588 1.073971 1.149163
-1.234216 -2.435692 -1.664373 -1.389465 -1.392942
-1.288188 -1.026249 -1.184703 -1.262356 -1.2926
-1.964633 -1.21362 -1.21362 -2.168461 -1.299714
-2.102728 -1.452234 -1.817953 -1.396886 1.281647
-1.633049 -2.165803 -2.628109 -1.928515 -1.891228
-2.524959 -1.075836 -1.628798 -1.501243 -1.501243
-1.459575 1.569524 -2.297539 -1.513525 -1.491269
-1.688621 -1.688621 -1.697375 -1.503073 -1.583578
-1.567284 -1.253671 -2.638619 1.423675
