5.127508 2.754406 2.646466 2.749736 3.403799
-2.956125 2.4547 2.408629 2.331546 3.1848
2.281545 2.529579 2.555579 2.670099 -2.589454
2.554095 2.661293 2.780628 2.415538 2.489644
0.2373549 -1.223984 2.556879 -1.672988 -1.017059
-0.213807 -0.5412679 -2.23748 1.457832 1.868975
2.695832 -1.814249 -2.767152 -2.191399 -2.120562
2.853976 -1.254815 -2.266088 -2.466627 2.73253
2.497274 2.52141 3.146464 2.208377 2.618314
-2.633174 2.868342 2.853847 2.427134 -0.4966477
2.050193 2.780408 -1.710631 -2.501723 -0.7561222
2.464119 -2.298421
