1.737316 2.264535 2.077607 1.679811 -2.6941
2.202828 1.712205 2.024101 1.957123 2.218134
1.709175 2.176878 1.496679 -2.562262 -2.202114
-2.234597 -2.238702 -2.00887 -1.347746 -2.309192
-2.327929 -1.526847 1.144647 1.195579 1.661325
1.437428 -1.180032 -2.803196 1.295188 1.772318
1.893166 1.606212 -1.812579 0.5814433 1.693691
1.920536 1.733726 -2.04935 1.678246 -1.298175
1.382221 -1.917252 -1.8412 -1.28693 -1.62824
1.857148 -1.631294 -1.730181 -1.557483 -2.239126
-1.842715 -2.060288 -1.812579 -2.482806 -1.796406
-1.763562 -2.105748 -1.944239 -1.944239 -2.063855
1.577754 1.319004 1.093256 1.413555 1.170673
1.342911 1.399284 1.707457 1.137839 1.649069
1.045212 1.040025 1.139016 1.262862 1.097568
1.276219 0.9748493 1.190276 1.299831 1.332555
1.562587 2.12597 1.112581 1.25177 0.970277
1.0412 1.226206 1.220299 1.310493 1.375521
1.202622 1.370845 1.584135 1.359773 1.604328
0.9119529 1.310937 1.313513 0.8585301 1.719785
1.727287 1.115438 1.413193 1.299317 1.711096
0.8844039 1.163586 0.9778506 1.025117 0.9649458
1.165289 1.364457 1.903924 -1.648592 1.382221
-1.192808 -1.779407 1.479598 -1.149913 -1.435377
-1.260446 1.711096 2.001587 -1.056343 1.678246
-1.216001 -1.508862
