2.614774 -2.9081 2.415503 2.752159 2.722465
-2.823022 2.631273 3.122157 -2.736364 2.969961
2.734035 3.114678 3.019723 -2.723544 2.152254
2.664007 2.816053 -2.766325 2.308257 2.511868
2.98965 2.747942 2.549536 2.719106 2.817133
2.44203 2.885282 2.870863 2.772709 -2.647867
2.544872 2.364036 2.731393 2.87673 2.772709
2.206112 2.723771 3.015576 3.114738 2.782125
-1.983202 2.401248 2.364807 2.651709 2.763171
-2.441173 2.716069 2.806472 2.090891 2.210257
2.808648 -2.061132 -3.030849 2.076714 -2.352812
2.943217 -1.617324 2.346657 2.236045 2.559778
2.142908 2.13909 1.756951 1.863538 2.102037
2.635437
