-3.036014 -2.325885 2.448996 -2.655681 -2.788783
2.722871 2.620255 2.780554 1.655987 -2.817176
-2.499657 -3.392953 2.243903 2.709353 2.726834
2.140268 2.213463 2.406563 2.341542 -2.389949
2.370899 2.265135 -2.825004 2.193757 2.608893
2.716571 2.164838 2.406563 -3.392953 -1.998646
2.213096 -2.448996 -2.625941 -1.971899 -2.772778
-1.937276 -2.834308 -1.147435 1.291111 1.254384
1.899418 1.869654 2.254601 2.219844 2.048432
1.645598 1.931799 -1.36527 1.966016 1.637721
1.621718 1.731737 2.407574 1.534219 -2.212396
2.584682 1.256572 2.440358 1.942839 1.751011
-1.981583 1.73104 2.047011 -1.750883 1.733274
1.56181 2.201084 1.597281 1.741205 2.293474
1.603882 1.542397 2.910085 1.960965 -1.625711
1.26822 1.543662 2.570745 -2.90347 2.213463
-1.724181 1.621718 -3.392953 -2.389949 -2.389949
-1.610821 1.37157 -1.920047 1.687726 -2.171863
2.200895 -2.036965 -1.238101 1.354727 -2.340789
-1.808131 -2.293474 -2.794688 -2.522307 -1.445275
2.67836 1.112828 -1.967236 1.566899 1.08556
1.090489 1.91095 2.497824 1.210585 1.424629
1.84056 1.169219 1.915014 1.657196 1.890049
1.146907 1.489297 1.873171 1.722056 1.266675
1.493312 1.941713 2.142109 1.201633 1.331606
1.356573 1.191173 1.147269 1.256692 1.256692
-1.616215 1.724181 -1.404386 -1.340788 -1.340788
-1.851801 1.408591 -1.624026 -1.528377 2.401366
-1.445275 -2.059322 -2.059322
