1.85583 2.471917 2.840972 2.216894 2.427855
2.322092 2.243768 2.159456 2.281063 1.944115
1.950665 2.609909 2.528596 1.815362 2.451961
2.364379 2.492789 2.81 2.311677 2.004409
-1.883051 2.070006 2.169708 -2.264581 1.978342
2.223392 1.902811 1.88823 1.719479 2.100579
1.725487 2.275742 1.997286 2.50152 4.346945
2.164223 2.516821 2.457525 1.536168 2.634046
1.895 1.769221 2.200132 2.066866 1.562648
2.361101 2.26935 2.470368 -1.620717 2.846508
1.950665 1.890717 2.299776 1.846793 1.868972
2.428862 2.350756 2.308719 2.145728 2.30888
1.897995 2.012124 2.322007 2.611352 2.64657
2.145728 2.381428 2.790391 4.311453 2.945294
2.890818 2.26935 2.532775
