2.014688 1.694982 1.212815 2.115421 -1.582628
-1.491259 1.853475 1.838333 -1.779875 1.740245
1.452196 2.733342 1.060639 1.159798 1.112341
2.077366 1.749918 1.503603 1.82134 1.484506
1.57498 1.462161 1.848257 1.94513 1.55046
1.403339 1.534403 1.58219 1.833476 1.665615
1.177602 1.628987 1.858655 1.802858 1.986771
1.71512 2.218447 1.695311 1.936685 1.502359
-2.216328 1.772667 1.999151 2.409077 1.698805
1.16555 1.813336 1.672643 1.977587 2.255605
2.105043 2.215355 2.649677 1.97523 -1.631877
-1.582628 2.250782 1.60298 -2.02073 -1.414812
1.236237 -3.055962 -1.698285 -1.777947 1.384027
1.232726 2.22434 -2.572641 -1.84731 2.063677
1.628987 2.375847 1.499159 1.983069 1.906647
1.566754 -2.141563 2.506821 2.025738 -1.781534
1.180516 2.79981 -1.407077 1.527836 1.457096
1.342412 1.480902 1.582547 2.392645 1.044812
1.658948 2.016662 1.356122 1.045483 1.408836
0.8855344 1.567862 1.072605 1.087155 1.547703
-1.376138 1.718051 0.8395091 1.864067 1.104346
0.9155935 0.9430451 1.554542 1.014005 1.153961
1.824913 1.144542 1.031181 1.283401 1.732693
0.7742779 1.208433 0.9426273 1.281091 1.191457
1.078244 1.627513 1.060402 1.583629 1.160907
2.286691 1.916477 -2.164095 1.353272 1.657758
1.175667 1.447599 2.30269 -1.14706 -1.270832
1.207426 1.283302 1.10344 1.451177 0.941853
1.156457 1.501603 -1.398585 1.190747 1.766241
1.449451 1.12929 -1.513862 0.9804282 1.209214
1.548667 0.9169533 1.025108 -1.154671 1.37899
1.078966 0.9393915 0.841876 1.32717 0.9677935
1.320919 -0.9414664 -1.657231 1.123648 1.097653
1.44201 1.068547 1.173379 1.187335 1.176489
1.673388 1.598323 1.100162 1.165608 1.507156
1.091158 0.8583164 1.612458 1.740724 0.9550779
0.9810291 -1.12899 -1.553778 0.9896446 -1.412392
1.165353 -1.435638 2.63766 -2.632528 1.951331
1.298895 -1.170731 1.871722 1.755656 1.554542
0.9153557 -1.563587 -1.178221 -1.194002 -1.219767
-1.219767 -1.235779 1.191457 1.27917 -0.9313434
-1.848257 1.48632 -1.346473 -1.217115 1.584488
1.584488 1.58219 -0.9363125 -1.520079 1.2897
0.9455309 1.870029 -1.351496 -1.989225 1.767593
-1.635508 -1.345919 1.345919 1.021723 1.999151
-1.522638 -1.522638 1.173379 1.220133 -1.16555
-1.37553 -1.21763 1.224624 1.397001 1.20933
2.431892 -1.383768 1.822541 1.244803 -1.100726
1.826874 0.9468537 1.871722 1.56463 -1.420532
1.592274 1.241919 1.330409 1.330536 1.674019
-1.379884 1.455051 -1.293738 1.507557 1.700889
0.8882306 -1.166055 1.284669 -1.559447 1.633936
1.012654 1.146727 1.147383 -1.48039 1.780455
1.302069 1.023053 1.219029 1.216819 -1.540993
1.064153 1.252813 1.096051 0.9830728 1.349621
-2.216638 1.161636 1.169717 1.85883 1.159937
0.8605892 1.206838 1.461032 1.205219 1.736594
-1.81454 1.192596 -1.339726 -0.9896446 -1.481898
-1.199177 -1.13487 1.592541 -1.060402 -2.529884
1.248238 -1.736359 -1.79567 -1.5359 -1.105894
