-2.295914 1.65357 2.567981 2.448219 2.313485
2.29537 2.182307 2.695184 1.532182 2.019154
1.708099 2.002421 2.46675 2.847596 2.427346
2.7461 2.067565 2.941229 2.711417 -1.909251
2.185931 2.013712 3.030644 2.512071 1.990866
2.795691 2.950144 1.917574 1.707393 1.977188
1.872514 1.726415 2.029265 1.838126 2.384672
2.133518 2.237613 2.551855 2.079194 1.752456
1.772378 2.635512 1.847556 2.78489 1.993842
-2.008654 1.930358 1.904289 2.324289 2.085883
-2.835887 1.754834 -2.370171 -2.650718 3.088811
2.467979 -1.850795 -1.850795 1.876223 2.283138
1.804505 2.503942 -0.5781493 1.058158 -1.661573
-2.000115 -1.800989 -1.904044 2.161934 -1.59604
-2.351876 1.807172 1.626837 1.535855 2.02048
1.816833 1.50562 1.465585 1.669446 2.175532
1.699903 1.564083 2.780893 1.9527 1.464271
1.312394 1.895707 1.785837 1.668859 1.657525
1.577239 1.98838 1.73267 1.251485 1.37395
2.78871 1.600667 1.661286 1.410797 2.597335
1.164932 1.648949 -1.368366 1.663314 1.616452
1.642042 1.82221 -2.583407 1.491091 2.354239
2.04767 1.440005 1.571216 1.335451 1.595672
2.23274 2.46015 2.007161 1.623846 1.692566
2.00004 1.417783 1.803884 2.262478 1.360608
1.764435 2.373311 2.090935 -1.679264 1.563636
2.308352 1.715361 1.625435 2.50331 1.087223
1.783197 1.416112 1.805912 2.004835 1.830809
1.851432 1.26884 2.167573 1.742054 1.844503
1.346748 0.8120862 1.869252 2.030088 1.983979
1.301666 1.628192 2.053153 2.060325 1.924357
1.260681 1.97213 2.082054 1.505058 0.9741021
1.568168 2.057578 2.105689 1.274405 2.250156
1.956153 1.305113 2.834083 1.445871 2.759122
1.445052 1.176266 2.059483 2.630556 1.891941
1.722473 1.41468 1.614746 -1.351897 1.465464
1.093784 1.763214 1.733018 1.981497 -1.584168
1.956167 1.622366 2.072634 1.170102 -1.868597
1.291009 1.407655 -2.224565 1.864741 0.74722
2.085883 2.085883 -1.656915 1.607024 2.415257
1.661286 1.018461 -2.002909 -1.762762 -2.583407
0.5352045 2.429091 2.052415 1.708099 2.002421
-2.002421 2.088152 1.457635 2.751916 -1.671785
2.503942 1.191718 1.983979 1.917574 -1.500506
-1.876602 -1.876602 2.624694 2.133518 1.999063
2.08978 1.394035 1.740217 -1.596442 -2.921952
1.577965 -1.59604 1.162372 1.752456 2.016885
2.635512 1.897959 2.23037 -1.911326 -0.8451471
1.046971 1.838017 1.874583
