2.192268 1.758289 2.178453 1.773491 2.012903
1.587217 -2.139627 1.92922 1.446538 1.109228
-1.725847 1.433588 1.876399 -1.737005 1.326728
-1.877532 -2.345131 1.911539 1.598177 1.84943
1.424177 1.486573 1.705067 1.140763 2.202056
1.588328 2.03807 2.223899 2.516124 1.805187
1.860578 1.480775 1.887734 2.149136 1.559334
1.514183 2.083927 1.51766 1.150479 -1.740344
1.607603 1.878202 -1.865681 1.758289 1.922962
2.274686 2.079624 1.612225 -1.705067 -2.016259
-1.181065 0.3292589 -0.6458947 2.457321 2.127963
1.773491 1.773491 2.007461 1.379482 1.481886
1.368901 1.559334 1.920115 1.920115 2.853873
1.77934 1.92922 1.586026 2.059178 1.750879
0.9249103 2.345131 1.757883
