3.334459 2.571002 1.952704 2.462317 2.296792
-1.809154 2.315973 2.5591 2.432411 2.257107
1.992495 2.208715 1.8101 1.552381 2.470756
1.49102 1.704911 2.600417 2.476703 -1.58018
3.058038 1.498652 2.137717 3.334459 1.782613
2.80409 -1.524629 1.434928 1.437081 2.830512
2.043915 1.708239 2.537116 1.61211 -1.762899
1.807588 2.324211 -2.410277 1.517942 -2.069463
2.14678 1.545251 1.45017 1.359649 2.1276
2.132652 2.168411 1.481924 1.486839 1.285065
1.120229 -2.312289 1.676438 1.992874 1.165276
2.15749 1.685482 1.181786 -1.342033 4.136247
1.638154 1.549422 -2.626039 1.61211 3.058038
1.390102 -1.6452 1.698912 1.371057 1.252449
-1.615983 2.355813 -2.221031 -1.972355 -1.727596
-2.401292 -1.704911 1.345033 1.25381 1.127609
1.570942 1.437081 1.737581 -1.797606 1.660243
1.130484 2.395217 1.472776 2.440574 -2.526887
1.507166 1.643277 1.637863 1.742584 2.192131
-2.169095 2.190956 1.871934 -2.318964 -2.501498
-2.084241 1.582296 -2.367665 1.857815 2.177179
