-2.484402 -2.881986 -2.897535 -2.762824 -1.893325
-2.647318 -2.971861 -2.971861 -2.797284 -2.951246
-2.739031 -3.042361 2.552481 2.290326 2.886243
2.756739 -2.71984 -2.318735 -1.945271 2.694504
-2.431477 -2.504187 -2.469031 2.638376 -2.205782
-2.848672 -2.296471 2.571322 -2.676596 -2.609525
-3.136634 -2.718809 -2.410978 2.886243 2.886243
-1.846806 -2.848672 -2.962873 -2.102698 -2.102698
-2.101576 2.455999 2.69027 -2.604997 -2.304063
-2.073702 -2.191423 -2.862559 -2.578446 2.381026
-1.87468 -3.136634 2.065087 -1.670507 -2.248933
-2.987471 -2.101576 -1.525605 1.352109 2.381026
1.855707 -0.6333768
