1.027192 1.049852 1.075733 1.995905 1.143482
1.904019 0.8699266 -1.660573 1.319657 1.128377
1.814862 2.224155 1.528323 1.507991 1.11107
1.321941 0.9319671 1.503539 1.007714 1.013695
1.178487 0.9770703 2.728641 1.042546 1.030979
2.15258 2.883096 1.12604 1.539309 1.188195
1.225554 1.166825 1.542269 1.429849 1.153294
1.263081 1.013122 1.811873 1.765476 1.09049
1.338456 1.548019 1.310612 0.8635432 -1.908788
1.129475 2.258968 -2.163108 1.400058 0.9871492
-1.919316 2.728641 0.9271405 1.661102 -2.349561
1.438273 -1.616365 -1.635569 1.325264 1.107321
-1.743034 -1.031147 1.013122 1.210526 -1.946956
1.656897 1.80415 -1.681317 1.692535 1.27574
1.141668 2.849935 2.415305 1.467015 1.292916
1.003114 1.297603
