2.774938 2.095834 2.470853 2.074186 2.17456
2.182689 2.502048 2.411412 3.050952 2.403375
2.140024 2.172507 2.070521 2.366194 2.928644
2.631732 2.558609 2.279627 2.287791 2.229854
2.511229 2.452372 2.695671 2.328437 2.434385
2.127326 2.726182 2.02389 2.726837 2.176002
2.251337 2.895905 2.144863 2.918897 2.675141
2.604461 2.551224 2.769081 2.162385 1.914146
2.086551 2.619307 2.443141 1.967611 -2.243651
2.002996 2.132416 2.341289 2.487716 -2.253
1.730094 8.85146 2.707048 -0.8359334 2.408455
-2.875271 1.960978 -1.910573 2.441962 2.152002
1.998892 2.52306 2.52306 2.472452 2.097287
2.235874
