2.791957 2.854146 2.358505 2.630286 2.968897
2.71259 2.729908 2.518918 2.867367 3.032291
2.765317 2.740036 2.071626 2.167133 2.209066
2.499289 2.655818 2.604592 2.587982 3.005741
2.605984 5.058418 2.428209 2.848635 2.685023
2.623499 2.495846 2.506448 2.68804 2.66086
2.628986 2.677042 2.451042 2.703422 3.302017
2.477722 2.835686 2.954848 2.910371 2.503823
2.552866 2.636845 2.94762 2.584958 2.565861
2.494805 1.852133 2.740564 2.880937 2.461017
2.384774 2.594484 2.32757 2.453798 2.71371
2.465533 3.143236 2.218484 2.313241 2.68804
2.463293 2.720537 1.946709 2.426948 2.525687
2.58867 2.447249 2.602461 2.692369 2.672713
2.471362 2.60141 2.571026 2.672077 2.69459
2.374726 2.290053 0.9286461 2.384774 2.649974
2.453798 2.848635 2.334105 1.814893 1.731375
2.118224 2.118224 1.349417 -2.772221 2.581702
2.703422 2.083461 1.852133 1.898976 2.59727
2.735791 1.436749 2.787046 2.787046 1.909226
2.425246 2.339341 2.238482 2.570185 2.648121
2.279796 2.065196 2.741586 2.396209 2.629408
2.177718 2.301194 2.357836 3.036765 2.636064
2.354834 2.761234 2.536382 2.360078 2.772221
2.24172 2.257909 2.745653 2.515482 2.771936
2.961037 2.553092 2.541826 2.308189 2.513466
2.461017 3.006133 1.705656 2.398542 3.052148
2.449765 2.382062 2.007262 2.790385 2.68804
2.197421 2.463293 2.431998 5.25463 2.353213
-2.824959 2.658368 2.447249 2.058346 2.410267
1.071783 2.258186 1.724133 2.066368 2.066368
2.306146 2.584306 2.403028 2.275518
