-2.227195 2.796216 -2.04376 -2.467589 1.796718
1.105925 1.4309 1.96718 1.106996 1.023512
1.27465 -0.9616421 1.221437 0.9347547 1.097503
1.043862 1.143333 1.36385 0.885149 -1.234206
1.475492 1.625815 1.949831 1.342503 -1.2595
1.771023 1.486865 1.390933 1.361205 1.329647
1.863394 0.910329 -0.7118049 1.586488 -2.054025
1.339829 2.323387 1.967348 -2.042969 -1.272709
1.482365 -1.608224 1.717818 -1.41299 -1.928961
-1.951481 -1.371919 -1.027861 -1.204946 2.488878
2.397258 1.723829 1.305882 1.390007 0.8763311
1.222937 0.9205185 1.480313 1.958041 1.283429
1.647781 1.182385 1.095888 1.043273 1.703042
-1.574478 -1.48837 0.9273324 1.383505 -1.276137
0.8666012 -0.8685037 -1.597061 1.771023 -0.7970747
-2.377485 1.172632 1.198037 -0.8281468 1.06633
-1.583136
