1.728692 1.197381 1.260452 -2.689339 1.537204
2.098671 1.655771 2.115457 -1.667361 -1.499974
-1.539765 -2.608357 2.012463 2.510061 1.295024
1.325116 1.509854 -2.282006 -1.000852 1.227568
0.8918082 1.438078 0.9269376 0.7976597 0.908394
0.9551174 1.092518 0.9243976 1.430536 1.21152
0.9782621 1.125564 1.528665 1.25411 0.9762802
0.8554442 -1.009131 0.8905614 1.175972 1.179139
1.204481 0.9931261 0.9721023 1.087008 -0.9687956
0.9995681 1.325116 1.087922 1.049643 -0.9515835
1.182613 0.7777838 -1.102299 -1.831716 -1.267145
0.9879539 0.9835788
