2.696083 -3.483792 2.859649 1.052587 1.877996
1.335777 2.410043 1.222793 1.29472 1.574759
0.7692925 0.8951742 1.263665 1.065625 0.865213
1.001914 1.348911 0.902962 1.504132 0.9183411
0.8200743 1.233454 1.172705 1.261038 1.167976
0.9244569 0.9188402 2.565353 1.572294 0.8469798
1.026932 0.8087302 0.831112 1.433234 1.158233
1.164643 0.9521932 1.310455 1.156634 1.433814
0.8950616 1.002264 1.577658 1.250705 1.312684
-1.164769 1.865676 1.260286 1.114497 -1.047346
1.298268 1.412169 1.065524 0.9936391 0.6886602
1.135476 0.949942 0.9003569 -1.426952 1.643425
1.320583 1.014517 1.110265 0.8354711 0.8893985
0.8873305 1.350592 1.023826 1.082594 0.96623
0.7889918 0.9266778 -1.722752 1.270086 0.9272203
-1.60603 -1.739659 2.507729 -0.9607598 -1.540858
-0.9781149 0.8642852 0.8589753 -1.286903 -1.032411
1.065625 -1.115158 1.526259 -1.62944 -1.055908
0.9377218 -1.103582 0.871078 1.052587 -0.7264354
-1.587052 0.9524888 0.9524888 1.865324 1.205457
1.455442 -0.9600986 1.816317 -0.8599038 -1.37756
-1.567069 1.562346 -1.432761 1.864367 -1.925122
-1.986907 -2.16665 -1.350114 -1.350114 -0.8354711
-1.174288 -1.516766 -1.155567 1.71329 1.240341
-0.9243344 -0.9243344 1.096272 1.096272 1.018402
1.301813 -2.607317 -1.158406
