2.938918 2.995779 2.85633 3.086956 2.761661
3.050646 -2.805399 2.600744 2.894364 2.513221
2.752202 2.741488 3.006601 2.850273 2.674716
2.532741 2.802221 2.954912 2.50835 2.599301
2.278914 2.703277 2.684022 3.038751 2.61814
3.011856 2.531475 2.814455 2.736962 2.880463
1.945514 2.965512 2.485043 2.96977 2.537548
2.477299 2.644322 3.091742 2.802221 2.575779
2.777825 2.532018 2.493109 2.426291 -2.506936
2.74297 2.174763 2.14033 2.260663 2.179883
2.134927 2.186247 2.395696 2.37393 2.565544
2.517446 2.145122 2.481846 2.699431 1.838613
2.09376 2.444207 2.240406 2.462776 2.415717
2.529425 2.118539 2.50557 2.440758 2.294908
2.443373 3.133841 2.69464 2.683959 2.352997
2.198692 2.576835 2.873305 1.982772 2.209597
2.673349 2.518896 2.0626 2.096738 2.801073
2.401925 2.283586 2.438042 2.515908 2.322406
2.155299 2.254359 2.834222 2.583343 2.658254
2.263457 2.699342 2.135713 2.419535 2.431669
2.36078 2.204563 2.207014 2.290989 2.057724
3.01242 2.186247 2.683643 2.477299 2.871851
2.013864 2.237423 2.444207 3.091742 2.462776
2.141998 2.913057 -2.302557 2.74297 1.929011
2.466538 2.777825 2.117808 1.153621 2.801073
2.531449 2.028733 2.458154 -2.187065 1.749427
2.449501 2.290989 2.337423 1.974585 2.196658
2.676036 2.557809 1.510309 1.611433 1.719765
1.024284 1.251644 1.321977 2.102632 2.279309
1.627687 2.145019 2.02331 1.039502 2.908948
1.289189 1.451963 1.875262 2.037945 1.255565
1.704322 1.562237 2.308997 1.927542 1.271905
1.548926 2.04152 1.123961 2.113605 2.058567
2.286407 2.752235 2.096664 0.9578064 2.066689
2.330903 1.953087 2.383897 2.689027 2.084982
2.617635 1.79409 2.030508 1.118862 2.689547
1.664811 2.283212 2.521664 1.106478 1.776133
2.699934 2.382589 2.386362 1.422274 2.329427
1.409802 1.913903 1.969475 1.711194 2.691767
2.501128 2.093941 2.495522 2.481065 1.493807
2.319755 2.873796 2.194436 2.664504 2.562946
1.659705 1.367353 1.493834 1.785181 2.21525
1.916752 1.152882 2.851944 2.371165 2.07517
1.902225 2.647048 1.364868 1.086735 1.733141
2.603195 1.709352 1.564839 1.120435 2.068833
2.826056 1.709509 3.079979 1.427186 2.266931
1.743526 1.663751 0.9910333 1.651495 2.046182
1.570519 2.254359 1.630995 1.4294 1.268432
2.241994 1.851984 1.722766 1.38986 2.202258
1.76215 1.566395 2.531475 1.642102 2.016542
1.769543 1.609272 1.609138 1.543069 1.682075
2.553979 1.866688 0.9298639 2.592362 1.097334
2.135617 1.909343 1.457866 1.944437 2.003655
2.245459 2.167454 1.27393 2.351067 1.420331
1.251518 1.818682 1.879327 1.845915 2.905815
2.624617 2.108709 1.851004 1.717731 2.196658
2.020949 2.020949 1.885808 -1.397016 1.441996
1.634066 2.426113 1.03044 2.06975 1.397085
1.488838 -1.067908 1.245829 2.324207 3.093105
2.096664 3.091742 2.326033 2.118539 2.118539
1.248543 1.664811 1.859288 -2.74297 2.294908
-1.651564 1.155348 2.544453 1.587516 2.354923
1.565117 1.873734 1.962286 1.82182 2.14632
1.923599 2.0626 1.362704 1.362704 1.54147
0.9091042 1.691548 1.005584 1.3934 1.881376
-2.099232 1.219963 1.345542 2.175715 2.76659
2.76659 -1.468657 1.468657 2.167454 1.266802
1.275445 1.410397 1.17462 0.8929641 1.202987
1.321643 1.171732 0.9688733 1.125057 1.382264
1.555616 1.05654 1.161902 1.413049 1.061436
1.496658 1.395098 1.036867 1.149321 1.340014
1.571499 1.035546 1.757939 1.602302 1.343148
1.209681 0.9975502 1.132036 1.282038 0.9027576
0.9564217 1.244689 1.545034 1.401765 1.637456
0.9628601 1.473774 0.9434062 1.681517 1.109951
1.967554 1.057606 1.521966 1.199003 2.402191
1.017999 1.027456 1.4697 1.04485 1.357496
1.221812 1.042859 0.8554238 0.794264 1.758965
0.9884635 1.13433 1.294796 1.019672 1.58817
1.968587 1.098642 1.195767 1.282633 1.105582
1.140171 1.20448 1.052013 0.9991804 1.168235
0.9080923 1.143707 2.517518 1.40879 2.239649
1.236068 0.8686472 2.328452 1.285434 0.9892513
0.9196758 1.110556 1.198295 1.926236 1.242463
1.077767 1.254799 0.9574054 1.044424 0.8123362
1.271325 1.033284 1.197951 2.261675 1.339003
2.116721 1.814526 0.7867879 1.107926 0.9266833
1.768124 1.16642 1.099196 1.934539 2.275181
1.309348 1.677117 2.330239 1.323149 0.9667263
2.175602 1.587533 1.41081 1.003528 1.491711
2.948772 1.176623 1.219823 1.219576 1.042855
1.332641 2.38518 0.9160395 1.080366 1.62342
1.897978 1.719235 1.165262 0.9169996 1.367425
1.136796 2.112592 1.200503 0.9097997 1.126438
1.237992 1.492841 1.154413 1.780072 0.9903671
1.172899 1.709734 2.449638 1.037056 1.056648
1.556992 1.01974 1.049902 0.9851549 1.31666
1.43253 0.8625451 1.051698 1.105474 1.277801
1.173424 1.068759 1.251992 1.213903 0.940472
1.711333 1.734435 1.162217 0.9941841 1.127202
1.845879 1.28684 1.230482 0.9612791 1.223278
1.552088 1.351837 1.107717 1.664859 1.032163
1.495853 0.9575953 1.103906 1.073208 1.473473
1.177809 1.420016 1.057805 1.214041 0.9740644
1.274207 1.802167 1.779279 1.023309 0.9849799
1.337516 1.765298 1.27542 1.379143 1.07006
1.275716 0.9071294 1.010072 1.62349 1.294216
0.9713377 1.394263 1.14727 1.399435 1.762707
1.545285 0.9486883 1.127689 1.556728 1.009769
1.009584 1.270533 1.236576 2.13644 0.851866
2.096368 1.548578 0.8318063 1.149145 1.786514
1.262656 2.365032 2.680985 0.994587 0.9349555
0.9158065 1.139849 2.307542 2.377019 2.23906
1.358604 1.018023 1.478612 1.273646 1.077749
1.382602 1.401874 1.846806 1.008602 1.631684
2.30676 1.013999 1.176244 0.7818566 1.312558
1.182929 1.177823 1.088544 1.081933 1.403151
1.456461 1.197743 1.546512 0.8427837 1.515573
0.9990885 1.234171 2.179047 1.278046 0.8610018
0.9250333 1.174691 1.50065 1.313379 1.190022
2.623097 1.312281 1.332402 1.432644 0.9293365
1.626024 1.456519 0.9756339 1.393292 1.363695
1.248517 1.650523 1.026602 1.483706 1.02446
1.326608 0.8387582 1.139105 1.31767 1.621359
1.158143 1.699105 1.029144 0.8762479 -1.888889
2.008574 1.125854 -1.570834 1.039502 2.009479
1.155525 1.924182 0.8571577 1.710096 1.103864
0.7880235 0.7880235 1.052649 2.06975 2.06975
1.112404 1.230207 0.922909 2.020009 1.067095
1.488838 1.154975 2.261675 1.984911 1.774368
1.106478 1.106478 1.106478 1.776133 0.9160395
1.859288 1.076006 1.382839 1.150694 1.522593
1.193271 1.154413 1.668218 -1.686027 1.246839
0.9851549 -1.242053 1.726719 1.002531 1.727649
1.153621 0.8890624 0.8683131 -0.985733 1.057805
1.427186 1.123598 1.005584 1.005584 2.241994
0.9982003 1.76215 1.881376 1.385892 -1.516676
2.553979 1.34949 1.34949 1.045283 2.445573
1.009939 1.345542 1.345542 1.457866 0.9578602
4.714445 1.370471 1.568725 0.967052 2.76659
2.76659 1.098543 1.468657 1.141714 1.141714
0.8748231 2.814404 1.27393 1.877832 2.351067
1.253042 1.312281 1.312281 1.818682 1.046781
1.07179 1.17462 -0.866986 1.129047
