2.851675 2.84882 2.672923 2.440474 2.769142
2.692312 3.139071 2.611241 1.63242 4.516908
1.681537 1.673728 1.837505 1.7135 1.657339
3.564019 1.603891 -2.238395 1.465297 1.931995
1.69995 2.02677 2.027804 1.596269 1.596663
1.956856 1.370304 2.357463 -1.603834 2.317864
2.533637 1.839898 1.346392 2.321707 2.05342
1.731511 2.50814 1.360457 1.460805 1.349417
1.61824 2.167566 1.6824 1.50175 2.565415
2.129257 1.504901 1.767362 1.224709 2.654309
1.541458 1.584283 1.616148 1.966379 1.60156
2.168192 2.312917 1.225918 2.44224 1.765424
2.238716 -2.23375 -1.864886 -1.366544 -4.94736
-1.750388 1.436886 1.302702 1.465297 1.321157
-2.74383 -2.119146 -2.593321 1.912496 -2.0124
