2.971925 3.149058 3.108602 2.813841 -1.066057
3.038796 2.643282 3.025382 -2.854801 -2.84988
-2.695139 -2.779247 2.553042 2.683314 2.679643
2.714012 2.693672 2.730897 1.92558 -2.853354
2.602716 2.985601 5.571361 2.260926 2.722903
2.81233 2.785629 3.041826 2.539874 -2.377504
2.628258 2.446712 2.689504 2.561392 -2.464467
-1.736694 2.423607 -1.593092 -0.4901096 2.863361
-2.782797 2.555914 2.249652 2.464721 2.871898
-2.63462 2.270387 2.43664 2.747113 -2.381414
2.456343 3.06848 2.749065 2.875284 2.624402
2.740204 2.581491 2.346768 2.770693 2.745882
2.624498 -2.571211 2.478868 2.734778 2.667584
2.427008 2.299491 2.309113 1.994533 -2.989078
-2.249652 -2.566841 2.457687 -1.976811 -3.092968
-2.381414 -1.170384 2.158749 2.470218 -2.628766
1.773034 -8.918055 -2.335751 -2.335048 -1.073368
-2.29378 -1.727418 -2.307131 -2.370575 -2.824435
2.410129 2.424656 1.803434 2.725891 2.319215
1.83731 1.936154 2.466182 2.645076 2.94607
2.404023 2.362447 2.786052 2.395602 -2.347306
2.972257 2.651707 2.129144 2.696694 2.676991
2.485598 2.157975 2.808699 2.571266 2.560072
2.07569 2.999601 2.480169 2.773239 2.029845
-2.350631 2.460504 -2.029465 2.173366 -1.69444
1.92734 2.961671 2.051382 2.124568 1.873181
2.211623 2.029711 2.681463 1.969932 2.253192
2.595107 2.201201 2.203895 2.014826 3.099464
2.808875 1.894166 -1.927778 2.298117 1.86816
2.02852 2.339559 2.60654 -2.413009 -1.55539
-0.5688479 -2.076279 -0.7971464 -1.362457 -1.121088
-2.147515 -0.9819593 -0.801656 -1.976523 3.092968
-0.2847063 2.129144 -0.2504222 2.580283 -1.794214
-0.3736899 -0.5948503 -1.681255 -2.399655 -2.6132
-1.610718 -0.9230956 -1.060444 -1.89 -0.7747842
-0.3980829 -1.349609 1.998956 1.657031 1.750726
1.995084 1.998035 1.362481 1.603507 2.539152
-2.830422 2.07367 1.740799 1.316104 1.861835
1.385109 2.84676 1.814298 1.309004 2.259232
1.811875 1.71224 1.37545 1.916253 1.846551
1.600267 2.080549 2.53133 2.101392 1.736693
-2.286096 1.817291 1.78526 1.673451 1.812474
1.912867 1.233981 1.386579 -1.945415 2.129012
2.064595 2.0008 1.676188 1.477977 1.631599
2.016319 2.166405 2.122443 2.174987 2.03704
1.689748 1.849056 1.61822 2.141864 1.43655
2.902309 2.323332 2.044075 1.698947 2.224356
1.841042 1.722297 -1.814344 -0.613145 -0.2722912
1.761603 -0.2098609 0.9623472 -2.147515 -0.5485736
-0.2842245 -1.743644 -2.485952 -0.4144709 -0.7998582
-0.2614812 -0.3385753 2.490164 2.146094 -2.194941
-2.854847 -1.945415 1.773034 -0.5644923 -1.445573
2.051382 2.007061 -2.007061 2.253192 -2.090523
-1.072536 -0.6204985 -2.107549 -1.880102 2.005858
2.339559 -0.8012379 -1.192443 1.734606
