2.962771 2.799273 2.511962 2.456707 2.527602
2.775514 2.825282 -2.273693 -2.786211 3.010283
2.866716 2.522915 -1.230545 2.557382 2.54071
2.364557 2.450984 2.811095 2.265922 2.07433
2.527602 -2.732556 2.737593 2.561865 1.785672
-2.058401 2.275381 -2.618442 2.336824 1.183764
2.162877 2.214162 1.522422 1.853056 2.206148
2.207801 1.933521 2.320849 2.477794 2.642259
2.73551 2.375097 1.524083 1.670128 1.871563
2.224219 2.270734 2.256414 2.258898 2.132923
2.987732 1.989254 1.91964 2.039762 2.16021
1.881747 2.213232 -2.830157 1.263194 1.814166
2.690875 -2.121397 2.241587 1.975823 2.497307
2.235023 2.205271 2.419834 1.959809 2.14566
1.860597 1.475987 1.984366 2.546529 2.086209
2.201335 2.038041 2.430768 2.350359 1.910685
2.58525 2.790517 2.157172 -1.236483 2.382808
2.261952 2.062844 2.170766 -0.4531395 -2.312234
3.112305 1.865857 2.041655 -2.402252 2.403803
2.342052 -1.507737 -1.992588 -2.571297 2.31702
-2.213232 1.630474 2.205371 1.457404 -0.2549134
-1.316488 2.29432 -1.132733 -2.275381 2.971601
1.985155 -2.47166 -0.63841 1.880291 1.65591
1.756841 1.656028 1.713738 1.589079 1.584561
1.707626 1.837014 2.021986 1.697327 1.312254
1.734893 1.543214 1.812891 1.748316 1.303738
2.840633 2.069117 1.488438 1.945257 1.904079
1.773411 1.827125 2.112044 1.290047 1.548464
2.243298 1.743184 1.786569 2.372082 1.337606
1.891354 1.826091 1.762523 1.872273 1.970472
2.589682 1.415723 1.641186 1.796289 2.677342
1.363476 2.580098 2.075012 1.902317 1.784033
1.86585 1.511949 1.502582 1.854917 2.017174
1.479667 1.659206 1.28985 1.886664 2.058346
1.936317 -2.144145 2.035684 1.98804 1.996961
2.042992 1.410723 1.631367 1.797924 1.878034
1.660309 1.996497 2.144824 2.117474 1.501642
2.258676 2.050384 1.877288 1.997995 1.619895
1.68888 -2.001784 1.838086 2.205156 1.719273
1.115324 1.843453 -2.092304 1.650845 1.10376
1.571638 2.015527 1.799131 1.89602 1.338371
1.482056 1.643283 1.920852 1.917773 1.768397
1.829937 1.697677 1.849623 1.485669 1.630422
1.460143 1.599208 2.482784 2.215365 1.878412
2.793924 1.871092 1.695587 1.574396 2.023903
1.690789 2.012148 2.061603 2.194434 2.0048
-1.807993 -1.834228 2.223871 1.741812 2.170766
1.774694 -2.428828 2.083511 1.213043 2.589682
1.917729 -0.2989416 2.529201 1.502582 -0.6844536
1.936317 1.785672 -0.5551756 1.465274 -0.3811454
1.169392 -1.68888 -0.4768833 -0.1763164 1.989734
1.989734 -0.5661053 -1.02223 2.235023 -0.9039793
-0.5542345 1.724943 1.724943 -2.114572 2.052345
-0.4492263 2.353365 2.007568
