-2.622601 1.814784 1.961613 1.759439 2.199651
1.53057 2.558548 1.498641 2.231539 -1.834425
2.682997 1.084038 1.407677 1.110002 1.488735
1.712192 1.609077 1.378754 -1.908303 1.752843
1.207119 1.595011 1.576976 1.571147 1.427019
1.456824 2.518842 1.363258 1.177185 1.660584
1.24738 2.874804 1.336416 1.561906 1.323309
1.602757 1.496665 1.477145 1.562346 1.93672
-1.558297 1.557631 1.551366 1.440214 1.94706
1.24582 1.431638 1.561339 1.411771 1.579516
1.379332 1.41904 1.615161 1.82195 1.493346
1.574008 1.137864 1.559093 1.50749 1.330719
1.158157 1.434446 1.12073 1.31481 1.896042
1.521838 1.305887 1.354796 1.40415 1.443948
1.199043 1.720388 -1.908303 -2.309034 -1.871428
-1.440593 1.566149 -2.107345 1.770623 -2.061567
1.258572 1.241909 -1.331392 -2.049435 -2.049901
2.108491 1.712198 -1.54343 -1.461889 -1.413702
1.743588 -1.743588 1.765002 1.516758 -1.658509
1.265563 1.87776 -2.682997 1.305887
