2.958341 2.523052 -2.830217 2.533887 2.49495
3.205157 2.894665 2.293788 2.729989 -2.059043
1.847208 -3.11007 3.168364 2.845343 2.775853
2.803198 2.603556 2.801967 2.743944 -2.224065
2.675753 2.624989 3.007718 -2.430037 2.402995
2.301716 2.148508 2.652391 2.443747 2.555586
2.142995 2.44375 2.65244 2.748438 2.358857
2.60268 2.423988 -2.662899 2.477648 2.015086
2.368867 2.329407 2.577248 2.53117 2.327603
2.898322 1.910885 2.088331 3.236766 -2.580496
2.688161 2.627584 2.503901 -2.616669 2.688031
-2.331257 -2.122224 -2.421599 -2.626985 1.838006
2.490652 1.698774 1.749029 1.998457 2.333495
2.08785 2.259147 2.122531 1.798034 1.894705
2.565561 1.967928 2.199028 1.870195 -2.244849
2.64785 2.57324 2.154187 1.858143 2.147269
2.345477 1.678575 1.719818 2.795836 2.476064
2.35544 1.910275 1.809053 2.157375 2.585191
2.564843 2.033133 -2.492629 2.086447 1.979054
-2.948397 2.208074 2.353756 1.540932 2.658329
2.620413 1.954823 2.242168 1.951549 2.341848
1.742376 2.460989 2.194132 1.689809 2.625554
2.264499 2.273916 2.611308 3.048536 1.786637
1.766216 2.576511 2.453752 -3.033688 -1.58036
-2.603694 2.003319 3.207867 2.167039 1.51186
-2.300722 3.518777 1.954971 1.518049 -1.914003
-1.432019 2.133772 -2.321469 2.315441 2.293788
2.612499 2.612499 2.276215 1.719739 1.914735
-1.855375 1.793007 2.641035 1.756443 -2.6647
2.368867 1.930814 1.600455 1.746917 -1.677908
2.087735 1.495629 1.580297 -2.547594 1.775315
1.529255 2.322358 2.101682 1.83605 2.3582
-2.648449 1.726879 2.530347 1.390186 2.396187
1.365214 1.770856 1.563239 1.207921 1.833792
-2.264848 2.156565 -2.038864 1.468182 1.840005
1.43419 2.282273 1.935992 2.126857 -1.8419
1.932457 1.579001 2.080809 1.872121 1.266331
1.821269 2.203866 1.810262 1.714891 1.533673
1.491907 2.002375 1.779476 1.679303 1.396777
1.399075 1.819263 2.27691 2.241109 2.068703
1.481081 1.888108 1.809468 1.724682 1.524465
1.929005 2.254255 1.963665 2.451613 1.727072
2.138687 1.286163 1.848158 1.68272 1.804031
1.697318 1.532468 2.21668 1.395227 1.576552
1.749317 1.703011 1.416843 1.462486 1.767019
1.556231 2.801967 1.531229 1.49185 1.554228
1.461086 2.100386 1.782307 -1.860629 1.877566
-1.532534 1.662097 1.421399 -2.484028 1.659031
1.13323 1.446049 1.869899 2.969232 1.958987
1.464924 1.321747 2.011942 1.438398 1.726879
1.604095 -1.448141 1.917433 -1.745816 1.228326
2.028834 2.259147 2.355037 3.207867 3.207867
1.21968 -1.643197 1.457544 1.397624 -1.51186
2.039424 1.972426 1.762559 1.331515 1.403082
1.205649 1.892055 2.933731 -1.170301 1.594995
-1.973539 1.507453 -1.745592 -2.503071 1.329363
-1.53172 1.32216 -1.590099 2.76545 -1.98072
1.481081 1.71734 -2.580496 1.809468 -1.332157
1.332157 1.148141 -1.148141 1.678575 -1.800811
1.410637 -2.331899 -1.61822 1.982868 2.640747
-2.612499 1.955108 -2.276215 -1.947374 -1.707872
1.138837 1.432665 -2.370442 1.324456 1.842407
-1.850866 1.288554 1.288554 1.108999 2.038314
2.128847 1.930756 1.307858 -2.354745 -1.850355
1.261994 -2.14979 1.152592 -1.277379 -1.277379
1.597807 1.74639 -2.06072 1.414407 1.799432
1.60548 -1.971746 1.908981 -1.908981 -2.066729
-1.580297 1.532534 2.611945 2.611945 -2.611945
-2.159995 -1.766964 -2.319675 1.221199 1.145801
1.840315 -1.684913 1.529678 1.131357 1.318204
1.626225 -1.282758 1.43787 1.553106 2.039112
1.602284 0.9866465 1.554918 1.307502 2.797572
1.710313 1.419916 1.884133 1.688247 1.217789
1.892741 1.467079 1.573689 -1.779 1.704553
1.967928 -1.955184 -1.495142 -2.589804 2.056973
1.766964 2.615174 2.406753 2.353477 2.108153
2.205982 2.723408 2.620681 -2.098149 -2.495963
2.521483
