2.295212 2.71656 2.164637 2.161355 2.184847
2.241711 2.377014 2.376002 2.601373 -2.891346
2.386571 2.669361 2.54228 2.24329 2.514249
2.605773 2.057197 2.061457 2.656496 2.153791
-2.781913 1.738764 2.174669 2.620867 2.328422
2.100976 1.785103 2.500921 1.91215 -2.28306
2.236783 2.239091 2.050517 -2.406896 -2.075921
-1.067001 -2.514976 -3.025537 2.46203 -2.46204
-1.875184 -0.9018938 -2.24329 -1.83078 2.289595
-2.809102 -1.095901 -2.042231 -1.651163 -1.628059
2.216735 -1.652369 -1.597577 2.064554 -1.956409
-2.394379
