2.241853 1.025447 2.063955 1.868275 2.003286
2.214074 1.643893 1.331746 2.571278 1.66721
1.73999 2.321082 1.862151 2.298087 2.407017
2.863394 2.266004 2.328634 2.43971 2.271006
2.622412 2.842375 2.452737 2.133271 2.234129
2.084796 2.08937 1.947906 2.72748 2.564765
2.46174 1.993123 2.359447 1.979266 2.345147
2.67423 2.592669 1.873539 2.143055 2.002083
1.858743 1.959793 3.018215 -1.939632 1.850392
2.465561 1.853324 1.733625 1.771582 2.892297
1.897386 2.355164 2.024086 2.123421 2.113448
1.941257 2.023319 1.875224 1.997913 2.001679
2.418597 1.910409 2.227767 2.322692 2.161742
1.716047 2.217776 2.481976 -1.987464 2.351447
2.161013 -0.2274297 1.907291 -2.85805 -0.8518877
2.06626 2.261745 -1.814718 2.2584 -0.3229674
-2.637293 -0.5081829 2.130559 2.16705 -1.254374
-0.5446116 -1.993011 -0.9042593 -2.152819 -2.418597
2.161742 1.281281 1.829572 2.318113 1.452827
3.047106
