3.136536 2.635089 2.02846 1.694993 1.64475
1.828578 1.481245 1.766848 1.76772 1.797657
-2.887608 1.635248 1.396745 2.66709 1.759516
1.87582 1.827428 1.664768 2.895764 1.831784
2.619348 2.195996 2.030583 1.864553 1.37362
1.484434 2.934224 2.851878 1.625579 1.696311
2.225435 1.885956 2.633749 3.158006 2.545642
1.897594 1.570487 2.227895 1.255137 1.97093
1.335508 2.806598 2.850559 1.876073 2.107446
1.68827 1.579106 1.60331 1.946445 2.292174
1.721303 1.578523 2.594193 1.900589 1.851779
1.577839 1.754278 1.325506 1.906841 2.017274
2.276605 1.79299 2.728655 1.522786 1.867366
1.454918 1.512655 2.01362 1.664332 1.696422
1.681004 1.376077 1.915389 2.258824 1.879222
2.018868 1.678345 1.594817 1.731224 1.925919
1.830868 1.780993 2.54858 1.894103 2.231182
1.907293 1.549429 1.815513 1.720367 2.010634
1.523568 1.702893 1.543513 1.665735 1.562488
1.964081 1.904566 1.846792 1.943318 1.933171
2.01541 2.092323 1.566736 1.96301 1.717209
1.582318 2.098049 1.893799 1.5041 1.694852
1.922897 1.761912 1.748252 1.834879 2.024639
2.292174 1.851096 1.901187 1.96335 1.937047
1.758392 1.882035 2.08758 2.08758 1.707875
1.62285 2.41768 1.702893 2.180238 1.601458
1.52706 1.479568 1.83364 1.994592 2.114133
1.352903 1.383989 1.770284 1.960519 1.561772
1.72529 1.779502 1.655403 1.956386 1.799931
2.337752 2.146441 1.32693 1.764697 1.467282
1.745015 1.710297 1.999201 2.343112 1.541707
2.085341 2.086517 2.117423 1.870196 2.046152
2.069743 2.084532 2.377408 2.109331 1.841065
1.811562 1.844343 1.958322 2.18163 2.211829
2.190729 1.721396 1.59579 1.85523 1.696274
1.777617 0.9707001 1.960785 1.728731 1.495204
1.598989 2.074604 2.079982 2.025549 2.175836
1.926438 1.900421 1.781255 1.390866 1.808167
1.963588 1.957932 1.414113 1.71003 1.344134
1.678062 2.326127 1.782872 1.367848 1.680091
1.816285 1.501498 2.289417 1.729951 1.661833
1.598224 1.910399 2.107439 1.752389 1.831631
1.510347 1.602573 2.081616 1.965247 2.005223
1.326097 1.833748 1.79299 2.119861 2.032385
1.049719
