1.930973 2.023007 -3.068475 2.734338 -2.381592
2.25698 2.197654 -2.494103 2.342694 -1.856758
-2.463024 1.673407 2.210954 1.554662 2.11212
-1.248518 1.471731 1.586232 1.602767 1.354642
-2.494103 1.962051 -1.211553 2.262685 1.498983
-2.53004 -1.268524 -2.11092 -1.176582 1.952252
-1.05973 -1.299613 -1.583216 -2.20455 1.471731
-1.02508 -1.309514 -1.461858 1.435235 -1.435235
-1.255926 2.023007 -4.599754 -2.366908 1.799861
-1.413948 1.383646 -2.494103 -2.06354 -1.958068
-2.246184 -1.08242 -2.619428 -1.833823 2.501791
-1.351284 -1.93944 -1.93944 -2.322591 -1.524851
1.586882 1.503399 1.726454 1.777614 1.327677
2.153894 1.77183 1.402393 1.845856 -1.139932
-2.062521 -1.25371 -1.351127 -1.473137 -1.455813
-1.969014 1.401927 -2.070076 -1.616963 -1.79626
