4.206147 2.2848 1.864906 2.158307 2.294762
2.344052 2.374531 1.66851 1.878989 2.070343
1.960496 1.524318 1.728435 1.87086 2.220368
1.527902 -2.331825 -2.031203 1.843799 1.709021
2.16112 -2.273459 1.731904 -1.22941 -1.677308
-2.238605 -1.613496 -1.923916 -1.93182 -2.04576
-2.24843 -2.294944 -1.710257 -1.665621 -1.232335
-2.49087 -2.527489 -2.031203 1.292444 2.311845
1.573938 1.60201 2.280578 4.525605 1.50846
1.581528 1.71461 1.486263 1.878989 1.905459
2.521247 1.564098 2.057972 1.611801 1.587561
1.867273 1.622748 1.500854 1.694656 -1.963724
-3.015355 -1.530213 -2.49087 -2.226293 -1.10836
1.541952 1.791225 2.484124 2.552769 1.877868
2.479904 1.337395 -1.589797 1.272743 1.362292
1.808349 2.228964 1.38323 -1.074946 -1.347861
-4.355466 -1.346853 -1.37216 -1.523763
