2.346557 1.743547 1.660525 1.647848 1.97806
1.759311 1.102719 2.005945 1.345089 2.083416
1.590469 1.507372 1.750868 1.259839 1.760526
1.791348 1.885173 2.397239 1.773952 2.827912
1.506307 1.625988 1.802234 1.528692 1.33036
2.052961 2.623034 1.316581 1.724151 1.914768
1.315994 2.169176 1.4345 1.843808 2.09889
1.747994 1.593328 1.289097 1.90039 2.011292
1.896603 1.827721 1.613104 1.37923 2.049698
1.989511 1.754217 1.672226 1.904041 1.628695
2.04847 1.890414 1.710595 2.40932 2.352428
2.130576 1.742232 2.085546 1.559618 1.859104
1.943197 1.486134 2.172582 1.677224 2.630316
1.817762 1.964703 2.287879 1.76272 1.448045
1.579705 1.612211 2.971476 2.535477 1.768263
2.784137 1.699262 1.62661 1.608698 2.021512
2.074883 2.290717 1.29646 1.769574 1.865153
2.21425 2.676361 1.969693 1.682036 1.773876
-0.3191402 1.786678 -2.060631 1.727769 1.57641
1.833791 -0.2130655 1.278655 -1.225859 1.815932
1.930975 0.8794627 -0.2475398 1.515865 2.518322
-1.331023 1.868018 -2.287029 1.212539 0.4582555
1.90039 2.006032 -0.2686418 1.655932 1.660929
-1.198487 -0.1859394 -1.448084 2.124249 1.24449
2.16232 1.744244 -1.417038 1.029808 2.010075
-1.711771 1.283777 2.167792 -1.755887 1.834479
1.939651 3.024775 1.994962 -1.03528 2.794643
