2.330827 1.70916 1.592163 1.75036 1.967075
2.106006 1.799573 1.291474 1.596959 1.548219
2.013865 1.219269 1.867515 2.013372 1.992526
1.740526 1.180734 1.867986 1.35344 1.749468
2.182174 1.390759 1.527626 1.840176 1.963129
1.353591 1.775188 1.925502 1.420247 1.68162
1.500278 1.72594 2.658838 1.870194 1.161742
1.821039 1.80418 2.860884 1.570653 2.207709
1.690506 1.44025 2.44001 1.972215 1.757831
1.767659 1.606973 2.649627 2.041826 2.605189
2.184758 1.743834 2.127184 1.728962 1.742125
1.956717 1.497677 1.883309 1.96783 1.577289
2.002656 1.384339 1.749598 1.781031 2.1143
1.623675 1.807776 1.401415 2.083004 2.044433
1.18122 1.510953 2.068108 2.128214 1.501638
1.874911 1.598763 1.731423 2.15507 1.731265
1.868192 1.993478 1.604847 1.798112 1.761816
2.419675 2.369051 1.864045 1.777058 1.604573
1.146496 2.174954 1.75259 1.909803 2.019705
1.790474 1.359274 1.620484 1.527044 1.613436
2.196261 2.127414 1.692077 1.707825 1.273311
2.243577 1.646013 1.724216 1.872218 1.436226
1.511462 1.931523 2.491113 1.489087 1.76497
2.057619 2.098434 2.859437 1.670909 2.53747
1.57533 1.977114 1.774403 2.018107 2.279256
1.70136 1.955058 1.583706 1.827634 1.668389
-0.2545917 1.266728 1.876055 -2.481905 1.769565
2.661481 1.944783 1.883309 2.098977 2.019705
1.940922 -2.121583 1.96157 1.80038 2.01974
1.829077 1.810026 1.855041 2.673886 1.548386
2.084458 2.40558 2.096969 1.887229 1.891156
1.497186 1.963618 1.696604 1.957281 2.374121
1.918677 2.115442 1.949703 1.910707 2.781199
2.311663 1.667803 1.68048 1.868148 1.902052
1.944591 1.70881 2.481641 2.04593 2.084911
1.730765 1.901331 2.136271 2.263235 1.956957
2.16159 1.79529 2.36757 1.93149 1.93149
2.169279 2.14851 2.343785 1.467929 1.67932
2.516236 2.113068 1.950813 2.046038 2.010551
1.616087 1.696731 2.114149 2.244338 2.064719
1.163028 1.744089 1.909347 -1.55576 1.503639
1.852006 2.3944 1.746977 2.263367 2.166092
2.137798 2.060674 2.183565 1.623305 1.753075
1.755745 1.777975 2.038814 2.335588 2.025523
1.857858 -2.150013 1.840176 -1.103376 -0.2381872
1.738588 -0.2205033 1.94044 -1.207012 -1.507758
1.871419 2.068108 2.804614 -0.4344605 -1.985479
-1.673465 1.768405 1.516241 -1.450156 -0.643607
2.031285 2.295841 1.999846
