2.75954 2.542237 2.471141 3.181107 -2.600615
2.418286 2.589481 2.449525 2.435356 2.435625
2.813974 2.45623 2.766992 2.705316 2.813066
2.595608 2.63848 -2.804777 2.686947 -1.87154
-1.944617 -2.209268 2.290487 2.278786 -2.276851
-1.956458 2.416523 2.413234 2.234916 1.64314
1.987081 2.467357 1.934904 2.01809 1.604024
1.672883 2.203624 1.507621 1.289152 2.344477
1.597829 1.063745 1.879696 1.198319 1.18941
1.781048 1.551897 1.463333 1.397528 1.575993
1.498261 1.402831 1.37866 1.205627 1.384399
1.3652 1.748781 1.959761 2.079572 1.463156
2.336329 2.074152 1.177945 1.914305 1.608964
-1.659605 -1.67257 -1.388763 2.630766 1.436823
1.576468 1.66478 2.766723 1.201187 1.450445
2.079572
