1.661578 1.535499 1.94405 1.461885 2.303473
1.878035 1.342821 2.57696 1.335289 1.643919
1.180133 1.380459 1.155089 1.637033 2.011418
2.580498 1.652091 1.653612 1.665832 1.662994
2.158319 1.373257 2.088531 2.056928 1.625503
1.638848 1.473177 1.448013 2.447096 2.754696
1.597197 1.879426 2.403376 1.800616 1.331365
1.852757 0.8584078 1.305175 0.490125 1.337275
1.800846 2.319518 1.854079 1.231479 1.083186
0.9960142 1.929437 1.584804 1.685842 1.970923
1.883544 1.789257 1.815211 1.562067 2.007521
1.821037 1.01633 1.386179 2.250895 1.933077
1.397738 2.422494 2.36131 1.796079 1.08834
1.717833 0.4239569 2.153495 1.639511 1.155089
1.842563 0.8886606 2.056928 1.657248 2.281414
1.716687
