3.369178 2.416965 2.423986 2.047836 -3.05686
2.795241 1.765344 1.562159 1.917775 2.850167
-1.678686 -2.394558 1.15711 -1.967046 -2.440083
-1.740259 2.764532 -1.751008 -2.767141 -1.660292
-1.702731 1.313574 1.479289 1.56013 1.490096
1.975034 1.259233 1.532728 1.21562 1.030854
1.059421 1.230567 1.747268 1.343089 1.33957
1.344706 1.91704 1.192832 1.241435 1.905531
1.28999 1.834583 1.541366 1.508642 2.240068
1.230294 1.685626 1.48836 1.332702 1.416938
1.576868 1.408354 1.192848 1.060555 -1.600785
1.712668 -1.57373 -1.688154 -1.175045 -2.44381
2.330999 1.95718 -1.537102 -1.537102 -1.910455
-1.79024 1.49194 -1.833498 1.503595 -1.660292
-1.38493 -1.345092 -2.976937 0.8254319 -1.599251
1.338578 0 1.167586 0.9664461 -1.736238
