2.798422 2.563523 2.548496 -2.718938 2.504538
2.870159 2.807313 2.961857 2.451582 2.620047
2.689683 2.433904 2.239292 2.457737 2.795011
2.766511 2.764078 2.525579 2.736705 2.645588
2.093018 1.847514 2.174321 2.58954 2.392563
2.440951 2.921088 2.4819 2.775642 2.634985
2.680002 3.013082 2.492989 2.330169 2.656045
2.57003 2.452539 2.359909 2.777945 2.427984
2.893094 2.413115 2.661901 2.671666 -2.559567
2.948698 -2.517184 0.2352079 -2.607442 2.440951
2.870159 -1.642699 2.673766 5.271246 2.678295
-2.621485 2.764491 2.103489 2.949206 2.736389
2.442417 2.332788 2.286438 2.491141 1.920915
2.288562 1.892831 2.620047 2.777945 2.427216
-2.877589 1.929941 2.145363 1.851424 2.285252
2.743762 2.042538 2.352537 2.248219 2.66269
2.274998 2.595674 2.529248 2.037186 2.020188
2.100551 2.893094 1.734365 2.091032 2.164106
3.02148 2.07596 2.500307 2.027157 2.367665
2.055121 -1.03568 2.304966 -0.3685305 -0.3015074
-0.6546689 -1.882474 -0.3629764 -1.804433 -2.01481
-2.102855 -0.281205 -1.21971 2.145363 2.908442
-0.2256443 1.964561 1.984921 1.908683 1.852324
2.078545 1.877142 1.847514 1.883962 -1.509015
-1.020666 -0.7676161 2.299323 -0.4430273 2.071234
1.957056 -1.792346 2.179235
