2.196768 2.061512 2.457599 1.869672 -2.526765
2.375626 -2.139308 1.771924 -2.899456 2.31685
1.457869 2.182046 1.779556 1.995207 0.9100586
1.704345 1.915902 2.21541 1.234294 1.830671
1.156721 2.360046 1.66164 1.477627 -1.410026
1.90899 1.468396 1.210866 1.664957 2.968216
-1.669945 -1.586254 -1.598891 -2.394819 -1.281711
-3.028089 -2.111226 -1.522805 -3.293808 -1.621483
1.771417 1.250655 -1.853219 -1.377982 -2.543028
-1.78427 2.437026 1.469864 2.046109 1.819066
2.121022 2.0415 1.458518 -1.361053 -2.02338
