2.297059 -2.906132 -1.702865 2.373172 2.369554
2.531226 -2.305201 2.286291 1.967276 2.137081
1.582211 1.553463 -2.453476 -2.216393 -1.199242
-1.695384 -2.452988 -2.39467 -1.193311 -1.432936
1.654161 1.792593 1.51242 1.659875 2.013749
3.326507 1.486789 1.927505 2.261725 2.197945
1.572824 1.667429 2.001231 1.675848 1.506763
-2.295885 -1.386659 -2.282871 2.052937 -1.776813
1.534003 -2.291462 -1.397884 -2.096185 -1.317798
1.211419 -1.742932 -2.518048 -1.28242 -1.513871
-2.032206 -1.61978 -2.296907 -2.655266 -2.034084
-2.381249 -2.105737 -2.125057 -1.665929 2.1328
2.229915 1.878709 1.795892 -2.110739 2.381249
1.42751 1.664316 1.900317 1.714854 1.318318
1.217511 1.795892 1.043334 2.261725 -1.849731
-1.728413 -1.542507 0.941426 -2.862993 2.958769
-1.271725 2.42561 2.098665 1.879101 2.088532
-2.271721 -2.064114 2.454697 -1.781744 1.318318
