2.306005 -2.425025 2.355545 -2.068645 1.825361
1.831092 1.905042 2.363576 2.092267 1.902496
1.277039 1.818327 1.627937 1.949378 1.762051
-2.729522 -1.866471 1.84867 2.274698 1.946064
1.627659 2.154161 1.51388 1.95848 1.873454
-2.246814 1.885228 1.784065 1.55994 2.359845
2.027361 -0.4103473 -2.082331 -1.008974 1.902134
1.905042 1.777511 2.693187 -1.594296 2.187535
-2.210082 -2.133209 -1.694907 -1.876791 -0.4966248
-1.838248 1.600785 1.902633 1.730725 1.312769
1.740271 2.281537 1.501821 -2.074631 1.992134
2.179803 1.785112 -1.751037 2.111304 2.187947
1.665801 -2.115635 -1.967597 1.341994 -1.443821
-1.827051 1.646653 1.766281 1.869118 -1.830334
-2.001345 -1.93752 -0.5009388 -2.217862 2.130163
-1.605053 -1.624509
