2.81367 2.369478 2.50245 1.621942 3.059629
1.975774 2.308658 2.394103 2.35915 -1.163425
1.550567 1.636273 1.636273 1.777076 1.771046
1.719525 1.923341 1.897787 2.355439 1.634217
1.909976 1.626078 1.860619 1.719618 1.736273
1.926627 2.247979 2.117822 1.835488 1.991892
1.861934 2.216076 1.946873 1.347181 2.289252
1.50349 1.938024 1.703309 2.011971 1.87855
1.934715 1.679365 1.790818 1.810062 1.898805
2.085068 2.059763 1.5483 1.647782 -1.304677
1.923341 1.86566 1.86566 1.698542 1.863506
1.754472 -1.163425 2.025655 1.252773 2.044395
2.019562 2.007875 -1.850892 1.483046 1.934428
1.329639 1.898805 -1.31204 1.870128 1.663024
-1.068876 1.809504 1.809504 1.342413 1.748496
2.00538
