-2.334633 2.773653 2.192426 2.200241 2.097497
2.340613 2.211839 2.394268 1.834624 2.423652
2.752095 2.232639 2.428559 2.189904 2.304017
1.762301 2.478903 2.441081 2.914984 2.359246
2.40737 2.490334 2.242717 2.617216 2.643965
2.371066 2.702961 2.308588 2.929049 2.677185
2.101565 2.654592 2.879844 2.539828 2.25398
2.321286 2.201545 2.041081 2.793724 2.63654
2.441178 2.087615 2.955804 2.440382 2.738616
2.233216 2.333934 2.052158 2.076262 3.075777
2.569392 2.024801 2.769782 2.094657 2.5711
2.291349 -2.824097 2.959092 2.440501 1.807548
1.824603 2.117143 2.22239 -2.013264 1.941595
2.214411 2.099594 2.595353 3.042018 2.097696
2.813202 2.512021 1.952988 2.026555 2.326522
2.179417 2.271203 5.308984 2.168825 2.414619
2.244075 2.727011 2.523376 2.320079 2.1844
2.391677 2.819188 2.561981 2.342213 2.102636
2.422883 2.334633 2.192426 -1.39732 1.810319
-0.2942368 2.690799 3.128083 2.230637 2.524298
1.893277 1.975399 2.287926 2.318335 2.47748
-0.2319729 2.154275 -1.738017 2.236084 2.177431
2.056046 -2.139343 -0.731423 -0.5492785 1.601537
-1.455907 2.114323 -0.3205861 1.976845 1.322866
-1.9472 -2.952771 2.244075 1.957897 2.014251
-1.327012
