-2.412428 -2.225504 -2.396155 2.794054 2.461297
-1.878266 2.115316 -2.896772 -2.575366 -2.048249
-2.381077 -2.164218 -2.218405 -2.749769 -2.604417
-1.826235 1.948718 -2.989672 -2.338726 -2.487356
1.355773 -1.744134 1.968803 -2.618144 1.799629
1.236743 1.769714 -1.989823 -1.96372 -1.493655
1.949886 -2.337736 -2.120402 -1.679684 -2.164218
-2.380681 -2.09119 1.901191 -1.778226 2.670757
-2.334146 -2.802996 -2.121738 1.801028 1.570515
1.488916 1.985026 1.830946 1.425799 2.259256
2.764154 1.791286 1.849508 1.647692 2.345382
1.039265 1.738753 1.815011 1.732689 -2.074204
1.801028 0.8397164 1.831352 1.425799 1.934882
0.6822317 1.798274 1.428033 1.894827 2.055111
1.616831 1.374836 0.9340168 1.698895 1.739988
2.003906 6.786486 2.58219
