-2.860561 2.386202 2.616457 2.873207 2.861286
2.804266 2.780393 2.52339 2.881693 -2.726814
2.966981 2.775515 2.722451 2.557981 -2.677291
-2.261763 -2.885223 -2.657964 2.64023 2.639152
2.605208 5.088756 2.898938 2.804965 2.942979
2.663662 2.549911 2.465032 2.685121 2.660844
2.879131 2.598199 2.470285 -2.69911 3.35491
2.864796 2.790467 2.467717 2.685223 2.689161
-2.51064 -2.74587 -2.923779 2.456137 2.406685
5.536358 2.469509 2.301349 2.432121 2.477655
2.932264 2.704918 2.504758 2.775809 3.14384
2.71929 2.702096 2.828839 3.004812 2.522455
-2.211248 2.685121 2.592646 2.814826 2.726994
3.042222 5.31924 2.608133 2.460788 2.906283
2.626486 2.608304 2.57643 2.437742 2.661426
2.523706 2.484089 2.363694 2.581634 2.703666
-2.673296 2.54728 2.977873 2.684154 -2.477655
2.830868 2.839391 2.782217 -2.638066 -1.856261
2.605382 2.131958 2.436885 2.199731 2.198986
2.879286 -2.134081 2.64485 -2.077204 2.760708
2.718297 2.331207 2.314763 2.867378 2.386686
2.699067 -2.380864 2.867243 2.310199 2.554127
2.163185 2.782217 -2.722505 2.197368 2.589072
2.54384 2.519077 -2.419385 2.689334 2.539805
2.336086 -2.994569 -2.560133 -2.432121 -1.998147
-2.684622 2.178468 2.814826 2.453825 -2.032762
1.817417 2.626306 2.410902 2.27278 2.370584
1.666079 2.51823 2.358058 2.648641 2.222728
2.546587 2.712651 1.964631 2.0859 2.467641
2.183074 2.79594 2.577449 2.255776 2.303222
2.324523 2.821248 2.550941 -2.100389 -2.059123
2.297573 2.134081 -1.891597 -3.14384 -1.772929
-2.944843 -2.944843 1.883155 1.677429 1.910912
1.771767 1.576817 2.005563 2.845067 1.939634
2.083143 1.901491 2.062612 1.710639 1.309732
1.813385 2.866162 1.433812 1.928567 1.980913
2.609589 2.612025 2.54521 2.556701 2.120453
2.09275 1.886256 1.804189 1.825799 2.045229
2.122203 2.049927 2.113299 1.814361 2.003042
-1.354799 1.720497 2.282034 2.590031 -1.728024
-2.134081 -1.787993 2.609589 -2.533256 2.174867
1.754482 -0.4818187 -1.709542 -1.996728 2.297573
