2.20099 2.565637 2.558921 2.892565 2.562429
2.584925 2.741882 2.371007 -2.236887 2.536445
2.243998 -1.677357 1.559341 1.468449 1.441183
1.67535 1.508084 1.178775 -2.329867 1.059113
1.68045 1.31312 2.036676 1.536976 1.508242
1.444713 -1.413173 1.572586 1.480377 1.326538
1.578177 1.302876 1.25553 1.627997 1.644377
2.436431 1.416711 1.361536 1.678609 -2.270752
1.961792 1.586576 1.768223 -1.637127 2.163165
1.525906 1.734183 1.31699 2.140791 -1.219535
-1.342831 -2.329867 2.394663 -1.509476 -1.52727
-1.77971 -1.616304 1.498364 1.608404 2.185893
-1.518072 -1.677357 -1.799041 -1.856442 1.707767
-2.250575 1.661252 1.529111 -1.634834 -2.011548
1.4309 -1.191703 1.475814 2.880278 -1.680279
-1.526113 -1.736503 1.377143 -2.345772
