2.826121 2.832218 2.00648 1.760737 1.469433
1.760295 1.814124 1.42913 2.078403 2.37961
1.734269 2.321479 1.745673 1.785357 0.984668
1.672394 1.936906 2.039192 2.37961 -1.64214
-1.577106 1.958051 -1.393626 1.449209 1.925989
1.520592 1.174717 1.673534 -2.59772 -2.259517
1.797344 1.365194 1.120461 0.9168236 -2.150438
0.8459462 -1.254612 0.9717971 1.227135 1.260079
1.583868 1.222232 0.7514815 0.9150416 1.191395
1.12899 1.193901 1.062191 1.243871 0.8200743
1.184971 1.105483 1.092619 1.098535 2.048088
0.9089979 0.9296292 1.585586 1.234995 1.068202
1.120446 0.9328331 1.606217 1.469924 1.013765
0.9716491 1.105273 -1.586444 2.150438 1.662631
0.737883 1.583765 -0.9694209
