1.925101 1.154413 0.9201566 1.176809 1.180949
0.9533432 1.634929 1.30624 1.27844 1.293421
1.560911 1.290674 1.52221 -1.564102 1.376117
1.191616 1.071564 1.677743 1.170896 1.118148
2.471042 1.248031 1.481588 0.9830502 1.720654
2.00606 1.594455 -1.334335 1.391946 1.596704
1.163215 1.646477 0.8330275 1.461536 0.9021432
1.20594 1.173483 1.682705 1.396869 1.501936
1.106041 1.333134 1.406493 1.198769 1.272916
1.012806 2.128671 1.275707 1.724714 2.188198
0.9385649 3.301713 1.138276 1.733158 1.073967
1.50507 1.821689 1.090193 1.421975 1.037497
1.295455 1.361275 0.9870861 1.221305 1.7409
0.9532901 1.402463 0.8066409 1.109582 1.02334
1.25345 1.516919 1.583811 1.396942 1.587667
1.239092 1.829615 0.9725792 1.832512 1.598774
1.478752 1.111599 1.330942 1.14567 1.12044
1.601165 1.51431 1.632313 1.388192 1.397796
1.409857 1.066034 0.8922747 0.9511408 1.738938
1.829158 1.017286 1.231189 1.687715 1.117684
1.47703 1.554606 1.230538 1.009527 1.486148
1.083264 1.204053 1.509061 1.156492 1.392307
1.254739 1.096958 1.154413 1.914701 1.926209
-1.925447 -0.9610165 1.479568 1.174778 -1.836677
2.585204 1.330166 -1.617844 1.432369 1.344459
1.606743 -1.233911 1.330942 1.08295 1.636486
-1.638925 1.683236 1.277046 -1.197589
