0.4541053 1.538154 -0.2661864 1.525127 1.247303
1.188219 1.480357 1.428866 1.286074 1.12997
0.35472 1.013905 0.6919275 1.450804 0.8678599
0.5483609 1.625212 3.148599 1.908274 0.444791
0.444791 1.275097 0.7678696 1.007516 1.002734
0.5652425 1.07026 1.334416 1.493557 0.6728827
1.785738 1.164135 1.470463 1.380978 1.896961
1.60902 1.666276 1.373384 1.603042 0.818736
1.32049 1.318847 0.7863078 1.575903 1.720317
1.37353 0.2652547 0.605605 2.053949 1.289031
0.2224442 1.099983 1.619434 1.433283 1.257096
1.15828 1.229489 1.889705 1.493853 1.668736
1.203297 0.6555537 1.129152 1.458241 -1.320175
-0.1748169 -0.3127693 2.315055 -2.218706 -0.1978192
-1.321516 -1.097891 -0.5572739 -1.539077 0.9125987
0.4210642 -2.0292 -2.0292 -0.9315984 -0.7005031
-0.567323 0.8886571 0.9924002 2.053949 1.502625
-0.1592091
