2.812448 3.144317 2.546749 2.569272 -1.786657
2.219884 2.202689 2.520396 2.55782 2.432709
2.549618 2.28684 2.76165 2.451771 2.297615
2.581973 4.159613 2.667302 2.539749 2.820703
2.739801 2.284557 -2.00945 -2.409332 2.009446
2.100832 -1.648783 2.135172 -2.870679 8.946655
2.516281 -2.973383 -2.079786 -2.093269 -2.414465
2.126629 -1.959096 2.204487 2.316447 2.35704
2.454947 2.848369 2.339566 2.292611 1.598895
2.268458 -3.050306 -0.4597802 -1.41883 1.972624
1.919617 2.374874 -0.1510385 1.873495 -1.741406
-1.684592 -0.5987058 -1.585723 1.940211 1.853192
1.563162 2.485891 2.284283 1.812694 1.737385
1.950517 1.866124 2.024715 1.3636 1.751414
1.4922 1.863427 2.401153 1.649906 1.730161
2.416736 1.789206 2.036112 1.758467 1.370685
1.640278 2.270522 1.566353 2.052693 2.075905
1.967297 1.665834 1.63474 2.020292 1.108574
2.165489 2.90293 2.334965 1.74132 2.175091
1.823475 2.037471 1.667178 1.730239 1.967169
-1.815299 1.582173 1.705761 0.8778046 0.9644869
2.154692 -2.154692 1.134302 0.2564683 2.130397
1.826617 -2.374874 -0.7886672 -2.883112 -0.3378271
1.971413 -2.888136 1.837485 -0.9207552 2.008122
-5.273691 1.684904 -1.291659 -1.826452 1.168103
1.940211 2.434767
