3.088257 2.856579 2.912603 2.625176 2.507411
-2.733409 -2.450895 2.351852 2.378118 -2.174502
2.475902 2.568329 2.871402 2.515621 1.752929
2.406149 2.951047 2.190163 2.323272 2.443746
2.421024 2.577493 2.682722 2.15506 1.930075
2.419609 1.74336 2.091815 1.895325 2.468253
1.658777 2.370873 1.882134 1.75197 1.985412
1.710311 2.474106 3.65284 1.775305 2.662217
1.925582 1.964474 2.306899 1.788365 1.662533
2.057642 2.742789 2.255795 2.61404 4.377404
1.833072 1.559712 2.331074 1.866744 1.93985
2.565485 1.685582 1.652233 2.098299 1.592072
-1.709813 2.384265 1.710311 2.307275 -1.638324
-1.470541 2.419609 4.487262 -1.834143 2.085009
1.808243 -2.261035 2.584363 -2.216705 1.511588
2.102371 2.000641 1.450429 2.047098 -2.719677
2.184183 2.123623 1.677232 -2.002655 -1.725538
2.436218 1.431236 1.503401 1.738305 -1.871752
2.457574 2.147437 2.39659 2.011731 1.871382
2.16387 2.045979 2.327469 2.349036 1.905061
1.656695 1.944419 2.02064 2.202687 2.494787
-2.411989 2.061451 2.397873 2.872252 1.905729
1.7787 2.188027 1.949538 2.606923 2.168427
-2.255515 2.321056 -1.990808 1.576003 2.454832
-2.024467 3.207088 -1.95713 3.65284 1.661228
-1.744715 2.406021 -2.306899 2.040558 2.040558
1.895709 2.419609 -1.933448 1.48487 -4.487262
1.704964 2.346981 1.567541 2.665722 -2.374262
1.793568 1.371542 -1.874489 -2.08781 2.09823
-2.020407 -3.260913 2.351775 -2.624113 2.110956
1.60508 -2.526857
