1.953584 2.433401 2.04417 1.739464 1.970066
1.760362 2.775864 1.5471 1.326128 1.624549
1.280954 1.037884 1.279743 1.806948 1.69963
1.60443 1.836083 1.668602 1.659238 2.006064
-1.756905 1.796689 1.792853 1.954173 2.591337
2.018423 1.868405 2.20879 2.106652 -2.309778
2.088654 1.651696 1.65848 1.652946 1.624365
1.629282 1.72507 2.168857 2.641877 -0.2545311
-1.231075 -0.4867235 0.4603284 -0.6999264 -0.4802849
-0.5803365 1.350385 1.545528 -0.5924582 -1.269968
-2.632068 -1.831506 2.110112 -1.756905 2.050491
1.835937 -1.333279 2.324822 1.693363 1.90966
-1.887542 -1.492067 1.90072 -1.567521 -0.3197664
-2.810019 1.954063 1.62692 1.975386 1.903435
1.761534 1.89742 1.413719 -2.423317 1.000973
