1.964389 1.682263 1.813485 1.882461 2.439356
1.997353 1.377449 2.067166 2.179438 1.769123
1.843829 1.269933 1.291236 2.043924 -1.055225
2.084686 -1.381347 1.296369 2.201932 1.720076
1.739358 1.993867 1.774776 1.80652 2.099797
1.778649 1.991109 2.051355 1.838666 -2.289295
2.666722 2.521867 1.674301 1.763354 2.637742
1.983392 1.666032 2.179438 2.141331 1.822233
1.783933 1.390056 2.453383 2.604457 1.733058
-1.597056 1.555677 -1.259707 1.405781 1.235831
-2.622122 1.774776 2.091566 1.876991 1.33803
2.211089 1.724855 -1.877832 -1.953431 -0.8338785
-2.783055 -1.455105 2.028742 1.953417 2.350745
2.458546 1.543041 1.905627 -2.225894 1.91915
-1.786128 1.994217 1.994217 1.822702 1.401025
1.850342 1.845182 1.5342 1.567479 1.872003
1.616448 2.066214 1.861936 -1.796232 1.968222
2.136906 1.752096 1.452677 2.094519 2.226196
1.99936 1.630823 2.307295 1.812857 1.777458
1.739363 1.820904 2.034626 2.010008 1.912988
1.233942 1.686747 2.312663 1.913353 1.620153
1.774359 1.962856 -1.679528 1.763833 1.802284
1.617025 1.997353 1.377449 1.822886 2.044047
1.855871 1.720847 1.822233 -1.786128 1.457187
1.87729 2.604457 -1.141745 1.845646 -1.230199
-1.788363 2.082769 2.201932 -1.78304 -0.1916646
-0.2491278 2.51473 -0.3783001 0.894436 -0.7824911
2.091566 1.99936 -0.5653739 -1.808239 -0.1971607
-2.289295 1.49527 1.944976 1.845844 -1.964385
-1.970207 1.843122 -1.869415 2.261929 1.913353
-1.798454 1.983392
