1.858485 0.964258 1.958078 1.687207 2.03071
1.800101 2.6811 1.217997 1.920965 1.160222
2.069175 1.970538 1.615254 1.771882 1.319567
1.546722 1.757716 1.63434 1.942177 1.897368
2.342044 1.570109 2.005107 1.544314 1.518426
1.614659 1.920022 1.836002 1.633724 1.712584
1.247239 1.43264 2.029 1.63434 -2.754025
1.58188 1.653347 1.749833 1.474781 1.709883
1.783479 1.792609 1.550653 1.76385 1.245926
2.465437 1.910192 1.711997 1.444768 1.526169
1.249964 1.949383 1.846912 1.58556 -1.211352
1.546722 0.7955938 1.744675
