2.025223 1.953686 1.54028 1.613074 2.223871
1.723948 1.887721 -2.283854 1.641851 2.053053
1.641948 1.838145 1.805823 1.795857 1.604483
1.97891 1.829344 1.829344 1.375764 1.58537
2.122669 2.224391 1.895174 2.219656 1.668612
1.957641 1.702082 2.019326 1.452574 1.610112
1.849877 1.653569 2.232567 1.737245 1.571063
1.72226 1.513274 2.239775 1.74799 1.866644
1.687507 1.706146 1.887721 1.747076 -2.283854
0.1896358 1.776872 1.795857 1.467949 -0.5638169
-1.875176 2.2871 -2.2871 -1.540104 1.902626
1.885327
