1.265099 2.537235 1.022528 1.316763 1.94127
1.325919 -1.725819 1.159467 1.265293 1.098191
1.573879 0.877108 2.755165 0.9712125 1.063075
1.439943 -1.682108 1.372409 0.8604491 1.388458
0.9845846 1.243663 1.440119 1.334086 1.420411
1.256678 1.580153 0.9762279 0.9739719 1.263872
1.787917 -2.29907 1.350347 1.557906 -2.035826
-1.118634 1.076526 -1.863634 -1.472048 -1.683393
-1.529677 -1.035917 -1.035917 -1.603822 -0.9511003
-0.9030918 -1.476361 -1.635029 -2.036263 1.393075
-1.974433 -1.414568 -1.598471 -1.204812 -1.27382
-2.363066 1.704817 -1.452725 0.9954641 1.18078
0.8472253 1.512443 0.8618871 1.339454 1.944982
1.239339 1.221493 1.066157 0.9579247 0.8585301
1.375763 1.060623 1.91333 1.47857 1.302914
1.002909 1.103817 0.9235705 1.034137 1.306206
1.210688 0.9511003 1.008003 1.461235 1.369331
1.54102 1.027091 0.9290881 1.16774 0.9740593
2.028268 1.584073 1.157807 1.27776 1.029038
1.420411 1.027787 0.9171205 1.102415 1.141644
1.434737 1.527506 -1.481237 1.076526 1.022528
1.27776 -1.272905
