-2.019492 1.833007 1.799555 1.919273 2.171659
1.818534 -1.798232 1.780023 -1.675238 1.833007
1.814195 -1.358726 -1.954903 -1.574613 -1.387633
2.063555 -2.112195 1.861876 1.48989 1.895273
2.252692 1.257613 1.835977 1.299241 1.903095
2.265692 1.39824 2.148849 2.124237 0.8267894
1.809631 1.649775 1.717882 1.801491 1.509883
1.889411 1.943135 1.460725 2.115127 1.81251
1.781482 1.503641 2.745192 1.141148 1.540576
1.569849 2.279237 1.723877 2.028419 1.942508
1.673431 1.145116 1.848923 1.597754 -1.71718
1.939335 2.057603 1.689054 2.004465 1.336707
1.66602 -1.972959 -1.814195 -0.6766719 1.934944
-2.171659 -1.697969 1.39824 -0.1367455 0.5082391
1.944553 -1.528343 -0.7107031 -1.918224 1.780023
1.595072 1.479941 1.90104 0.7609437 1.075574
1.424215 1.01795 1.747256 0.766118 1.739018
1.134978 1.8358 1.898958 1.447757 1.841485
1.616397 1.032743 -1.249121 1.441652 1.70163
0.684841 1.819548 1.971701 1.140976 1.377024
1.045052 1.298712 1.325642 0.8573431 1.395919
1.684957 1.529217 2.083312 1.352269 1.75362
-1.490894 -0.3844152 -1.247249 1.01795 -2.171659
0.4525099 1.262763 -1.390126 1.019479 1.929972
0.4743776 1.460725 -0.8629385 1.971701 1.524119
-2.112195 -0.7149828 1.552891 -1.411036 -0.6601088
2.004465
