1.360273 -1.81899 1.310269 1.747942 0.9238549
0.9654248 0.939003 0.755238 1.125225 0.9269455
1.222232 0.9742019 1.56356 0.9410632 1.231135
1.195526 0.9966187 1.015185 0.9209614 0.9606629
1.766249 1.035692 1.403567 1.130556 0.81745
1.151591 -1.332408 1.564566 0.9863241 1.013197
-1.972992 -0.9962445 -1.353635 -1.571976 -1.45806
1.653108 1.114563 1.118564 0.9583852 1.156377
0.8059768 1.339638 1.309516 1.220839 1.11793
0.9040028 1.295188 1.417926 1.068398 1.62433
1.032493 1.121868 1.270595 1.131051 1.156611
1.328997 1.194039 1.263166 0.9792927 0.9250812
0.9391919 1.05246 1.539698 1.099239 1.152068
1.154038 1.07193 1.11445 0.9518401 0.9708623
0.9292996 1.141344 1.149737 1.199242 0.9994311
0.9199844 1.328906 1.081356 0.929435 1.440735
0.954922 1.235346 0.9470156 1.179902 1.149175
1.477843 1.246609 1.12226 1.740679
