2.53626 2.500014 2.495658 2.814815 5.570408
2.440157 2.576777 2.535531 2.692385 2.381968
2.310134 2.495125 2.980938 2.712451 2.728447
2.836548 2.78883 2.738942 2.598519 2.811866
2.527005 2.647028 2.435835 2.61055 3.066495
2.563752 2.519924 2.955098 2.666893 2.558474
2.492559 2.734946 2.756253 2.461202 2.582001
2.440004 2.636811 2.492845 2.772775 2.720838
2.601064 2.660144 2.790634 2.774425 2.500014
-2.932862 -2.66134 -2.520351 1.792299 -1.104754
-0.6899791 -2.679272 2.731761 -2.684741 -0.3216719
-1.673848 0.9684163 -2.893475 -2.336883 -0.3678142
2.229747 -1.38375 -2.817886 2.763139 -2.155074
-1.990034 -1.542666 2.844634 -1.223527 -1.165326
2.494378 2.243776 2.479732 2.397396 2.942663
2.63935 2.600434 2.607561 2.611186 2.832269
2.586828 2.356036 2.348323 2.479369 2.356881
-2.886694 -2.381547
