2.220221 -2.047482 -1.361656 2.338767 1.612459
1.468799 1.075745 1.991407 1.727424 1.716119
2.335776 -1.662495 -2.404353 2.117299 2.263834
2.028982 -3.44241 2.720565 2.552384 -2.234415
-1.361656 -1.881221 -1.497572 -1.916331 -1.529959
-1.577733 1.92505 -1.448225 -1.628768 -2.204507
1.207308 1.030365 1.31915 2.393807 0.935564
2.060536 1.057393 0.9818711 1.011468 1.076042
1.420877 -1.310934 -0.9842138 0.9614153 0.8995676
1.948532 0.8983443 0.9249987 0.9945924 0.8587008
1.575107 1.053241 0.8081354 0.9954861 0.7859673
-0.7610023 -1.02373 1.074047 1.698973 1.291493
2.35286 1.016736 0.6691876 1.16665 1.31621
1.100993 -2.304679 1.129887 0.7951411 -0.9386329
1.199377 1.051855 -0.9309299 0.8887683 0.9541779
1.885506 1.270324 1.167135 1.128907 1.611281
1.367735 1.092767 0.8641033 1.557709 1.349667
1.281337 0.8131563 -1.221457 1.074706 1.1038
0.9731601 1.06454 0.7652724 1.196107 1.042988
1.454774 1.347713 1.237849 1.298105 1.27039
1.423311 0.8033471 1.174757 1.313426 1.326246
1.47047 0.8903509 1.760641 0.970789 1.10354
0.7924826 1.338875 1.198569 1.682244 1.129424
0.9814208 1.255297 -1.7029 -0.8218058 -1.616277
-1.498017 -1.252563 -1.805511 0.998909 -1.146511
-1.159135 -1.328886 -1.330877 1.53877 1.635367
-2.110007 -1.328326 -1.639382 1.291905 -1.093994
0.8010782 -1.446344 -2.421223 -1.248761 -1.222264
-0.9583194 -1.222417 -1.782977 -1.413189 0.7802353
-1.609653 -1.690071 -1.514241 -2.675614 -1.176878
-0.9280295 -1.212966 -1.072499 -1.02373 -1.326081
-0.8287165 -1.482357 -1.069658 -1.039996 -1.688629
-1.537404 -1.03008 0.9324072 1.075745 -1.065535
-1.883214 -1.506341 1.129887 1.314061 -1.355517
-1.963616 -1.528301 -1.496781 -1.1837 -1.809642
1.592679 -1.592679 -2.250952 -1.799302 -1.38083
-0.9403587 -1.206489 -1.589709 -1.221951 0.7694558
-2.374675 -1.997458 1.187863 -1.825607 2.057716
-1.104387 -1.288815 -1.499913 -6.067943 -2.035105
-1.424968 -1.221457 -0.9884408 -1.577733 1.191446
-0.6823061 -0.6823061 -0.8129946 1.06454 1.656056
-1.704483 1.41567 -1.616925 1.469912 -1.455909
-1.843643 -2.2018 -1.703145 -0.838375 -0.8808403
-0.8718319 -1.521194 1.465268 -1.071344 1.104779
5.920858 -1.572737 -1.129449 -1.77142 -1.169708
1.23014 -1.122811 -1.533339 -1.172372 -1.174874
-1.70038 -1.040238 -1.664344 1.079598 -0.9885117
-1.216892 -1.715382 -1.334757 -2.803627 -1.04266
1.06578 1.307395 1.192497 1.38019 1.053324
