2.687541 2.736785 2.341035 2.374614 2.375396
2.066195 2.342868 2.283091 -2.12937 4.350307
2.344319 1.915884 2.330544 1.621844 2.16071
2.007836 1.942823 2.257871 1.419405 1.707967
1.679941 2.528557 2.207745 2.148245 1.524017
1.348616 4.531016 1.878075 1.656695 1.733219
1.665521 2.27351 -2.852866 -2.396413 -2.150982
1.735841 2.391318 1.484735 1.694159 1.466548
2.623975 1.032252 1.99091 1.577038 1.446821
1.437275 1.315664 2.190519 1.233149 1.402214
1.73837 1.128189 1.878132 1.04777 1.392615
1.944378 1.783095 -1.678387 -1.082478 0.9421379
4.118099 -2.334215 -1.256527 -1.658022 1.331324
-1.766183 -1.733219 1.308141 1.308141 -1.579024
-1.550368
