1.863131 1.233813 1.420348 1.728962 1.464922
1.520124 1.74268 2.65449 2.195743 -1.609368
1.894426 -2.032983 2.009057 0.9266995 0.7371554
1.025 1.074354 1.994521 0.9812037 1.482421
1.313572 1.600693 3.973499 1.078762 1.571103
0.6429344 0.7179849 0.8840237 1.355954 1.148807
1.161203 -1.363731 1.082603 1.163209 1.163209
0.8081494 1.041269 1.299189 1.612404 0.934341
0.7001645 0.7996988 1.399498 1.3509 0.8720416
1.296292 1.509622 0.9998781 1.079025 1.352501
0.732445 1.367337 0.5983958 1.274658 1.082868
1.112604 1.195361 1.534483 0.7777589 1.36273
0.8763654 -2.877003 1.277513 0.9620265 0.8956848
0.8147583 0.9929689 1.619415 1.587836 1.200975
0.9825568 0.9596707 1.344055 1.050266 1.574859
1.452169 -1.22583 1.515559 0.9803188 1.720589
2.10016 1.498455 1.397948 1.2552 1.35167
-1.513174 1.349557 1.102651 1.112888 0.8303654
1.098691 1.878484 1.483436 1.24071 0.7709292
1.187262 2.031791 1.660026 1.607705 0.8068547
1.248389 1.171879 1.053776 0.7346473 -1.65284
1.42075 1.240823 0.6404511 0.9794673 0.7880986
0.7563665 1.404353 0.800577 0.981076 1.091994
1.340834 1.319205 0.8170508 1.712448 1.211616
1.523974 0.87313 0.8561363 1.009018 0.8329653
2.387294 -1.632638 -1.302844 1.873424 0.7867535
-0.6883864 1.662654 -1.181039 -1.363731 0.7113406
0.7113406 -2.016526 -0.9268568 0.9268568 -3.566277
-0.8259198 0.8567971 -1.940853 -1.149813 1.633797
-1.579177 0.8326359 0.8326359 -1.609903 0.7922396
0.7922396 -0.887722 0.9458229 0.9458229 1.327701
-1.227536 -0.9697952 1.948466 -1.477692 -1.176613
-1.397948 -0.9427478 -1.322391 1.479692 -0.8319328
0.7709292 0.8124482 1.739492 -1.74268 2.683809
-2.137499 1.164384 1.164384 1.164384 0.6404511
-1.571368 0.8523962 -1.357732 0.7757136 0.8848761
0.7612183 -1.626839 -1.182537
