2.701161 1.73059 1.593809 -1.691987 2.224279
1.374288 0.8904524 0.9953208 1.061924 2.311582
1.174998 1.439834 1.569188 0.6303097 0.8206553
1.490613 1.172996 1.206623 0.8852975 1.190877
1.009247 0.8188587 0.9552658 1.248232 1.299803
1.405875 1.020586 0.7990454 1.031038 1.15775
1.377196 0.7908018 1.458464 0.9098813 -1.278696
1.12385 1.109702 1.181077 1.074298 0.9740681
1.544787 1.616404 1.013425 1.356237 0.8354711
1.022286 1.648917 1.243988 1.070962 1.64768
2.188695 1.584754 1.517773 0.6994011 1.426976
1.280744 1.18872 1.890817 0.9762802 0.8861045
1.690435 1.654024 0.6404511 1.234529 0.9089451
1.704422 1.75371 1.256412 0.909775 0.7992647
1.11432 1.44059 1.101925 1.104362 1.189489
0.934696 1.389417 1.534692 0.7862672 -1.676575
0.6670924 1.77134 1.651068 1.012783 -1.878041
0.7741932 -1.640668 -1.196657 -2.036066 1.279403
1.685387 0.9773849 -1.278696 0.757813 1.012905
-2.075075 1.691616 -2.367733 -2.367733 1.385518
-1.561181 0.8861045 1.716184 1.34553 1.34553
0.8758179 -1.758403 1.311183 0.9418071 0.9418071
-1.926221 1.189489 2.512667 1.122533 1.122533
