3.094901 2.845001 2.885521 -2.994188 -2.931996
2.740927 2.45595 2.976374 2.720369 2.732791
-1.676341 -2.704489 -1.058937 2.859507 2.326808
-1.97153 1.724707 -2.673805 3.128852 -2.487386
-2.669623 2.690593 -2.607906 2.87145 2.002753
2.547789 3.015023 -2.446793 -2.657548 -2.625505
-2.785044 -2.767525 -3.214612 3.19926 -2.989118
-2.690273 -1.995473 2.951973 -3.122442 2.265801
-2.492972 -2.853304 2.279228 2.699224 -2.136369
-2.535636 2.940455 2.126445 -3.214612 -3.214612
-1.619859 2.038284 -2.883701 3.19926 -0.6924401
2.002753 2.002753 -0.7444484 2.492711 -2.502979
-2.502979 1.823598 -0.6998043 -1.160917 -1.667199
-2.408966 -2.709251 -2.242204 -2.241617 -2.183523
-2.708903 2.308566 2.1832 2.458539
