2.79098 -2.991369 -3.019449 2.428668 -3.078333
2.62936 -3.146247 -2.673799 -2.750676 -3.11656
-2.901779 -1.905774 -2.739079 -2.26663 2.617861
-2.815431 -2.271519 -2.3266 2.694638 2.132882
2.684287 -2.466977 2.859815 1.795391 -2.12553
-1.95923 2.123368 -2.406806 2.411862 -2.022321
-1.791472 -2.360598 -3.118306 -2.343584 1.112069
-2.207027 -2.973437 -2.973437 -1.690365 -2.289795
-1.92468 1.623062 -2.82243 1.056705 2.235527
-1.532969 1.63246 1.873988 1.33635 -1.404861
1.144633 -1.602823 -2.093095 2.115971 -2.124874
1.854751 1.798253 -1.386145 -1.494268 -1.491175
-1.854447 -1.52629 1.02328 -1.812323 -1.697678
0.8204932 -2.337653 -2.138043 -2.459882 -1.826141
-2.466474 -1.038576 -2.184077 -1.260426 -1.008214
-1.930083 -1.930083 -1.481625 2.402122 -1.913094
-1.386468 -1.150735 -1.534782 -2.973437 -2.973437
-1.690365 -1.690365 -2.815431 -1.803296 -0.9129472
-1.92468 -1.939899 -0.8767422
