-1.158579 1.811582 4.605782 2.268285 1.930722
1.945694 1.801301 1.511613 -1.790644 2.08701
1.858215 1.616939 1.74967 2.000795 2.083883
1.651974 -2.709222 1.068446 -1.891795 1.843082
1.716866 -2.023461 -1.758406 1.597446 -2.171497
1.782601 1.763353 1.232766 -1.940234 1.709467
-1.663511 -2.051942 -1.805108 1.746197 1.952545
2.052623 -1.782518 1.826647 1.842193 2.294328
1.670171 1.639271 2.19537 -1.791936 -1.972126
1.292984 1.396169 -1.883088 1.862733 -1.944106
-2.267743 1.801301 -0.2806182 -1.287561 -1.709161
1.724806 1.472893 -0.8417674 1.870169 1.648435
-0.5706948 1.068446 1.615719 0.4429591 -1.843082
-1.158579 -0.2303961 -2.031222 0.795773 -2.087438
-0.9077296 1.436018 -1.694677 2.048503 -2.740609
-1.331887 0.7443809 -2.134751 -1.89372 -2.210205
1.467916 1.768163 -1.026326 1.911893 1.322225
