2.432187 2.663352 2.489702 2.253046 3.246319
-1.953275 -1.953275 1.277369 1.104235 1.166097
1.967782 1.660148 2.199203 1.070889 1.306335
1.003466 2.149779 1.574764 3.022366 3.022366
1.918416 1.26076 1.700346 1.160699 1.643238
1.58231 1.624444 2.344307 0.9341248 1.73183
1.198944 1.257333 1.633847 1.574719 0.9924271
2.671677 1.208273 1.981473 -1.124682 0.956732
0.8441592 1.336753 1.156582 1.0948 0.8956177
1.295668 1.584466 1.659954 1.463729 1.121512
1.145995 1.380841 0.8951423 2.122756 0.9986376
1.369213 1.115923 0.9398995 1.114937 1.287539
0.8566654 1.100568 1.436669 1.024584 0.946014
0.8662527 1.11756 0.8631382 1.521048 1.575539
1.009197 0.716508 2.41633 1.028314 1.535476
1.274335 1.018196 1.285465 0.924317 1.172659
1.040071 0.9849464 0.9339279 1.051251 1.12032
-1.974673 1.8957 0.8967595 1.091916 0.8454223
1.117409 1.917812 1.12534 1.235299 1.994336
0.7020407 1.150207 2.072703 1.089174 1.26076
2.400921 1.129134 1.625727 1.077041 1.219069
0.8566654 2.552253 1.495205 -0.8211005 -0.8709465
1.755459 1.467708 1.191173 1.352557 1.194807
1.366907 1.366907 2.194789 4.661738 1.456146
-1.043599 2.671677 -1.18063 1.208273 0.9227706
2.343585 2.343585 1.292646 1.268615 1.268615
0.8540973 1.895161
