2.020265 2.231999 1.547698 2.614576 7.981369
-1.677651 1.455878 1.483999 -1.568348 1.934552
-1.64703 -1.269321 1.295387 1.085513 1.839696
1.854059 1.035625 1.696659 1.870699 0.9141506
1.523406 1.54203 1.409618 1.395343 1.89484
1.638298 1.060845 0.8742332 1.138892 2.324203
1.226729 0.9898651 1.350646 2.07936 1.521865
2.010741 1.523266 1.139126 1.004157 1.055346
1.087745 1.745186 1.220388 0.7224031 1.20695
1.392747 2.074029 2.248512 -2.953509 1.958098
1.033953 1.457624 3.343808 -1.488607 1.363376
-1.332065 -2.819693 2.614576 -1.902851 -1.205285
2.498427 0.9663904 0.9155624 1.854919 -1.016348
-2.293801 -1.634639 -2.436642 -1.730333 -1.227425
1.455878 2.633425 2.633425 -1.342304 -1.342304
2.457798 -1.974588 -0.9161586 -2.471205 -1.316684
-1.771268 1.162038 1.317266 -1.262221 1.085513
1.457624 1.58362 2.184405 1.02434 -1.399782
-1.870549 -1.549665 1.808518 2.07936 1.523266
-1.384236 -1.245937 1.087745 -1.750414 1.342304
-1.640669
