2.85849 3.185953 2.505155 3.203665 2.766207
2.363482 1.985244 -2.496536 2.270749 2.802666
2.647555 2.363482 -3.036759 -3.036759 2.026137
1.469954 1.699406 1.820524 1.975029 1.59851
1.980216 2.422915 1.86601 2.824742 1.831982
1.6306 1.995339 1.405034 2.670628 1.432304
1.442457 1.372518 2.19356 2.230117 1.926261
1.853438 2.133529 1.751423 1.929518 1.725836
2.121563 2.067897 2.199501 1.825076 1.817671
1.855992 2.623843 2.143914 1.776148 2.090323
1.937149 1.9182 2.199038 1.773218 1.948679
2.190318 1.853638 2.518697 1.813508 1.7196
1.796463 2.314192 1.398473 2.233807 2.675861
-1.828539 2.481002 2.156373 -1.897452 -2.493224
-3.186501 -0.6451239 -1.611938 -0.500501 2.06681
-0.7170219 2.167731 1.825076 2.368922 -2.005147
-1.54836 2.83999 2.000614 2.016366 1.942858
1.897526 1.949758 1.676037 1.469954 1.82062
-1.451906 0.9932758 -0.435874
