1.780636 1.834997 2.529517 0.8103871 2.125719
1.035208 0.910532 -1.382414 -1.140616 0.8616852
1.193793 0.8940844 0.735789 1.061416 1.311851
1.446592 1.001239 1.195836 0.9607598 1.4663
1.12575 1.440472 1.106084 1.087008 0.756474
1.982641 0.7867535 1.063284 1.186132 0.9026443
1.107658 0.6670924 1.081838 0.880711 0.6978984
0.8169677 -0.9268393 -1.07899 -1.382414 -0.9014532
-1.10208 -1.074468 -1.039478 -1.286143 1.585171
-0.9560616 -1.25994 -2.401383 -0.8420995 -1.234917
-1.464126 0.756474 -2.728719 1.318401 -1.186612
