2.63137 -2.630521 -2.70013 -2.468126 -1.802722
-0.2778778 2.209559 2.58263 2.694371 -2.445374
-0.2747035 -0.3044722 -2.371167 2.321368 2.466696
1.705923 -2.140349 -2.609121 -1.934553 -2.287668
-2.359632 2.085737 -2.015987 2.635785 -2.628673
1.959482 2.672676 2.379518 -2.324536 2.121502
2.978268 -2.156469 -2.997696 -2.323942 -1.880611
-0.3419901 3.112897 -1.447424 -1.88748 -0.4666334
-2.678197 -0.2734513 -5.20762 -1.536197 1.757423
-1.643847 -0.5199296 -1.655637 -1.906064 -2.385531
-2.140327 -2.632285 -2.143258 -0.3805286 -1.246102
-1.950762 -1.843563 -0.44406 -1.281965
