2.269321 2.184194 3.084623 2.657254 2.761044
2.149388 2.475769 2.775018 2.585093 2.428426
2.42982 2.50291 2.373359 2.609784 2.310964
2.361443 2.531937 -2.355441 -2.799957 -1.779493
-2.621015 2.768181 2.644404 -1.837593 2.058061
2.724395 2.168071 2.564524 2.377199 2.362189
2.362347 2.169057 2.353658 2.233694 2.693257
-2.69916 1.935644 2.280476 2.494731 2.978922
2.821184 2.547668 2.086731 2.505961 2.507143
2.715453 2.697773 2.451878 2.241521 2.240505
2.345646 2.229206 -2.689918 1.942003 2.633689
-2.775018 2.373359 -2.171678 2.347007 -2.168715
1.460205 2.238828
