3.16218 3.232483 3.370036 3.36901 3.373548
3.130646 3.127841 -3.080189 3.302048 2.243637
1.633813 2.073737 2.022361 1.731561 2.576079
1.71511 -2.877697 1.405588 1.324518 1.316769
1.072374 1.777979 1.924008 1.069437 1.559624
0.9221687 1.281403 1.487981 1.399238 1.178884
0.8637044 1.179805 1.359821 1.260252 1.62221
1.751801 1.708927 1.480695 2.215718 1.379207
2.774026 1.41457 1.866356 1.624661 1.373708
1.283628 1.432524 3.319518 1.648298 1.649225
1.56882 1.311871 1.520741 1.280729 1.144607
1.113152 1.555564 0.936362 1.890716 1.460086
1.579895 -2.294304 1.772122 1.816312 -2.126518
-2.410848 -1.854846 1.363751 -2.877697 -1.396439
-1.921156 -1.405519 -1.708136 1.35272 2.022361
-2.224258 -1.46569 -2.028493 -1.274305 2.123631
2.052148 1.187578 0.9930996 1.139639 1.080995
1.088086 1.590327 0.9051177 1.395905 1.035607
1.046567 1.557836 1.241085 1.81477 1.20616
1.098857 1.083163 1.250428 1.13386 1.267493
1.612161 1.615018 0.9999836 0.8585558 1.097746
1.383205 0.8014946 2.375944 1.134425 0.8619335
0.8667641 1.049103 1.22015 1.077848 1.501601
1.207857 1.35261 1.238512 1.157842 1.240685
0.9336584 1.209125 1.113752 1.733767 1.47644
1.641946 1.34931 1.483657 1.461711 1.528168
1.073235 1.28011 1.266906 1.147832 1.275142
1.200096 0.9977193 1.24829 1.025615 1.306731
1.415332 1.63219 1.364993 1.449314 1.227931
0.752213 1.151065 1.446642 1.190725 1.247532
0.8858377 1.321698 0.9201449 1.06596 1.519358
1.208793 -1.459046 1.148293 0.9628247 -1.768474
-1.780266 1.971494 2.214961 1.233558 -1.363751
-2.036942 1.255894 1.088485 1.291255 0.9938205
1.618738 -1.373708 -1.444415 -1.829721 1.014765
-1.600183 -1.608831 -1.846969 1.328999 1.278335
1.177808
