1.762846 2.184645 1.712155 1.511557 1.868641
1.099484 1.91164 2.030471 1.126239 1.894045
1.720802 1.833003 1.539665 1.896416 2.019485
1.078183 1.508226 1.671771 2.260548 1.397224
1.679609 1.937243 1.17225 2.741591 1.390706
2.323874 1.86497 1.730797 1.694931 4.291726
1.659636 1.220025 1.945467 1.107974 2.372948
1.274822 1.918337 1.650708 1.723317 1.241662
1.356375 2.688702 -2.022838 1.980828 -2.699417
-2.84886 1.59678 -2.620288 1.336546 1.261608
-2.15157 1.454107 1.484792 1.380903 2.747066
1.434898 -2.645398 -1.930976 -1.434659 -2.420716
-1.821084 -1.959001 -1.564558 2.039814 1.973847
-2.725616 -1.493815 -2.729024 1.581843 -2.304749
-2.053842 -5.016566 1.257258 1.408475 1.4626
-2.778526 2.67648 -2.18427 1.107974 1.171697
-2.061273 -2.41054 -1.433736
