-0.2654669 1.860857 1.986981 -2.286918 2.460254
1.278905 1.498685 2.019422 2.307801 2.532675
1.513242 2.308128 1.802542 1.529046 1.732623
1.485017 2.158371 2.034206 1.953228 1.625054
-1.772148 1.721127 -1.281709 2.100693 2.053842
2.177449 1.837149 1.788439 2.21557 1.518702
1.965156 2.097452 2.277024 1.630158 1.743743
1.677286 -2.159974 1.878919 1.610718 2.012134
1.485944 1.190597 1.465738 -1.563388 1.877076
1.906386 1.598186 -1.913395 -2.606033 -1.999949
-1.22851 -0.2864442 2.107653 -0.6724227 -0.7241843
-1.304353 -1.832945 -1.63827 -1.178101 -6.64783
-0.1712814 -1.076653 -2.256443 -0.3301981 -0.495653
-1.567813 -2.524524 -1.806844 -0.1820697 -0.4583346
-1.258849 -1.490042 -1.281709 -0.7241897 -2.105335
-2.038969 2.656272 -0.2654669 -1.444908 1.451207
-0.1765817 -0.4107663 -0.1265052 2.265734 -1.316648
-0.5938718 1.375432 -1.031851 -0.7879837 1.594664
-1.446877 -1.749886 -1.493515 -0.616353 -1.788081
-1.563388 -1.835107 1.954994
