2.772073 2.742213 2.206487 2.756676 2.079519
2.797891 2.007942 1.721369 2.558975 2.295483
2.128382 2.417524 2.567707 2.733681 1.982715
-2.062768 2.322256 2.049194 2.084762 -2.213755
2.10097 2.136964 2.217374 1.896867 2.217253
2.07641 2.657416 1.969504 2.895165 2.326516
-2.322987 2.454669 2.238884 1.855624 1.797074
2.223246 1.737572 2.424926 2.131269 2.352834
2.083216 2.855792 -2.507722 2.29231 1.958936
2.147698 1.896927 -2.316498 2.079519 1.945467
1.872962 -2.085723 1.950041 -1.941217 -2.005148
1.804589 1.858595 2.178254 4.442265 2.696887
2.61342 2.58589 2.333369 2.669879 2.031084
2.871669 2.303175 -2.632868 1.951497 1.972284
2.10505 2.145021 2.129291 -2.232798 2.641922
1.969504 2.215581 -2.468813 2.716568 2.214794
-2.720861 -2.561752
