1.013294 1.828775 1.009554 1.017461 0.8997276
0.7827651 1.102878 2.029161 0.5931662 0.8419702
1.128166 0.9006611 0.986168 0.8599867 0.8187365
0.8999519 1.008943 1.091122 0.7980431 0.9201961
0.9296292 1.060056 1.681457 0.8021558 0.7952119
0.7702022 2.440752 0.908568 1.865878 1.254593
1.354608 1.057138 0.9634297 1.091352 1.483847
0.982131 1.430056 1.235586 1.156503 1.260205
1.387388 0.8032693 0.943977 1.397896 0.9904828
1.014887 0.8176107 -1.492811 0.940882 1.142506
-0.875879 1.132987 0.846793 1.128134 1.186806
0.8587987 1.108013 0.9845258 1.213844 -0.9998946
1.299689 1.1251 0.7384818 0.7819708 1.37614
0.9248713 0.8924516 1.131085 1.167972 1.227192
0.933037 0.7796609 1.666795 -1.408099 1.225068
1.018251 0.9589036 1.20606 1.183958 -1.421343
-1.148537 -1.586249 -1.102878 2.222387 -1.272307
-1.272307 -2.085608 -1.823244 -1.324383 -1.521391
1.102797 1.483314 -1.492811 1.128134 1.698533
-1.742254 -2.023423 -0.8924516 1.169333 -1.292287
0.7437475 -1.256013 -1.220436 -2.008251 -1.438353
-1.105072
