-3.068664 -2.924597 2.38187 -2.14336 1.714342
1.597932 -1.889884 -1.855529 1.473956 1.641391
1.374297 -2.086068 -1.599907 -1.700038 1.734883
-1.916865 -2.220978 -1.752924 2.174572 1.78559
1.481008 -1.675541 1.826072 -1.599812 1.856905
-1.025216 1.381075 1.76266 2.310115 2.316513
1.663547 2.270228 -1.925971 -1.974057 -2.365706
-1.071398 -1.805892 -0.374081 1.633393 -1.448765
-2.192152 -1.716391 -1.153858 1.683025 -1.193034
-2.014523 -1.902569 -2.14482 -1.418734 -1.306772
-0.1356253 -1.087325 -0.2221321 -2.308973 -1.242249
