1.707208 4.533252 1.592635 1.800392 1.534145
1.852308 1.462816 2.099071 -0.9385857 1.860921
-1.718485 1.601985 -1.328486 1.591306 1.848376
1.750426 2.184357 1.955503 1.555294 1.669121
1.810745 1.384443 1.449384 1.60683 1.527659
-0.2598224 -1.288607 -1.639159 -0.7278664 -1.855831
-1.445055 1.571066 -0.9385857 -1.095849 -0.2133713
-1.290733 -0.9768304 -1.723543 -1.539859 -1.151044
1.340631 1.486922 1.807904 1.6138 1.191505
2.183611 1.782891 1.586979 1.580613 1.784362
1.545617 1.305816 1.527065 1.427326 -2.478942
