1.565785 1.612999 1.974438 1.212126 1.894664
1.222944 1.130517 1.743331 1.348856 1.126974
1.391153 2.04157 1.15705 1.128707 1.456491
1.676126 2.330536 1.233585 1.190682 1.974391
1.233182 2.083706 1.099502 1.78048 1.233968
1.343857 1.476336 1.014374 0.9870701 1.27128
1.758411 1.549111 1.722794 1.279087 1.309055
2.028107 1.238717 1.525269 1.268644 1.447075
2.369514 1.501347 1.155803 1.261793 2.000299
0.8516922 1.469455 2.020564 1.635065 1.363303
1.519111 1.652986 1.710506 1.655411 2.180641
1.516026 1.50946 1.428884 1.751096 1.012692
1.145803 2.188731 1.818968 1.406092 1.691455
1.285519 1.226416 2.455393 2.438963 1.012382
1.230875 0.9014863 1.533959 2.059628 1.61544
1.557035 1.075683 1.305251 1.217488 1.524996
1.53546 1.254271 1.051236 1.486987 1.548499
1.214459 1.293179 1.991105 1.370614 1.449039
1.476676 1.3022 1.623766 1.811562 1.028225
1.345456 1.951078 1.372972 1.636431 1.458977
1.910409 1.388024 1.220313 1.13902 1.075993
1.082969 1.65456 1.665427 2.106181 1.388103
1.721533 2.164075 1.553608 2.252354 1.197072
1.660384 1.267035 1.925779 1.553236 1.277338
1.324 1.799643 1.220371 1.417256 1.523109
1.210052 1.423634 1.422618 1.391153 1.156491
1.320736 1.383821 1.370072 1.409457 1.765333
1.529788 1.365933 1.565785 1.261721 -1.974248
1.501347 1.585123 -1.556396 -2.084332 1.295199
1.576866 1.533959 1.878377 -1.943156 1.586144
1.617048 1.617048 2.309425 1.780289 1.973697
1.437108 2.106181 2.870339 1.534571 1.689847
2.409536 1.259722 1.314211 1.151191 1.354674
1.391812 1.200273 1.660223 1.4757 1.579194
1.459392 1.481982 1.258626 1.62731 1.567525
1.885736 1.504424 1.349059 1.431637 1.113339
1.082039 1.48089 1.508097 1.536784 1.394675
1.655582 1.104287 1.444547 1.420219 1.784376
1.249179 1.535171 1.297821 1.584555 1.037023
1.069364 1.182739 1.793753 1.276667 1.295199
1.224957 0.9504705 2.809142 1.301063 1.391704
0.9520787 1.686711 1.025142 1.325991 1.823793
4.17134 1.366378 1.09517 1.432237 1.101652
1.203039 1.553932 1.308964 1.018707 1.123383
1.302693 1.605813 0.9576035 1.577015 1.340024
1.937175 1.46677 1.062964 1.411422 1.175467
1.362649 1.409899 1.617929 1.288609 1.309893
1.554979 0.8693584 1.167275 1.964842 2.172004
0.8996424 0.8996424 1.542959 -1.542959 1.267614
1.026117 -1.53576 1.443642 1.365933 1.151758
1.682325 1.35154 1.374738 2.184046 1.287634
-2.231407 1.1671 1.345456 1.520974 1.100506
-1.601782 1.225122 1.382792 1.86657 1.495311
-2.993223
