-1.904606 -2.364772 2.341801 1.450369 -2.280536
-1.716579 -1.684285 -1.755523 -1.979179 2.015318
2.290625 2.341801 1.946438 1.499965 -3.164869
-2.574006 1.336225 2.128218 1.514324 -2.408747
2.015318 -2.875286 1.72487 -1.628118 2.010385
2.189458 2.004296 1.853922 -1.939875 -1.962384
-1.792435 1.596375 1.881463 -2.334845 -1.925938
-1.626034 -1.922155 -2.164075 -2.034817 -1.489981
0.9810928 1.76005 -1.422502 -1.703008 -1.831025
2.143649 -0.9344273 2.110146 -2.112706 -2.423316
-1.464532 -2.213991 -2.088358 1.665397 1.160718
-2.332548 1.370016 1.508756 1.92886 -1.458576
2.082392 -1.17447 -1.88084 0.6488812 -1.936145
-1.517099 -1.698984 2.390782 -1.837799 -1.496894
-2.040023 -1.647117 1.38131 1.863502 -2.158499
2.050033 2.462746 1.717935 -1.638927 -0.8843953
2.063904 0.2079499 -1.707858 -2.620964 1.842288
-1.26109 0.8831085 -1.489279 0.5398135 0.2189795
1.255795 -0.3242043 -1.5364 -1.922155 -1.794689
1.620983
