2.319396 2.244022 2.778608 2.216887 2.474092
2.53415 2.625632 2.534299 2.486511 2.581922
2.666377 2.364416 2.463844 2.613934 -2.244289
2.493501 -1.077847 -2.684488 -1.590268 -2.844312
-0.4480686 -2.191314 -1.310363 -0.9750649 -1.74742
2.459361 2.620579 2.736858 -1.779726 2.102493
-1.906135 -2.027197 2.81694 -2.188455 2.676396
2.393551 2.436418 2.18734 2.821427 2.721445
2.019658 2.541749 3.067282 2.131219 2.558362
2.607684 2.797523 2.781458 2.398997 2.310229
2.456993 2.772889 1.992987 -1.625644 2.342954
2.449798 -2.199103 1.479719 -0.8236874 -0.7017704
-2.302516
