2.9 2.067583 1.471071 -0.3490201 2.066243
1.957068 1.644939 2.060054 1.693908 2.362374
1.991633 1.991633 1.459973 1.91196 1.888469
1.910611 1.998196 1.807679 1.617796 2.074158
1.508643 1.688114 1.646697 2.027111 1.899397
1.69953 2.030921 1.710498 1.484646 2.019683
1.629515 1.932194 1.459341 1.649346 1.873129
1.32222 1.952831 1.496546 1.496546 2.155352
1.67955 1.824885 1.749778 2.062894 2.046013
1.611362 1.933897 -1.79814 1.369398 1.985397
-1.290148 1.404989 -1.714862 1.901508 1.917919
1.145669 -0.6209915 1.314764 1.651612 1.801067
1.789146 -0.3490201 -1.850651 -0.2465153 1.194313
-2.111708 -2.01168 -1.44613 1.94203 1.791195
1.452169 1.690289 -1.25192 1.924113 -2.493655
