2.839064 2.282343 2.307516 2.900434 2.853734
2.500639 2.723 2.720295 2.315232 2.328955
2.831898 2.559066 3.152828 2.146303 -2.198025
2.416422 3.050133 2.684743 -2.585741 2.282343
-2.97157 -2.524528 1.147491 1.017263 2.079838
1.250633 1.347753 1.693088 1.308767 1.694551
2.302714 1.544027 -1.39652 -2.344614 0.9523677
0.8906757 1.270926 0.9886478 1.059487 1.331403
1.963643 1.493044 -2.410477 2.304795 1.07323
3.99672 -2.281509 1.091497 1.282201 1.331933
-1.49887 0.9395972 1.584713 1.096163 1.096163
1.125392 1.218775 1.366569 0.9250766 1.183572
1.499524 1.487973 1.748532 0.6706427 0.9365625
1.033047 1.230933 1.473817 2.796793 1.235145
0.9834668 1.147065 1.072757 1.042605 1.713898
1.307613 0.8928937 1.766652 1.542484 1.238245
0.9041166 1.542294 1.463863 1.210127 1.458345
0.8910456 -1.064098 1.314055 1.134078 1.261141
1.590761 1.476567 1.247347 1.265905 1.255491
2.025426 1.181601 1.626014 1.430478 0.8674788
0.8561363 1.089446 1.640489 1.324283 0.7862672
1.187243 1.138524 0.7165928 1.124951 1.318034
1.051769 1.32906 0.880716 1.112573 1.105644
-1.391405 1.339396 1.603859 1.039495 0.9577808
-1.100919 2.267628 -1.438483 -1.954815 -1.2941
0.8169677 -1.49212 0.7149224 1.544027 -1.60083
1.4111 0.9796485 1.015976 1.33776 -1.186815
-1.175021 -1.222887 -1.33484 -1.048795 1.02769
-1.846957 1.235145 -1.163574 1.017263 -1.95566
1.303972 -2.323137 -2.149298 -1.014188 1.148485
1.389671 2.314652 -1.151373 1.055384 -1.868779
1.239681 -1.493294 -0.9192833 -1.677395 -2.231117
-1.450153 -1.39934 1.256924 1.224855 0.8564381
1.0751
