3.215741 2.693316 2.946312 3.061733 2.728282
2.241692 2.737869 2.992547 2.881648 2.470877
3.130778 -2.728282 2.767021 2.730685 2.238152
2.097639 2.109754 2.316157 2.241692 2.241692
1.855018 1.837849 1.303262 2.240314 1.692005
1.428871 1.860063 1.697513 1.774822 1.645838
1.792795 1.398028 1.874439 1.797709 1.558895
2.057942 1.281446 1.557681 1.415567 1.335962
1.737462 1.775781 1.776976 1.924841 1.752914
1.741149 1.599886 1.723002 1.434652 1.816288
1.272317 1.741651 1.639819 1.523079 1.691308
1.315122 2.194088 1.925348 1.414628 2.024343
