3.152065 2.937537 2.927697 2.821359 2.792331
2.276735 2.593887 2.549547 2.78095 2.276712
-2.219048 2.377987 -2.156528 1.729398 2.412303
1.223573 1.915802 2.141598 1.890012 1.955079
2.126802 1.999391 1.367035 1.860753 2.198727
1.421092 1.283716 -2.510025 2.349961 1.674843
2.100018 1.942787 2.064959 1.776869 2.054714
2.127724 1.9161 1.843151 2.048075 1.775975
1.810438 1.757035 2.195546 1.971326 1.375854
1.917063 2.248326 1.712483 1.702119 1.123462
1.797733 1.955372 2.097199 1.70329 1.785128
-2.152889 1.6667 -1.463535 2.003778 1.866107
1.966848 1.687807 1.721769
