-3.33834 2.964374 2.432616 2.315238 2.2263
3.156516 3.160448 3.34677 2.280396 1.646819
2.071645 1.762801 1.9174 1.138502 1.269982
1.218695 2.72664 2.212989 1.07851 1.274348
2.03152 1.271862 1.318583 1.632342 1.283372
1.049855 1.441682 2.196096 1.402813 1.022459
1.455831 1.343095 1.724359 1.840441 1.446003
1.10144 1.462082 1.397438 1.558594 1.600294
1.660034 1.455583 1.251988 1.120826 1.369213
1.779189 1.65924 1.582842 1.844978 2.17484
1.801989 1.056028 1.477819 2.186844 1.457141
1.497195 1.711421 1.817311 1.234827 1.181416
1.16577 1.075103 1.183797 1.595089 1.292353
1.623776 1.424639 1.940769 1.196191 1.546572
1.407691 1.158346 1.293688 1.218396 1.632823
1.344419 1.79669 1.390373 1.903192 1.037095
1.077735 1.220816 1.306566 1.197072 1.022938
2.315418 1.29726 1.026922 1.605313 1.091514
0.9902195 0.9902195 1.144021 1.385544 1.514445
1.183007 1.29298 1.008849 1.045618 0.9904492
1.224218 1.037003 1.326644 1.080734 1.702621
1.01433 1.236631 1.367979 0.9040713 1.179846
1.326505 1.145055 1.350347 1.176044 1.228242
1.106121 0.9272181 1.030023 1.828842 0.8909513
1.237788 3.550981 1.361453 1.28637 1.304505
1.084709 1.673573 1.138305 1.160169 1.155018
1.581761 0.9929214 1.091009 1.162943 1.256358
1.497195 1.194012 1.22205 1.250608 1.507721
1.224053 1.447965 1.053974 1.174862 1.217718
1.465066 1.237118 1.241795 1.441297 1.424122
1.13398 1.339524 1.522713 1.031722 1.567644
1.497195 1.462529 1.369213 1.280246
