2.56547 1.889357 1.430135 -3.117767 2.097765
2.849149 1.716705 1.81 1.888568 1.80012
-1.263693 1.162318 -1.380191 2.009602 1.282256
1.760531 1.705282 1.785368 1.533742 1.975956
1.505517 2.249689 1.490335 -1.555143 1.398351
-1.726213 1.573196 1.766069 2.294019 1.632388
2.047675 0.8542234 1.79785 1.800446 1.519078
2.121125 2.180867 -2.597463 1.682869 2.358454
-1.12086 2.276827 1.049304 1.955463 -2.136533
1.837601 0.9640273 1.179129 1.094371 0.9116423
1.021247 1.339499 2.60149 2.340896 1.085448
1.213675 1.562307 0.658252 1.369183 1.357086
0.7045388 1.784721 1.307881 0.7286477 1.09215
1.205673 1.342704 1.371168 1.285187 1.285187
1.516743 0.8618646 0.9061143 0.7675871 1.114539
1.916692 1.361544 1.554224 1.577839 1.594463
0.7698867 1.337214 0.8044922 1.189596 1.102382
0.9593661 0.7554887 1.55804 1.212675 1.503111
0.9218058 1.389826 0.7414349 1.456721 1.089157
1.203401 1.275934 1.224237 0.9231495 0.9189282
0.7038298 0.8540939 1.737113 1.184392 2.36063
-1.471757 1.55236 0.799226 0.9552951 0.7053448
1.139519 1.397451 0.7624356 0.7957409 0.8696243
1.30134 1.337349 1.540132 0.7804033 1.205365
0.9770728 -1.589593 0.8142263 1.370519 1.292914
0.7802866 -1.068171 1.027331 1.277485 1.190366
0.8915262 0.9437255 -1.026683 -1.52168 1.454809
-2.090417 -1.788588 -1.141475 0.8540939 0.8206553
0.8542234 0.870306 0.8198475
