1.800298 2.16117 -2.176455 -1.875225 2.173702
2.358992 2.550836 2.903059 2.671226 2.732584
2.266211 -2.333024 2.087926 3.071056 2.551525
2.151617 2.075212 2.831551 2.918889 2.466155
2.118806 2.002348 -2.526363 -2.116789 -2.497933
2.249747 2.151725 2.431532 2.699906 2.521762
2.091581 2.038975 3.078601 -0.1876078 -1.960258
2.32204 0.3767492 2.514027 -2.386747 3.159637
2.278474 1.891858 1.203034 1.137098 2.783344
-2.29192 -0.3957343 1.93651 1.28239 -2.236109
-2.164455 -2.067902 2.139212 1.224176 -0.2968683
1.496266 2.211449 -1.801505 -2.05887 2.14128
-1.268698 -2.191358 2.923935 2.199415
