1.158916 0.9849888 1.695969 1.07756 1.032406
1.849414 0.8712947 1.067868 1.275899 1.232712
1.73777 1.263627 1.369676 1.16145 2.075326
1.136465 1.113771 0.9719017 0.7786242 1.218148
0.8888102 0.9412652 1.017298 1.491048 1.2958
1.068734 0.9811427 1.000838 1.318186 2.022725
0.903624 1.079451 1.484004 0.8732286 1.079605
1.297093 1.271691 1.094279 1.573704 1.373259
1.717978 1.382799 1.864146 1.141834 1.291919
1.373216 1.272553 0.8768447 1.026579 1.648949
0.8362357 0.8507596 1.766755 1.132444 1.051088
1.14112 1.512956 1.146567 1.253336 -1.578599
1.204455 1.313396 1.421327 1.52644 1.378877
1.331439 1.25678 1.234752 -1.379262 1.317581
1.232687 1.654062 1.583829 1.191906 1.768961
1.125951 1.306364 1.069175 1.451138 1.155313
1.618816 1.045527 1.217523 1.093859 1.272728
1.338811 1.283289 1.061752 1.488935 -1.675078
1.189186 -1.260786 1.010932 -1.373122 1.52701
1.824363 1.824363 -1.200588 -1.212469 1.82766
-2.190684 -1.578599 -1.900409 1.595381 1.304833
1.814963 -1.111596 1.197815 1.017254 1.155697
0.9527505 1.555424 1.083689 1.233971 1.04146
1.295636 1.212126 0.687132 1.367469 0.9448582
1.423503 1.228017 0.8316878 1.238893 1.524829
0.7748911 0.8921192 1.269477 1.037311 0.8571867
1.183164 0.7180576 1.277436 0.9143329 1.067629
1.757906 1.168597 1.623003 1.262964 1.420235
1.098414 1.267822 1.061752 -0.8712947 1.051394
1.000838 -1.379262 1.690101 1.431637
