2.486749 2.553194 2.345798 -3.138916 2.726335
2.490707 2.470185 2.411432 2.61518 -1.1794
-1.755141 2.670947 2.773251 2.692069 2.24083
2.663402 2.280433 2.441014 2.698067 2.317669
2.082994 2.829829 2.373614 2.349762 2.937003
3.085791 2.241244 2.614018 2.546161 2.141491
2.356088 2.818397 2.248289 2.339069 2.735073
2.790536 2.815798 2.419952 2.397215 2.640899
3.050933 -1.235247 -1.595661 -2.489728 2.441281
-2.321637 -2.417018 -0.7242911 2.015737 2.086952
2.725625 2.726335 2.220628 -2.502047 -2.360138
2.571913 2.852589 1.740653 -1.755141 2.470185
-2.262549 -0.7416906 2.989025 -0.7105014 2.037115
2.317264 2.574377
