2.225635 3.133588 2.723721 2.442076 2.48451
2.591294 2.50411 2.43333 2.558864 2.417305
2.434649 2.484865 -2.660988 1.536621 2.813969
0.9411974 2.507621 2.612081 1.68715 2.08183
1.271718 2.091327 2.788439 0.502285 2.233567
2.39878 2.104823 2.12331 2.484636 2.120239
2.242444 2.364041 2.16376 2.199295 2.524916
2.39156 2.330032 3.087101 2.415023 2.153748
2.182854 2.527725 2.828509 2.483543 2.40488
1.756721 2.202786 2.965564 2.401435 2.675772
-2.750705 2.337728 2.697508 2.396024 1.892681
2.200767 2.379532 2.295028 2.23093 2.872299
-2.489834 2.336962 3.071292 2.432924 2.713084
2.345264 2.138655 2.43228 2.315822 2.085331
2.710253 2.491393 2.479092 2.783001 1.957171
2.3063 2.370446 2.528062 2.685581 2.047157
2.943653 2.75927 4.090985 2.352636 2.55
2.533528 2.459396 2.4613 2.766062 2.943319
1.931499 2.270796 2.621255 2.381514 2.452114
2.589907 2.80055 1.938839 2.298194 2.075233
2.170601 1.926708 3.085502 3.003219 1.684031
2.16376 2.406999 1.97208 3.105605 2.407548
2.407548 2.371355 1.471411 1.905 1.973338
2.675772 3.133588 2.337728 0.5375561 1.514971
1.938509 0.416316 2.70684 2.150307 2.660988
2.149271 2.442076 2.401254 2.308342 2.352253
2.48451 -2.807274 -2.807274 1.78343 1.645107
1.971978 3.020461 -1.795582 2.400524 2.710253
0.842702 2.420597 2.879712 2.41818 2.307038
1.991062 1.974078 -1.935478 2.467967 2.397453
2.1701 2.271451 1.031967 2.159857 0.5547759
-2.95647 2.016205 2.589907 -2.739578 1.960852
-1.885701 2.509997 2.509997 1.904668 2.327968
-1.973452 2.170601 2.471838 1.66804 2.260533
2.338344 2.808115 -2.128824 -2.387625 2.326658
2.571874 2.873722 2.351633 2.617974 2.18744
2.282275 2.560095 2.41967 1.971754 -2.824539
-2.133305 -2.172067 2.580953 2.373735 -3.056816
2.315654 2.333522 2.364701 2.101138 1.054308
2.34678 2.114416 1.8893 1.957171 1.640448
2.370446 1.865847 2.663184 2.20548 -1.973452
2.383323
