4.328957 2.483578 2.011936 1.542596 1.931028
-2.571922 1.464279 1.701707 0.971837 1.760378
1.451099 2.275533 1.291227 1.827771 2.06875
1.67054 1.874159 1.34353 1.771483 1.402644
1.435427 1.533358 1.391286 1.938719 1.134627
1.295528 2.132847 1.565776 1.872782 2.074784
2.472963 1.568524 1.07564 1.721224 1.935863
-2.150202 -1.674291 -1.115523 -1.6306 1.853279
1.456951 -1.961965 -1.337857 1.577882 1.302143
1.699578 2.512722 1.914163 1.371834 1.866617
2.248593 1.605081 1.621127 1.80905 1.908938
1.785048 1.867649 -1.813466 -1.240389 -1.407887
1.152084 1.833172 -3.076814 1.73764 -2.039763
1.322195
