-2.819219 -2.590522 2.7875 -2.77593 -2.794839
2.621479 -2.859744 -2.646288 -2.646443 2.518726
3.006529 2.747589 2.884653 2.771881 2.793902
2.822956 3.083847 2.569722 -2.641721 3.069612
-2.515852 -2.031464 -2.618153 2.882729 -2.310508
-2.181162 2.726199 2.231162 2.90204 2.17583
2.781469 2.744346 2.45266 2.655901 2.755725
-2.632667 2.183229 2.491225 2.388808 2.37438
2.673957 2.688014 2.492981 2.155897 2.802465
2.747081 2.487876 2.833629 2.265477 1.871196
2.12642 2.486824 2.814834 2.207266 2.472761
2.733805 -2.406661 -3.127559 2.388808 -3.155046
-2.357184 -0.2921854 -1.458555 -2.305365 1.614539
1.332679 2.288313 2.117794 2.563312 2.116221
-1.718039 1.535805 2.138549 1.760154 1.862696
2.083514 2.948834 2.21178 -1.431496 1.779683
2.211794 2.676464 -1.771635 2.733805 -1.650265
-1.867305 2.097725 1.862239 1.457638 2.012152
1.804818 1.773982 2.028052 1.698587 2.103431
-1.538897 -1.902709 1.919977 2.134046 2.031434
2.177812 1.856027 2.066658 1.897855 -1.690123
-1.960679 1.757211 -1.980064 -2.035711 -1.960325
