2.325257 -2.352905 1.830638 2.06856 2.174815
2.188231 2.631288 1.892281 2.183693 1.792714
-2.411632 2.465461 2.364212 2.344524 2.499767
2.247957 2.615033 2.717076 2.93649 2.108594
2.650601 2.508936 2.894544 2.546088 2.217813
2.782923 2.664844 2.952092 2.437387 2.733789
2.253152 2.126154 2.34505 2.080399 3.085815
2.568184 2.08627 2.041426 2.103508 2.567353
2.256274 2.948334 2.469628 1.796359 1.807514
2.092852 1.7517 2.230079 2.002095 1.963951
1.814226 2.093388 -2.284933 2.113254 2.792932
2.554576 2.521125 2.302445 2.163885 5.216234
2.20778 2.405573 2.702634 2.545128 2.30378
2.197866 2.811733 2.564995 2.183728 2.3554
2.354284 2.209828 1.994379 1.389311 2.518792
-2.681029 2.254645 2.534474 1.976027 2.372903
1.699974 2.320507 -0.2452069 2.088089 2.032033
-0.7813039 -2.57199 1.889897 -1.762559 2.264414
-1.724291 1.863654 -0.9167725 2.160362 1.642481
-2.139687 2.139687 1.622015 -1.07476 1.821085
-2.222892 1.850539 2.159185 1.973377 -2.184147
-1.284181 -1.092483 1.946188 2.229039 2.937337
-1.695211 2.272888 2.251294 -1.505153 1.934454
2.421719
