2.923111 2.152431 1.507304 -1.735178 1.371541
1.519746 1.073008 2.190397 1.353705 1.864146
1.451686 1.601667 1.504004 4.281034 1.310972
1.328665 1.629926 1.411943 0.9580797 0.9218058
1.154628 1.323135 2.515649 1.164587 1.229311
1.297564 1.130585 1.414759 1.935343 1.59435
0.8878447 1.380341 1.216802 0.9087437 1.271218
1.714859 1.468525 1.130697 1.547625 1.143299
1.608237 1.205468 1.498481 1.198535 1.636918
1.740828 1.065621 1.410696 1.211594 1.306615
1.512331 1.416394 1.02388 1.207168 1.985666
1.684279 1.72374 1.960546 1.309142 1.202789
1.801887 1.437896 1.244844 1.198875 1.052753
1.081051 1.674232 0.8491372 1.616361 1.841407
1.219529 1.459276 1.319441 1.292929 1.835397
0.9190345 1.0453 1.306917 1.379188 1.884541
1.033859 1.650736 1.058509 1.441867 1.108621
1.612765 2.033629 1.055657 1.409532 1.701837
1.413865 1.337801 1.690432 1.05263 1.726469
1.777968 1.17334 1.320956 1.092767 1.371117
1.418232 1.369273 1.560882 1.562393 1.608363
0.846277 0.9620951 1.763316 1.144122 2.117173
1.092518 1.342483 1.245667 1.513862 1.343548
1.301315 1.479469 1.082721 1.024823 1.760232
1.515363 1.24412 1.926565 1.761601 1.667883
0.8318455 1.501579 1.030084 1.235501 1.142633
1.58971 1.162711 1.695756 1.309172 1.69131
1.572101 1.286075 1.020224 1.55486 1.242817
1.107759 1.796408 1.141149 0.8465379 1.584939
1.059237 0.95561 1.206805 1.173707 1.445374
2.240687 1.930134 1.484224 1.72131 1.920971
1.100372 0.8879936 1.859253 2.048967 1.574933
1.276273 1.501245 1.440274 1.228592 1.141426
1.762221 -1.235263 1.744144 1.782292 1.016804
-1.929139 1.005087 -1.564813 1.143365 1.203388
1.050421 1.110654 1.244844 1.076179 1.076179
-1.670884 1.332788 1.634139 -1.735178 -1.508795
1.194792 1.447092 1.560882 -1.874997 1.75818
1.31841 1.58971 1.166831 1.446821 1.443411
1.443411 1.443411 1.107759 1.186761 1.252519
1.635481 1.012734 1.04372 1.384148 -1.390716
-1.410696
