1.466619 4.556873 1.749216 2.161348 1.560998
1.662755 1.722061 1.524698 1.615042 1.474789
1.760474 1.648811 1.624206 1.867445 2.697265
1.904082 1.919091 1.924015 1.977097 1.86515
1.106846 1.850726 1.975414 1.502813 1.715088
1.945276 1.724097 1.576425 1.541709 2.18194
1.667621 -1.666562 -1.167494 1.787298 1.816701
0.9423076 1.722061 1.755042 1.374684 1.164841
1.286518 -1.464518 0.6153734 1.203478 1.706226
-0.315879 1.945376 -0.4069525 1.912066 1.380967
1.380967 1.839345 1.839345 1.722526 1.562207
1.702371 -0.2047816 -1.7228 -0.9065898 1.80837
1.856192 1.214191
