2.150676 2.572516 2.601414 -1.278362 1.677943
2.566539 -2.758104 2.608957 2.066501 2.160069
2.357305 2.120338 2.37054 2.249221 2.34917
2.10245 2.454416 2.760445 2.384657 2.332638
2.363885 2.626573 2.702844 2.257373 2.386408
2.322218 2.062687 2.22932 2.204065 2.757227
2.304392 2.389605 2.302915 2.374508 2.096658
2.219799 2.02393 2.642852 2.42135 1.90902
2.238524 2.746384 2.265327 2.123813 2.183223
2.532921 1.968728 2.838136 2.13716 2.711527
4.00257 2.256022 2.468584 2.367202 2.622976
2.667993 2.362932 1.887424 2.24797 2.562223
2.343174 2.273612 2.454716 2.499637 2.757658
2.213523 2.117828 2.129854 1.863322 3.038933
-1.347695 2.120338 2.139203 -2.972651 2.37117
-1.512643 2.270583 2.261934 -1.88225 -2.665351
3.098362 2.257373 -1.631257 -1.477736 -1.733289
2.142089 2.142089 2.601414 -2.421936 5.294808
-2.260719 2.758541 2.758541 1.565015 1.794098
-2.310493 -0.5926443 2.746384 2.354921 -1.711641
-2.111979 1.92041 1.857589 -1.00086 2.094641
-0.8769537 2.648184 1.936838 1.936838 2.50351
2.129854 -2.165849 2.284137 -2.688119 2.10353
2.122207 2.518362 2.85664 2.574524 2.178696
2.227934 1.93465 2.387952 1.954999 2.679128
2.112103 2.098447 2.562808 1.775821 2.230185
2.204265 2.278031 2.386307 2.031301 -1.439615
2.261934 2.07275 -0.8823071 -0.4086557 -2.758541
-1.90902 -1.049728 -2.089007 -1.905553
