3.021758 2.735839 2.593518 2.213864 2.401362
2.244489 2.430285 2.311912 2.021286 2.233372
1.876574 1.879346 2.092571 2.239986 2.1234
2.138532 1.88918 2.21756 2.401362 1.958291
2.474575 2.666137 2.01141 2.308178 1.55125
2.743771 1.919479 2.291263 2.260152 2.047821
2.323981 1.958359 1.903716 2.188361 2.137802
2.342465 2.002651 2.613626 2.350234 2.381793
2.067187 2.186022 2.092571 4.317666 2.452633
2.045669 2.650571 1.681854 1.329035 1.532705
2.241276 2.074231 1.262376 1.2259 1.69052
2.007209 2.178792 1.309407 2.215163 2.140389
1.28242 2.055853 2.290293 1.356417 1.57197
1.49011 2.3578 1.628031 1.437275 1.405193
2.153253 1.341929 1.904663 1.375749 1.571822
1.219801 1.825886 1.522034 2.241379 1.572983
2.668502 1.450829 1.800929 2.077747 1.176869
2.051943 1.499471 1.741903 1.964206 2.387429
2.024201 1.926624 2.027847 1.523686 2.292682
1.622156 1.499849 1.845329 2.758776 1.389682
2.028497 1.249902 1.13024 2.394275 1.329035
2.8665 -1.147903 1.309407 1.145607 1.117014
2.290293 3.384291 -1.385246 2.401362 1.548779
1.548779 1.269233 2.244489 1.958291 2.308178
2.308178 1.798818 7.908369 1.083934 2.668502
1.826511 1.443298 -2.366513 2.047821 1.733255
-1.543242 1.587639 0.9431788 1.070719 1.245672
2.759889 1.006927 1.355809 1.355809 1.305413
1.683442 1.249902 1.784583 1.539802 1.724072
1.266392 1.582165 2.151208 2.232967 2.269446
2.132238 1.73 1.866525 2.131365 1.623662
2.290823 2.105477 2.086522 1.341227 2.125642
1.779915 1.976079 1.59756 1.77584 1.855299
1.499471 1.455975 2.430285 2.499723 1.767807
2.092644 1.638936 1.453925 -1.646273 1.681926
2.250084 2.969959 2.181088 1.20886 1.180147
2.440607 1.266392 1.793319 1.565087 -2.2663
-1.533057 1.145607 -3.315765 2.290293 -2.169264
-2.169264 1.628432 -1.294543 1.526985 -2.244489
-1.753512 -1.29649 -1.405193 2.308178 -1.717267
1.96573 -1.869607 1.638952 -2.42342 1.334575
1.016121 1.813784 1.75005 1.245672 2.759889
1.410379 -1.373847 1.841728 1.13024 1.594862
