2.283652 2.122049 2.436526 3.193877 2.130954
2.68177 2.309838 2.706418 2.401951 2.246172
-2.149948 -1.647578 -1.938763 1.716564 1.602062
2.063915 2.307551 2.181535 -1.698924 2.161729
1.519309 -1.948099 2.099551 2.072132 1.701486
2.404371 1.764269 2.148232 2.437151 1.803226
2.201021 2.109604 2.645112 1.932924 1.593028
2.122049 2.122049 -2.349702 2.099551 1.734817
-1.573386 -1.087813 -1.717058 -1.429204 1.429599
-2.510678 -1.484507 -1.456441 -2.799993 -2.350579
2.009506 -1.457176 -1.572001 -1.92661 -1.211043
1.546741 1.42415 2.502639 -2.343807 -1.91864
1.702135 1.05909 1.523137 2.194629 1.848097
2.651376 -2.109399 2.166817 0.9894202 1.312107
2.138714 2.260349 1.16657 1.921096 1.655979
2.353926 2.1042 2.127631 1.487183 2.165359
1.915252 1.581883 1.520413 1.556467 0.9077839
2.43364 2.313667 2.144692 1.754064 1.467079
-1.67646 1.564206 1.728357 2.534799 1.229365
2.755395 1.626663 1.190541 1.537749 1.803226
1.268664 1.193962 1.617635 1.950143 2.501143
1.276013 1.181947 1.607689 2.119074 1.525921
1.359452 1.506115 1.770579 1.695861 1.619764
1.107532 2.128794 1.508224 1.37822 2.862795
2.061329 1.468895 1.687441 1.330603 1.335384
-0.9903552 -1.407193 -1.605152 -1.877544 -1.522802
1.103741 -1.674057 -2.307551 2.623287 -1.288094
-1.150686 -1.493469 -1.017588 -1.792668 -1.415643
-1.75464 2.375764 1.564985 -1.699568 -2.079888
1.981433 -1.982886 2.099551 -1.550922 3.193877
-2.599358 -2.060706 1.921588 0.9892919 -1.087034
1.433106 1.264166 -2.638222 -2.638222 -1.702947
-1.516804 1.851066 -0.9951401 -2.416779 1.306503
-1.15275 1.237957 1.854486 -1.428032 -1.904437
-2.527878 2.68177 1.762382 -2.309838 -1.886825
-2.024979 -1.718329 -1.223133 -1.549355 1.346045
-1.618744 -1.532512 1.139254 -1.727742 -1.784631
-1.176657 -1.305128 -1.631249 -1.202593 -1.030206
-1.229668 1.504458 -1.17012 -1.809826 -1.169962
-1.47368 0.9827066 1.381622 1.785139 -1.77635
1.006441 1.006441 1.546741 2.557036 2.557036
1.42415 -1.42415 1.619764 0.9529081 -1.843395
1.786136 -1.602356 -1.615516 -2.302933 -1.794152
1.372585 -2.04448 1.592663 1.592663 -1.033796
1.543013 1.938532 1.249934 1.902858 1.485771
1.358131 1.786074 1.661676 1.240845 2.154963
1.185611 1.080415 1.475324 1.037314 1.262601
1.418868 -1.437202 2.005482 1.301801 -1.116032
-1.407193 -1.269778 -1.91998 -2.210955 -2.211513
-2.114903 1.792668 -2.141132 -2.190462 -1.905189
1.899 -1.811236 -2.099278 -1.409654 -1.672814
-1.865009 -1.666363 -2.353041 -1.632851 -2.458923
-1.242406 -1.242406 -2.798299 -1.485771 -1.750607
-2.188326 -2.062122 -1.268664 -1.26274 -1.711785
-1.561627 -2.402286 -2.049515 2.557036 -1.070458
-1.674038 -2.3539
