2.492277 2.547698 2.749125 2.474701 2.924806
2.784816 1.586531 2.573353 -1.95973 1.747174
1.412162 2.248037 1.580474 2.420801 1.681648
1.589783 1.495777 1.752035 2.305477 1.504712
1.574575 1.813522 2.014961 1.7873 1.637443
1.207085 1.979615 1.976184 1.78546 1.612597
1.592157 2.158323 1.822447 2.215851 2.613081
2.096564 1.459833 1.753218 2.291312 1.834633
1.46797 2.285269 2.536975 2.27103 1.835025
1.79757 1.422911 1.9274 2.852792 2.777194
1.690131 2.174244 2.418713 2.688372 1.505375
1.67257 1.709275 1.557225 2.310722 2.330426
1.554344 2.207519 2.269696 1.467365 1.808131
1.472952 1.616736 1.91337 1.709018 1.643204
1.608656 2.410727 1.789699 1.496993 2.312653
1.892089 2.435977 1.862193 2.721743 1.726538
1.678881 1.491414 1.409195 1.467519 1.552626
1.885142 1.585282 1.83522 2.154187 1.6336
2.920611 1.908388 1.771183 1.80097 1.74641
2.281635 -2.514249 -2.66752 1.570648 2.341145
-1.63702 1.71829 1.753218 1.683813 2.036905
1.910346 1.724023 -2.294136 -1.675955 1.686584
-2.026122 -2.424261 1.295873 2.058887 -1.911906
1.952402 1.375472 -2.680645 2.680645 1.692413
1.894852 2.190069 1.774985 1.835554 1.920797
1.625893 1.584379 1.484306 2.291153 2.171906
1.402228 2.48313 1.610798 -1.852726 1.563305
1.834867 1.440057 1.618751 2.174465 1.868843
1.732127 2.585311 1.872727 2.055917 1.844558
1.687345 1.884206 2.040464 1.332555 1.678145
1.537829 1.769385 2.173415 1.505712 2.009068
2.146297 1.763813 2.393846 1.86855 1.988556
1.908255 1.609747 2.141426 1.984826 1.71748
2.187431 1.546964 2.100107 2.047786 1.549971
-2.036054 2.081382 1.681612 1.507441 1.548883
1.716316 1.490339 2.116234 1.346876 2.34788
2.040414 2.06092 1.907197 1.523842 1.687755
2.248835 1.90612 1.983125 1.601008 1.534834
1.824671 2.052083 1.848026 2.044576 2.869956
-2.263688 1.870572 2.569968 1.643053 1.3418
1.643197 1.655422 1.875776 1.595813 2.222761
2.988311 1.513643 2.057272 1.413765 2.059204
2.8697 1.441207 2.454284 1.411195 1.549736
1.756901 2.509171 2.533459 2.400275 2.727807
1.432292 1.707585 1.395585 1.599705 2.087984
1.541764 1.903034 1.356653 1.964341 1.632274
1.439155 1.506802 1.747542 1.926748 1.801397
-1.874445 2.525759 -1.766712 2.48313 2.476114
2.055137 -1.779898 2.257288 -2.135433 -2.537109
-2.501661 -2.752839 -1.971549 -2.225185 1.821874
-1.563905 -1.931996 2.565417 1.778355 -2.057427
2.148081 -2.59412 1.669271 1.692413 1.83522
1.430259 2.920611 1.774985 2.444877 2.179167
1.8377 1.956598 1.998591 2.104976 2.180534
1.551648 1.778034 1.695888 2.11976 1.926221
1.987963 1.917551 2.261435 1.743227 2.023439
1.87942 1.771127 1.755329 1.843277 2.108099
2.121003 2.033504 1.99639 2.123429 2.009114
1.876445 2.95375 2.118201 2.502977 2.391768
1.577524 2.026968 2.228191 2.514249 1.962223
1.868843 2.141426 2.368093 1.907197 1.994222
2.101139 2.008146 1.815509 1.965447 2.727807
2.066132 -2.537044 -2.136244 2.439551
