2.745881 2.519825 2.561404 2.659713 4.890914
2.797456 2.412481 2.6285 2.748642 2.850652
2.572196 2.365392 -2.389781 2.61343 2.604764
2.360941 2.605066 2.369808 2.3275 2.232142
-2.66935 2.757412 2.909917 2.352762 2.601027
2.229943 2.581369 -0.8810357 2.725269 2.431813
-2.318443 -0.3900294 -2.760048 2.760048 -2.210884
-2.005789 -2.672916 -2.449924 -1.5099 2.780274
-1.223393 -0.4364302 2.406052 2.561215 2.706155
2.672704 2.540315 2.501714 -2.477674 2.911129
-1.344488 -1.770777 -2.498565 0.407349 -0.5658546
5.295856 -2.788718 -1.919284 2.863822 -2.515217
-2.722049
