2.77643 2.605344 2.999026 2.506052 1.840949
2.28688 2.20517 2.60713 2.309245 2.35087
2.435373 2.472961 2.749222 2.613486 1.943959
2.099445 2.223 2.532076 2.312459 2.311155
1.888306 1.688198 2.167951 2.379329 1.911064
2.239107 2.393511 2.493684 2.325978 1.877603
2.237273 2.419197 2.538547 -2.242191 2.048421
2.3185 2.427885 1.914682 1.610837 1.927173
2.279165 4.608398 1.868872 1.761884 1.836448
1.801597 1.96891 2.195232 1.718219 1.955579
2.05761 2.137404 2.045812 2.379292 2.022757
2.08592 2.024672 2.21767 2.78097 1.866789
1.908695 1.719392 2.286696 2.054586 1.82174
2.048835 2.392124 1.90718 1.680751 1.804477
2.467346 2.271505 2.357425 2.67415 1.56023
4.705757 1.92294 2.029066 1.93595 1.815637
2.425839 1.89444 2.082869 2.097214 1.69752
1.805981 2.183828 2.105888 2.339423 1.862922
1.985412 1.760378 2.039908 2.224404 1.996682
1.860618 1.757609 2.43942 2.183781 2.118682
2.210248 1.779082 1.955579 2.435373 2.223
2.319001 1.5489 2.401323 -1.616378 1.501579
2.097214 -1.555336 1.40487 1.581879 2.347639
2.122752 1.7135 1.487848 1.51242 2.244252
2.256471 1.957282 1.754799 2.096568 2.593364
2.265009 2.236691 2.708222 2.098739 1.534735
1.739856 2.004771 1.707967 1.634145 2.605092
1.815595 1.792389 2.479463 2.01846 2.115603
1.783796 1.703245 2.536803 1.937957 1.879346
2.27887 1.83856 1.595545 2.687564 1.481518
1.61062 1.667211 3.303932 2.060446 2.233868
2.181099 2.243166 2.232918 1.955333 2.331044
1.705672 1.908058 1.915875 2.34372 1.87709
1.534264 1.914682 1.581528 -1.717838 1.978763
1.540668 -2.419197 2.273166 2.189555 2.054586
1.705992 1.573646 2.467346 2.218927 -2.277221
2.227858 -1.805981 -1.603386 -1.661135 2.057285
-1.517153 1.697952 1.929533 -2.971075 -2.34372
1.996682 1.796713 -1.679556 -2.549847 -1.69618
-1.819437 1.674659 2.313733 2.904535 1.916454
1.927181 1.979634 1.836927 2.2302 2.438179
2.212471 1.873329 1.962575 1.827984 1.979014
2.601504 1.96311 2.738765 2.037745 1.801243
1.938008 2.046618 2.775576 1.852869 2.13575
2.016185 2.096984 2.349533 1.94164 -1.890013
1.978763 -2.659988 1.890123 -2.260511 -1.662125
1.918029 2.095017
