3.485691 -3.11534 1.526932 1.839385 1.406599
2.133124 1.951299 1.226698 1.281895 1.41325
1.081356 1.120934 0.9234023 1.831115 1.6916
1.809761 1.629941 2.087951 0.7375151 0.8443168
1.519154 1.034175 1.807162 -1.127063 1.985675
1.341294 1.690164 1.500742 1.574621 -1.449424
2.013089 2.133124 1.831115 1.745701 1.294357
0.8102691 0.7959342 0.7683968 0.9157692 0.7221893
0.8437592 0.978896 1.244159 0.6758991 0.897362
0.9886701 1.646455 2.133124 0.8881089 0.9995117
1.269554 0.8049112 0.741589 0.9736246 1.648551
1.004028 0.7871265 0.9681408 1.011371 0.6804232
0.9427791 1.228954 0.8168805 0.8151582 0.8423135
0.8423135 0.7332886 0.6544773 0.7868422 0.9272865
0.6669869 0.8565232 1.076797 0.7677479 1.000758
1.130194 0.9134537 2.442729 1.085247 0.8795171
0.9150147 1.722373 1.786102 0.7671265 0.8913257
0.6850427 0.887637 0.7810135 1.043178 0.6439606
1.157658 0.7561719 0.9990352 0.7537712 1.370593
1.403733 1.118328 0.7735602 0.7307647 1.514177
1.047188 -0.79465 0.9538992 0.7185949 0.9377193
0.6364365 0.8234682 0.860955 -1.370723 1.141654
1.392718 0.7599153 0.9995117 0.7250206 0.8574307
0.7677479 1.025269 0.9597871 1.090764 1.530357
1.403733 1.1604 0.8890463 -1.076871 0.8284165
1.2739 0.7291696 1.393197 0.904329
