2.793726 3.019583 3.197902 2.425593 2.344209
-2.882925 2.063656 2.333796 2.665782 2.407579
2.140347 2.354988 -2.547414 2.092764 2.223087
2.69716 -1.912855 -2.19943 1.402772 2.65474
2.163028 2.791143 -2.686824 2.523309 2.353181
2.224414 2.476797 -1.553129 1.638597 -2.227091
-2.686824 2.297693 -2.01415 2.69716 1.577355
1.224343 1.335653 1.57823 1.537288 1.215795
0.9209614 1.234995 2.644685 1.41321 1.518136
1.612331 1.306545 1.431763 1.229531 1.213844
1.428932 1.459036 1.396472 1.357719 1.525835
1.332215 -1.553129 -1.989702 1.346633 -2.235804
1.348326 1.733464 1.348098 1.060966 1.236315
1.497181 1.522787 1.544453 1.137318 -1.402772
1.496246
