2.555772 2.801311 2.651579 2.638644 5.115149
2.834917 -2.723654 2.988598 2.474184 2.571303
2.268006 3.363048 2.538421 2.719144 2.784878
-2.555772 -2.998036 -2.113934 -2.624739 2.016512
2.444419 2.405086 -2.628535 -2.341892 -2.462738
2.962613 2.719532 2.494271 2.8074 -2.350726
2.455831 -2.727357 2.388457 1.96502 5.345816
2.452687 2.944746 2.580445 -2.702338 2.370259
2.529165 2.685438 -2.733707 1.736329 -2.639024
2.462738 -2.875342 -1.748462 -2.681486 2.52103
2.61529 2.719176 -2.645342 -0.2656112 3.042588
2.161846 2.563645 2.018947 -1.615301 2.429117
