1.774602 1.624649 1.869141 1.805973 1.881098
1.573572 1.844647 1.446535 1.390381 2.062571
1.86132 1.595011 1.564869 1.657494 1.628284
1.729966 2.192101 2.219721 1.809155 1.362515
2.763056 1.762728 1.625717 2.169445 1.421005
1.899193 1.286045 1.808905 2.187824 1.591968
1.624751 1.665337 1.783735 1.988213 1.777867
1.883195 1.652053 1.752479 1.783162 1.878984
1.844957 1.946591 1.018046 1.473059 1.424523
2.287052 1.48627 1.840264 1.402683 0.8477803
1.679542 1.576135 1.74701 1.779225 1.774787
1.26268 1.371921 1.547718 1.627171 1.897942
1.447499 2.191892 1.878984 1.604246 1.77726
