-2.36852 -2.426541 1.21519 -2.150711 1.340916
1.985455 1.890917 2.224993 1.77046 2.505909
-1.859267 1.734911 1.995769 1.803306 2.099656
1.774299 1.10628 1.317542 1.760469 1.307728
1.272662 1.705654 1.678577 1.843886 1.266494
1.867139 1.646828 1.794047 1.798761 1.971372
2.564667 1.865258 1.134636 1.613687 1.555668
2.113079 1.645249 1.680009 1.579251 1.650864
2.631953 -0.2493648 2.224993 -0.2707962 -0.7700125
1.774299 -1.842724 -0.2904564 1.80575 1.429365
1.865258 1.682524 2.292475 -1.940497 1.911138
-0.369795 -1.59116 1.923247 1.628555 1.953682
1.875093 1.785845 1.574077 1.891618 1.610084
1.649829 1.32708 1.634377 1.819247 1.922758
1.719416 1.37112 -0.1867939 -2.44211 -1.729356
1.339504 -0.1611463 0.8862141 -0.3442042 -1.842632
-1.910905 -2.254539 -1.772589
