2.711185 2.408962 1.738326 1.684675 2.463109
1.611193 1.396865 1.617775 1.116372 1.042301
1.310835 1.317328 1.187962 1.606149 1.485005
1.089149 1.231986 1.146724 1.396939 1.244882
2.493115 1.877429 1.455674 1.138196 1.991737
1.594028 1.412502 0.9720285 1.285801 1.209705
1.506682 1.259874 1.460086 0.9535513 1.28483
2.08468 0.9613159 1.702749 1.08276 1.384465
1.116707 1.234163 1.003513 -1.114726 -1.231986
-1.001433 1.82921 -1.218335 1.378895 1.796168
1.166985 2.676097 -0.9938994 1.279862 1.545602
1.225189 2.21638 2.080339 -1.728469 1.702749
