-3.178208 2.982118 2.559023 2.323734 1.949117
1.570442 1.233155 2.557396 2.359421 2.150979
1.987964 2.106714 2.444664 1.985804 2.761285
1.282633 1.146049 1.344891 2.083353 1.482525
0.8496135 1.977881 1.446523 1.420997 1.605556
1.242989 1.595908 1.380585 0.9148243 1.49264
1.123936 1.503086 1.119643 1.073091 1.679208
1.375479 1.169862 1.455747 1.189439 1.161514
1.415463 1.282633 2.083772 2.083772 1.362913
1.439999 2.080812 -1.991226 -1.70546 -1.341607
1.026238 -1.153231 -2.761285 1.551753 -2.581478
-1.773751
