2.335566 2.058911 2.188168 -2.327488 2.242679
2.204066 2.297729 3.053458 2.689337 2.099062
2.853897 2.599966 2.260337 2.710521 2.557771
2.46085 2.05061 2.709793 1.926771 2.264354
2.90011 2.105697 2.681811 4.07287 2.328399
2.394991 2.620924 2.314896 2.221356 2.784525
2.445626 2.582629 2.328196 2.049804 2.166266
-2.303876 -0.9636412 2.116396 -1.913796 -1.832697
-1.926036 2.248735 1.70487 1.886729 2.511871
2.248807 1.676557 2.400821 2.437061 2.26665
2.456181 2.513949 2.261117 1.991231 2.462014
2.812355 2.112901 2.08844 2.893291 2.340439
1.944727 2.977209 1.850388 1.611142 -1.65819
2.105697 -1.932597 1.844686 1.723551 2.598381
2.236968 2.055791 2.738459 1.748092 2.433224
2.223686 2.798392 2.051983 2.235815 -2.254771
-2.064959 -1.250956 -1.666179 1.298644 -0.7408429
-1.581767 -2.610882 -1.811151 -1.526423 -1.056725
-0.4938029 1.217 -2.900255 -0.2283086 -0.2232203
-1.926036
