2.289079 2.401294 2.978052 2.641588 2.626011
2.626011 1.953433 2.520556 2.53636 -2.329851
2.423473 2.610154 2.810897 -2.930245 -2.887406
2.596992 2.874137 2.300466 2.254443 2.239896
1.874144 -2.375591 2.240816 -1.971957 2.543078
-2.368415 2.810562 3.028678 2.74256 1.805802
2.632715 2.203579 1.992391 2.446285 1.925377
2.065232 2.167034 2.275605 -2.925497 3.055897
2.350292 2.717847 1.980188 2.225283 -2.663698
1.982174 2.668224 5.304583 2.476222 2.364009
2.677248 2.307049 2.440614 -2.222988 -2.086178
-1.953433 -0.9387805 2.410805 -2.440231 -1.886221
-1.702668 -2.286969 2.383122 -1.944646 1.979086
1.686086 1.776871 1.740556 1.768139 1.263125
1.828299 1.830837 2.208392 1.705557 1.869758
1.636181 1.631661 1.878935 -1.987853 1.867559
2.893455 1.278557 1.574547 -2.191529 -2.096936
2.717847 2.225283 -2.165626 -2.351983 1.194292
1.989788
