2.8606 3.018295 2.968259 2.911991 -2.719117
2.721922 2.895936 2.689282 2.729124 2.665084
2.549834 2.475801 2.488937 2.87031 5.50627
2.469923 2.58361 2.509822 2.662881 2.512268
2.98933 2.775308 2.440051 2.900021 3.115158
2.596119 2.756928 2.84253 2.719117 2.674834
2.584382 2.474447 2.909883 2.852964 3.108795
2.058109 5.565506 2.659675 2.538316 2.418016
2.693379 2.707548 2.778733 2.449506 2.580724
2.53726 2.670574 2.675987 2.773168 2.790344
2.56486 2.684676 3.05928 2.778771 2.790428
-2.734464 -2.736126 2.710002 -2.711335 2.968259
-1.910033 1.839265 -0.5814203 -2.706224 2.799788
2.390922 2.467762 5.483154 2.351557 -2.937295
-2.864802 -1.85748 2.537836 -0.5074316 -1.594776
-1.596175 -0.8662999 2.888827 -2.133466 -1.936674
-2.398826
