2.841257 2.707982 2.37189 2.803899 2.621564
2.978898 -2.643261 2.545566 2.891749 2.631593
2.267822 2.845085 2.968072 3.174943 2.59136
-2.592057 2.719414 -2.694644 -2.570139 2.447027
2.675381 2.364511 2.610621 2.859666 2.798182
2.562935 2.983618 2.578284 2.895108 2.87779
2.883715 2.488374 -2.71192 2.613517 2.359597
2.902933 2.341741 1.980497 2.17248 2.041615
2.345073 1.678383 1.8239 2.176421 2.300334
2.027998 1.761239 2.16827 1.608143 1.453925
2.534548 2.267971 2.198709 1.598875 2.481838
2.15912 1.827035 1.412433 -2.074598 2.126796
2.011329 -2.620242 1.919951 2.430475 1.849741
-2.574302 1.299445 1.626858 2.410979 1.549522
1.612352 1.104379 1.564645 1.536874 1.411232
1.892471 1.951491 1.943799 1.749678 2.02551
1.504334 1.060049 1.628118 1.755362 1.617537
1.553129 1.240187 1.886311 1.987039 1.862292
1.953835 1.567178 1.349976 1.473593 1.470345
1.914232 1.343259 1.678881 2.558919 1.553941
1.836732 1.190298 1.253398 1.187918 1.397842
2.239841 1.985063 1.658957 1.98214 2.212894
2.169883 1.266635 1.181786 1.903916 1.177719
1.726495 1.060645 2.053259 2.063957 2.184305
1.217334 1.632331 2.048827 1.093991 1.491561
1.481247 1.38808 2.394028 1.629162 2.067092
-1.645172 1.268276 1.917162 1.28035 1.307348
1.095711 1.74377 1.202692 0.8645242 1.129203
1.568294 1.06309 1.335392 1.363649 1.794213
-1.27589 1.598875 1.432187 1.208405 1.676551
1.563048 2.393129 1.64595 1.370132 2.053984
1.821816 1.232552 1.170823 1.681292 1.185404
1.111475 1.353091 1.3327 2.547694 1.317424
1.549487 1.730361 1.388492 1.260699 1.06299
0.9534769 1.014071 1.094531 1.851447 1.372583
0.9402065 -2.172203 2.94909 1.193125 0.9643362
2.300728 1.121448 -2.028323 1.626858 1.626858
1.929464 2.348225 -2.513501 -1.535483 2.121964
-2.050085 1.124155 -1.772196 -1.471681 2.014678
1.473593 1.057841 1.397842 1.395344 -1.995932
-2.110726 1.81552 -1.065862 1.065862 2.162641
2.370146 1.848917 -1.57455 1.252313 -1.311971
1.180438 2.364674 -1.018042 -1.666012 1.864787
1.752457 1.333083 -1.847869 1.135071 2.072675
1.388492 2.537996 1.476055 1.054298 0.8639873
-2.031969 -1.097139 1.415315 1.802364 1.49332
-1.732027 -0.996032
