2.697959 2.68608 3.019419 2.63189 2.892439
-2.831879 -2.097484 2.589005 2.777465 2.955664
-2.059037 2.563169 2.988377 2.697959 3.219976
1.976421 -2.767687 -2.741018 2.497127 2.787654
1.763597 2.572642 2.576893 2.445167 2.624836
2.193739 2.213122 2.791489 2.525007 2.169834
2.067036 2.545781 2.567657 2.392491 2.170376
2.093404 2.116143 3.219976 -2.649286 -2.1698
2.164934 -1.612991 2.270479 2.694793 2.000154
1.882451 2.234856 1.670862 1.932505 1.508299
2.018404 1.78312 1.802811 1.685887 1.776332
1.596386 2.431922 1.621969 1.924847 2.016338
1.869014 1.724441 2.869536 1.842143 2.101414
2.006338 -1.9325 -1.867174 1.776332 2.124507
-2.067036 2.545781 2.567657 1.703631 1.506117
1.162439 1.37079 2.320299 1.196643 1.255855
1.254624 1.393491 0.7554887 0.9209586 1.266259
1.006038 -1.033641 0.9635038 1.136747 1.072289
1.489931 1.489931 1.498666 1.473314 1.447813
1.294187 1.179241 1.604269 1.025119 1.011289
1.030303 0.8582161 1.025738 1.347614 1.0064
1.054954 1.135991 1.119793 -1.156645 1.606628
2.41216 1.579739 1.302363 0.9246095 0.8321753
1.242996 1.196817 1.130351 1.115014 0.8950616
1.069662 1.027921 1.027921 1.542798 1.431167
1.173022 1.629813 1.455035 1.853523 0.981487
1.686834 1.823151 1.198973 1.312016 1.045559
1.168995 1.263974 0.9247541 1.46655 0.977454
1.76272 0.9183998 1.203193 0.982131 1.076812
0.9643356 0.8528627 1.305291 1.346072 1.166833
1.049797 1.297532 1.273343 1.334158 1.501865
0.8133387 1.026017 1.190554 0.9107232 1.351955
0.9696347 1.17296 0.9590253 1.163322 1.63429
1.039437 0.8958424 1.766706 1.535727 1.175489
1.368685 1.036027 -1.700129 1.15642 1.12575
1.444666 1.024381 1.556149 1.016451 1.59023
1.266259 -1.648582 1.419239 1.069437 1.129836
1.60487 -1.624705 1.508299 -1.461341 -1.091679
1.422969 1.488952 -2.421492 -1.203193 1.488476
-2.410021 -1.08416 -1.283428 -1.032587 1.043737
-0.9590253 -1.227485 1.853969 1.959432
