2.942807 3.033695 2.936264 3.186412 1.399814
1.666724 2.713024 1.581301 1.625206 1.519346
1.700428 1.325767 1.617194 1.483217 1.801987
1.483417 1.434296 1.193871 2.082969 1.616943
1.304889 2.326062 1.450001 1.642418 1.548375
1.232121 1.49986 1.636231 1.073749 1.520562
1.611531 1.355948 1.864655 1.34618 1.07973
1.160618 1.57647 1.605025 1.716826 1.242828
1.429435 1.429435 -1.419767 1.322977 1.71032
1.657269 1.61739 2.853913 2.174605 1.204091
1.533341 1.218739 1.218739 1.291514 -1.233884
1.127016 1.995657 0.9065083 1.084252 1.021329
0.9758589 1.137011 1.692138 1.023303 1.499187
