2.88589 -2.962081 2.173745 -2.597739 2.564348
2.398897 -2.092799 -2.641799 2.32193 2.298523
2.219954 2.69163 2.244661 1.986506 2.338157
2.511984 2.027607 -2.589978 2.644303 1.907556
2.085754 2.188077 -2.334207 -1.498866 -2.155406
-2.303477 -1.883012 -2.689775 2.564348 -2.270263
-1.698447 -2.385338 -2.373545 2.128563 -2.342222
-1.47683 1.61 1.388051 -1.959911 1.285649
1.334541 -2.226651 0.9215429 2.948734 1.383721
-1.959569 -1.849861 1.828801 1.36804 1.703283
-1.290678 -1.522115 1.407681 1.749217 1.686322
1.102391 1.791467 2.36213 2.04414 1.184089
1.035333 2.096582 1.312703 1.476284 0.9298868
1.252974 -1.496589 1.732445 0.8556739 1.537897
2.550521 1.982199 2.333284 1.030995 1.667457
1.850557 1.3652 1.436177 1.421399 0.8647163
0.9698621 1.951694 1.151673 1.348873 1.073072
2.864919 1.639254 1.982501 -1.110055 1.907556
1.39237 -1.688595 1.25082 1.181018 1.275651
1.9457 1.240223 1.165565 1.835202 1.482816
1.238624 1.287687 1.321733 2.752405 1.288057
1.637188 1.711135 1.670563 1.171651 0.9673037
1.009257 1.493252 1.681305 -1.294319 3.040753
-1.699436 -1.385319 -1.088996 -1.833486 -1.814123
-1.61 -1.61 -2.341137 -0.9715677 -1.50118
-1.66969 -2.432157 -1.302944 -1.253728 -1.069928
-1.30557 -1.095761 -1.884599 0.9964354 -1.062785
-1.754884 -1.495099 -2.19316 -1.840786 1.332705
-1.039472 -1.08118 2.155406 1.686322 -1.414033
-3.401044 1.603886 -1.999582 -2.333949 -2.333949
-1.256728 -1.318063 -1.253852 -1.498609 -1.500747
-1.026919 -2.689775 -1.323612 -1.320301 -1.320301
-2.008715 -1.401424 -1.401424 -1.369101 1.056669
-2.161437 -1.644353 -1.134649 -2.452919 -1.250437
-1.774123 -1.190427 1.169983 -1.207805 -1.207805
-0.9671164 -1.477598 -1.414371 -1.194951 -1.830971
-1.907638 -1.289762 -1.814732 -1.004687 -1.884128
-1.683625 -0.9489621 -2.101565 -1.574194 -1.136703
-1.650511 -2.238507 -1.269799 -2.358934 -1.129278
-1.310028 -1.793776 -1.28949 -1.622909 1.45416
-1.961247 -1.400154 -1.193924 -1.348761 -1.456385
1.411839 1.526339 -1.609101 -0.9180981 1.637188
2.549528 -2.549528 -1.296866 -2.812534 -1.670563
-1.066004 -1.035908 -1.937135 -1.952827 -1.407762
-1.827019 -1.827019 -1.546417 -1.398885 -0.9029168
0.9029168 -1.107594 -1.06497 1.215778 -1.48877
1.48877 1.48877 -1.044382 0.9426187 1.620322
1.766515 1.544997 1.284748 1.164963 1.506625
-2.266693 -0.9215429 -1.884599 -2.214919 -2.043912
-2.125484 -1.461348 -2.161118
