2.700083 2.387696 2.421734 2.448343 2.497804
2.572015 1.987796 2.375623 2.017702 2.122144
2.427339 2.265043 3.00685 2.316546 2.099162
2.445379 2.430043 2.022843 2.31329 1.65991
2.286885 2.572077 2.740488 2.871161 2.5809
1.945622 2.464116 2.296913 2.129193 2.211603
2.209006 2.787203 2.259333 2.360995 2.443699
2.608262 2.236223 2.345413 2.214866 2.057691
2.19793 1.991131 2.651166 2.491577 2.426007
1.867746 2.220147 2.736034 2.278752 2.076578
2.197123 2.503013 2.601706 1.950232 2.85294
2.670914 4.009832 2.243068 2.450985 2.284043
2.839854 2.235464 2.534011 2.576583 2.558102
2.256058 2.418041 2.508987 2.735395 2.084036
1.818228 2.554174 1.825813 2.410377 3.011589
2.39177 2.92145 -1.576169 2.485231 -2.122144
2.307846 2.242429 2.700866 2.108416 2.05429
2.040253 -2.387696 2.249517 -2.421734 -2.241819
2.762635 -1.677046 1.887044 1.698256 -8.81619
2.651166 2.331024 1.632683 -2.814632 2.076071
2.075298 1.91106 1.580369 2.621196 2.666472
1.853127 1.853127 -1.760105 2.447015 -1.854733
2.410377 1.840534 1.718391 2.022016 2.128226
2.134832 1.654132 2.213767 2.217626 1.66034
1.517196 2.423324 1.832375 1.380213 2.669536
2.23154 2.260931 1.53523 1.95183 2.398005
1.97593 -2.117388 2.318363 2.656961 2.030339
2.833949 1.893868 2.025446 1.865894 1.847904
1.710196 1.591712 1.900751 1.910418 1.781479
1.756839 2.621145 1.958705 2.179338 2.032254
2.09013 1.866997 1.990483 2.047516 1.725287
2.441541 1.912497 1.727806 1.689318 1.811577
1.799859 2.200001 2.148079 2.057109 2.228187
2.020083 1.954335 -2.321941 -1.075855 2.022843
1.760202 1.632813 1.234875 2.5809 2.112635
2.503013 2.055761 1.580369 -1.854733 1.914085
1.870289 1.855003 1.886589 1.851621 2.14675
1.309468 1.979859 1.757781 2.421445 1.844846
1.397282 2.223076 1.546192 1.788693 1.587141
1.380162 1.398985 1.627725 1.673069 1.574758
1.445962 2.022843 1.740052 -1.121951 1.136559
-1.365412 1.218476 2.005747
