2.895332 -0.2994661 -2.601841 1.193267 -2.938932
2.308033 -2.209076 2.759433 2.791434 2.922277
3.176004 2.87796 2.586745 3.105108 2.514118
2.695617 -3.11894 -0.7643955 2.471686 -2.541162
-2.623809 -2.492874 -3.15941 -2.157029 -2.908555
2.350331 -2.642144 2.619943 -5.43102 2.52008
2.693851 -2.192312 3.195048 1.818738 -2.646091
-2.560366 3.024489 -0.8491474 -2.165519 2.165519
2.467366 -2.703546 -2.549954 -2.454119 2.876456
2.251068 2.016069 2.483989 2.569196 2.839612
-2.775174 2.203928 2.866315 2.40304 3.19892
2.672872 2.662215 -2.953672 2.090643 2.655714
2.235024 5.368966 2.535239 2.803787 -1.640278
2.140551 -0.5437577 0.3740044 2.442459 -1.870237
3.15941 1.27389 2.499055 -2.908555 -2.392266
2.80031 2.446402 -2.441924 -0.3673651 1.282982
-2.374065 1.969259 -2.215813 2.285478 1.266161
2.295621 -1.973741 3.024489 1.742848 2.366258
2.15432
