2.364265 2.507638 -2.607827 2.380352 -2.466464
2.638978 2.754786 2.697288 2.557834 -2.899051
2.493689 5.454117 -2.514297 2.412223 2.42636
2.347166 2.499104 2.328674 2.610434 2.549661
2.745018 2.711989 -2.186433 -2.429097 -1.826951
-2.643978 -2.375483 -1.54576 -2.828551 -2.624822
-2.181687 -1.726652 -2.056563 -2.009539 -2.712173
-1.180907 2.647114 2.661978 2.784763 2.003354
2.326278 3.076666 2.916557 2.559421 2.088085
2.293669 2.509633 -2.613629 2.756446 2.766158
2.448137 2.218085 2.296578 2.245374 -2.732798
-1.939733 2.684799 -2.681171 -1.612827 -2.375483
2.306403 2.195317 -2.137111 1.404835 -2.242617
