5.465316 3.086524 2.665508 2.56413 2.27431
2.394431 2.660363 2.33813 2.471049 2.645934
-1.802841 2.464237 2.134182 2.175425 2.148934
2.809679 2.426579 1.716742 2.364676 2.6275
2.287233 2.540782 2.332948 3.027216 2.505153
2.674787 2.299563 2.410697 2.558044 2.248327
2.690482 -2.541939 2.754539 -2.766729 2.153982
2.110014 2.643115 2.625011 2.720029 1.868809
2.25417 2.20815 2.279114 1.895835 2.952418
2.211901 2.134182 2.6275 -3.086524 2.287233
1.903004 2.160176 2.611167 2.147586 2.356285
2.359117 2.373545 1.905555 1.897819 2.344099
2.270736 2.118552 -2.067059 1.838327 2.466892
-1.935792 2.132427 2.734474 2.319197 2.292649
2.266168 2.221043 2.278963 2.359279 2.029686
-0.9956624 1.873658 2.079246 1.83966 -0.1984809
2.302847 -1.845321 2.129736 -1.935792 1.895835
-1.837689 1.447464 1.87192 2.099878 1.972646
-1.683552 1.48394
