2.091208 1.803203 1.92078 2.332776 1.99589
1.88905 1.904382 1.62966 1.501081 -2.584124
-1.693671 1.528191 1.821485 -1.745257 1.797675
2.252187 -1.552398 2.056066 2.728097 1.459985
1.592539 2.193991 1.463086 1.918069 -2.139916
-2.128363 1.478274 2.23481 1.47135 1.685294
1.692173 2.23705 1.474174 1.64469 1.645251
-1.64658 1.843051 2.351083 1.867716 1.909605
-2.226475 1.787578 -1.731586 -1.653687 1.684537
1.920013 1.851568 1.686811 -1.927178 -1.892272
-2.076105 1.598619 1.953937 -2.29267 -2.124903
-1.822181 1.887185 -0.9590149 -1.780252 -1.780252
-2.06702 2.00371 2.00371 -2.032215 2.014877
-2.033714 1.911782 1.576097 -2.322041 -1.992316
1.495539 1.278808 -2.122352 2.226652 1.397803
-1.279318 1.306546 -1.097982 1.791886 -1.752073
-1.641865 -1.875308 1.875308
