1.9287 0.9586509 1.887694 1.160274 0.883149
-1.321336 1.508138 1.561816 -1.266415 1.492779
1.411344 1.423817 1.298937 1.141824 -1.773001
1.462619 -1.130263 -1.341368 -1.703778 -1.099199
-2.226249 1.960052 -1.454988 -1.452919 -1.492106
-1.550468 -1.550468 -1.615664 -2.052601 1.686657
-1.430657 -2.391659 -1.686537 -1.786713 -1.202339
-1.365427 2.009647 -2.055417 -1.872796 -2.225711
-1.98037 1.786895 -1.784437 -1.96562 -2.082941
-1.61997 -1.426391 -1.462091 -2.047604 -0.9973217
-1.432127 -1.238635 -1.895952 -1.864737 1.761911
-1.228938 -1.679101 -1.712747 -1.747713 -0.9920153
1.56878 1.837386 1.744461 1.754686 -1.410933
1.151045 -1.372581 1.371223 1.452045 1.864581
1.604333 0.9356323 1.344781 1.843916 1.443111
-1.277773 -1.784257 -1.925751 -1.916785 -1.315176
1.157378 -1.69754 1.329587 -2.55428 -2.048851
1.000931 1.162648 -1.410933 -1.104649 -5.184323
-1.911721 -2.486949 3.251051 -1.43601 -1.206634
-1.082688 1.561816 -1.210171 -1.089784 -1.089784
1.288271 -1.875049 -0.9474597 -1.925142 -1.266415
-1.312299 -2.23883 -0.9284927 -2.225711 -1.161559
-1.762793 -1.678507 -1.218541 -1.100391 -1.688714
-1.784437 -1.681685 -1.228605 -1.609146 -1.126042
-1.413787 -1.773001 1.297157 -1.526963 -1.489598
-1.130263 -1.585234 -1.266662 -1.519724 -0.9946341
-0.9946341 -1.921358 -1.093909 1.179078 -1.679101
-1.428552 -2.209322 2.508802 -1.527419 -1.456071
