2.08109 1.924775 1.736527 1.928294 1.925494
1.722123 1.929178 1.804341 1.82811 1.86203
2.000293 1.77035 1.61608 1.982409 1.75237
1.994369 1.485088 1.668155 1.653042 2.021976
1.862203 1.94514 1.563629 1.918646 1.906387
2.064665 1.884669 2.032767 1.928294 1.805977
2.023039 0.7275222 1.42137 1.668155 1.918646
1.674463 -1.824126 1.698088 1.483935 1.628239
1.830513 1.937351 1.538025 1.178169 2.184781
1.975736 1.402134 1.853249 1.92999 2.043913
1.737705 2.147832 1.343012 1.738464 2.250001
1.39215 2.118663 1.748749 1.350822 1.976878
2.021979 2.037603 2.633837 2.230307 2.35214
1.818867 1.789646 1.56097 2.148183 2.286927
1.20876 1.892599 1.382877 1.685606 1.33934
1.804921 1.95517 2.144729 1.822109 1.645282
1.728124 1.728124 2.902328 2.001598 2.137729
1.749684 1.696818 1.873443 1.923569 1.92823
1.550433 1.688884 1.67667 2.138086 1.648604
2.337367 1.798428 1.358484 1.803621 1.789765
1.696679 1.484571 1.58553 1.496305 1.683579
1.977576 1.852743 2.032767 2.032767 1.951972
1.328025 1.608996 0.8478717 1.328705 2.165614
1.966415 1.566366 -0.6214065 1.089627 1.959191
1.527509 1.6375 2.096696 1.674463 1.674463
-0.6222708 1.021721
