2.70277 2.51138 3.293842 2.739979 2.384891
2.421728 2.273143 2.224155 2.425391 -2.236886
1.919844 2.357601 1.756577 1.475491 1.992712
2.29674 2.253847 2.308062 1.168222 2.403319
2.134108 2.200557 2.517444 1.98476 1.233836
2.291933 2.180528 1.535766 2.203971 1.961729
1.218071 1.925505 1.510662 2.67095 1.799686
1.446111 1.931884 1.396407 2.070929 1.484576
2.208223 1.892704 1.701657 1.771382 2.736189
1.102357 1.913064 1.414587 1.631826 1.952405
2.893917 1.638761 2.100549 3.110977 2.657705
2.134108 3.293842 2.187485 1.98476 -2.277163
1.393995 -1.828501 -1.703375 -1.756447 -1.886747
1.335773 1.121668 1.061436 1.073667 0.7668436
0.8641489 1.067816 1.290662 0.9157461 1.295175
1.472965 1.290694 1.551564 1.558562 1.120483
1.043761 1.609792 1.329195 0.8238814 0.8879842
1.532937 1.486028 1.317297 0.9306476 1.750611
1.474351 1.248744 1.286634 0.9275191 0.9929212
2.128206 0.9514105 0.9835602 1.038982 -1.983691
1.006291 1.108104 1.158115 1.490054 2.564083
0.9034248 1.242923 2.299134 1.204074 1.922392
2.371599 1.281491 0.8885954 2.960775 1.507895
1.310835 -2.229161 1.124882 1.22862 1.4759
1.181959 1.776 1.09407 0.9533432 1.001542
1.08792 1.599989 1.19134 1.516617 1.332454
1.123484 1.782766 1.209904 1.005199 1.236718
1.118428 1.402156 1.053987 1.948665 1.039267
1.284026 1.448519 0.9515435 1.159297 0.8247636
1.170121 1.52243 1.315493 1.429964 1.790852
1.837686 0.9476173 1.164156 1.9089 0.9382138
1.148046 1.257684 1.192295 2.42461 1.143814
1.262772 1.144839 1.542915 1.671275 1.683539
1.284409 1.017957 1.358223 1.460448 1.069903
1.333823 0.9695199 1.093261 1.061436 1.807519
2.057458 0.9413562 1.268486 0.800561 0.943702
1.559221 -1.721066 2.564083 1.428997 2.04968
1.985829 -2.10078 1.606918 1.144682 -1.159032
-1.454565 -1.244842 1.948515 -1.687223 -1.059852
1.524472 -2.073755 -2.170837 -1.095608 1.209364
1.525341 -1.728336 -1.122114 1.5824 -1.952405
0.8658413
