2.958784 2.994831 2.965477 2.623109 2.580442
-3.202211 1.914924 2.959567 2.261362 2.694248
-3.202211 2.06193 2.103802 2.479847 1.699974
1.893022 2.18857 -1.330706 2.077105 2.174368
-2.032644 2.482808 1.515573 1.544478 1.797921
4.055683 -1.561545 1.114539 0.9842559 1.100929
1.1637 0.9491541 1.260352 1.159477 1.540718
0.8076768 1.207953 1.367289 1.820869 1.396668
1.313712 1.031184 1.414298 1.077532 1.303375
1.411533 1.225065 2.101741 1.594476 2.286569
1.123576 1.031892 1.539052 1.240291 1.120395
1.137077 1.638661 1.025738 1.624688 1.036238
1.907232 1.618613 1.244742 1.325967 1.2238
1.818727 1.533756 1.29209 1.34946 1.474605
1.26852 1.348754 1.405778 1.439005 1.351966
1.31319 1.458609 1.086059 1.237287 1.635434
-1.422824 -1.059668 -1.722197 -1.678494 1.835988
-1.317668 1.164274 -3.202211 -1.202521 -1.330706
1.488592 -1.467466 -1.510249 -2.228834 -1.346704
-1.19176 -1.954393 -1.49182 -1.127811 -2.694248
-1.117526 1.460838
