0.9716327 1.33824 1.309022 1.594796 1.162754
1.088474 1.289152 1.358111 1.938366 1.464194
1.111818 -1.898948 2.701343 2.701343 1.744898
1.409802 1.399756 1.465065 1.096361 1.589696
1.021358 1.090931 1.388059 1.225544 1.741851
1.26975 1.243292 1.279664 1.506242 1.181496
-1.390198 1.761433 1.358824 1.569534 1.291867
1.524269 1.623508 1.938768 1.72626 1.321473
1.714705 1.280044 0.9911352 1.256713 1.675164
0.9318912 1.916157 2.09647 1.70911 1.503979
2.017357 1.78757 1.292451 1.288287 1.341583
1.543972 1.274388 1.325528 1.184379 1.173339
-2.236459 1.225616 1.18158 1.59143 1.938366
1.308118 -1.865654 1.615159 1.464194 -1.715261
2.863764 2.004604 -2.705905 -1.680078 -1.874834
-2.70774 -1.819606 -2.421061 1.314326 1.872284
0.9849846 2.701343 1.446757 1.510808 1.510808
-2.707748 -2.164492 2.164492 1.828745 1.415214
1.347536 1.08714
