1.435233 2.629236 1.954329 1.928773 -1.841268
2.43642 2.160157 1.625852 2.532313 2.941306
1.808164 1.688214 2.442373 2.161577 2.134091
1.979799 2.275756 2.217495 2.046089 0.8113245
1.934915 2.355303 1.923869 -1.703049 1.804945
1.346529 1.863821 -1.923824 2.944923 1.658433
1.222781 1.905167 1.29624 1.538053 1.928921
2.042152 1.319328 1.22902 1.829973 2.623434
2.514583 1.484992 1.845348 1.833304 2.016087
2.065017 2.056507 2.092981 1.989012 1.057024
1.839521 2.885933 2.31475 1.229411 2.700442
1.698289 1.637061 1.207459 1.671783 2.104857
2.08454 0.7292907 1.512687 1.747344 1.246157
1.801093 2.342309 2.275756 -0.7991962
