0.9814398 1.222313 1.192162 1.936648 1.546563
1.957808 1.789505 -2.218535 2.078394 -3.07077
-1.60938 -2.033545 -0.3290489 1.512813 1.939054
1.872359 2.001235 -2.281664 1.394238 2.139059
1.754374 1.794714 1.715459 2.511853 1.688185
1.803433 1.946904 1.517671 1.763725 1.774178
1.594593 1.698995 1.339988 1.922215 1.363081
1.926041 1.742019 1.661008 1.662693 1.845649
1.952704 1.994979 1.72431 1.128104 2.193265
1.541322 2.123632 -0.4501033 1.839153 -0.4412477
-0.646402 1.829936 -0.6203922 1.571528 -2.539758
-0.3889059 1.749644 -0.9956095 2.218535 1.432136
1.901318 -1.356934 -1.633886
