2.335697 1.94021 1.860112 1.629358 1.665686
2.686977 1.409947 1.166211 -1.228491 1.145751
2.042733 -1.671611 1.968108 1.587275 1.527538
1.744515 1.551931 1.916806 1.730372 2.307454
1.97495 2.04349 2.48985 1.674328 1.535179
1.632914 1.513475 1.803958 -3.110424 -1.199668
-0.145199 -1.738693 -1.999375 -1.072961 -1.220733
1.782594 -2.715843 -0.5658155 1.569231 1.835903
1.713807 2.19532 1.633956 1.47746 1.880978
1.560301 2.031356 1.85744 1.522662 1.501416
1.807982 1.373468 1.490949 1.26634 -1.989668
-0.7290969 1.535179 -0.6918976
