1.455595 1.000838 1.748446 0.9341525 0.6448525
0.8629983 0.7324346 0.9650733 0.8358998 0.9892417
0.9723702 2.117359 0.8668117 0.8962132 0.6574783
0.9081335 0.7760108 0.6872868 1.08613 1.289779
1.165225 0.5453732 0.6685752 0.7620316 1.188936
0.7352318 0.8450241 1.73852 0.6584218 1.018879
0.7707168 1.455595 1.101424 1.091697 1.113685
0.744172 0.9893022 0.9554364 1.00887 0.9194209
1.557342 0.6555978 -1.060402 1.455593 1.161013
2.05381 1.268981 0.6721991 1.057927 1.132666
1.368283 0.6950366 0.6436998 0.933605 0.8583749
0.9027561 1.612707 1.047681 0.7649974 0.7914822
0.7914822 1.270382 0.9000514 0.9963911 1.251605
1.016205 1.426538 0.8686647 0.8162046 0.7384134
0.9842722 1.339737 1.231875 1.324907 1.324907
0.62564 0.8495742 1.056882 0.9567059 1.02824
0.9138078 0.914902 0.7501535 1.018033 0.9236822
1.068523 0.8389797 0.6178789 1.457792 1.146428
0.9469874 0.8081261 1.712212 0.998023 0.6777578
1.170031 0.8779782 0.7667841 0.6480836 0.9264124
1.146191 1.778536 -1.307226 2.117359 2.222446
0.9554364 1.350344 1.549268 1.030645 1.040038
1.055903 1.121787 1.238431 1.238431 0.8835456
1.084386
