2.610134 1.816109 1.616848 0.8907465 1.79133
1.641597 1.684154 1.621623 2.11976 1.566743
2.074172 2.015546 1.557895 2.610134 -1.786215
-2.156602 -1.54485 -2.362 1.901759 1.637645
2.636716 0.8712549 0.9189626 1.091681 1.190468
-1.762158 1.296248 1.345491 1.660661 0.8756252
1.05303 -2.602767 1.136389 1.580144 0.9341009
1.156011 -1.233271 0.8984415 0.9052395 0.9601225
1.072082 1.727916 0.9279421 1.035263 1.154599
1.446126 -2.976248 -1.422123 1.366155 1.694321
1.650178 1.274569 1.719361 1.203911 1.730561
1.870396 1.29278 1.323031 1.103582 1.136674
1.407045 1.489561 1.221351 1.851075 1.631974
1.419869 1.931295 0.8301904 0.9265784 1.241317
1.258572 1.376037 1.447834 1.426023 1.25731
1.049643 2.02098 1.370706 1.846705 1.276731
1.003907 0.9400914 0.9348456 1.753383 1.219203
1.147877 1.163192 0.9137783 1.185139 0.9754649
1.110324 1.02769 0.9947728 -1.68935 1.054755
1.534094 1.122032 -2.081939 0.9681176 -2.281535
-2.580368 -1.235427 0.9341009 -1.786215 1.331281
1.277123 1.14227 1.43456 1.345235 -1.58072
-1.326505 1.158036 -1.497434 1.29092 -1.51451
-1.347867 -1.347867 1.118302 -2.163732 -1.422123
-0.8620044 0.8620044 1.161795 0.8907465 0.8685691
-2.124682 -1.962193 -1.197659 -2.256345 -2.024545
1.419869 1.84479 1.357006 1.258572 1.060105
-2.674767 -1.703398 -1.995253 -2.20838 -2.092876
-2.03229 -2.469218 1.445141 1.566743 -2.109299
1.355616 1.355616 -2.100586 -1.645034 -0.8708334
1.405571 0.9681251 0.8110607 -1.326571 -2.044691
2.636716 1.298264 -1.498549 -1.491803
