2.880199 2.173591 0.98577 1.185582 0.8721854
1.253714 1.069149 0.8591323 1.569095 1.882942
1.308669 0.7041201 1.150923 1.062177 0.9196782
0.8402615 1.105426 2.016491 1.045096 1.417623
0.8908087 0.8729894 1.615181 1.535755 1.601181
1.113193 1.105402 1.050769 1.072072 1.179605
1.151755 1.051866 0.8160026 0.822227 0.8328483
1.253314 7.723685 1.336582 1.613957 1.779322
0.7909007 -6.170996 0.9705003 -2.006633 1.051866
1.790352 1.004181 1.790194 0.8692249 0.8669535
1.397193 1.196884 0.8417439 0.864754 0.8708184
1.36566 0.9108911 0.7866281 0.7685319 1.125979
0.9700349 0.5865088 0.8514461 1.14997 1.005795
0.8573097 0.8902319 0.9128443 1.025639 1.459598
0.9956901 0.986463 0.873008 0.8784471 0.7618804
1.196884 -0.9823289 0.9938205 -1.790581
