2.838874 -2.471823 2.045034 2.566883 2.003638
2.47662 2.570457 2.273913 2.061521 1.972761
2.071867 2.120994 2.042295 2.199738 2.208517
2.010347 2.211015 1.903605 2.845823 -1.586669
1.232151 2.719299 -1.868667 -1.75014 2.635448
1.185641 1.969036 1.637651 1.750138 1.124059
1.729206 2.108554 1.955066 -2.672017 2.300437
1.920676 1.897457 1.934602 1.560833 2.317487
1.798712 0.9661746 3.155532 2.216708 1.698439
1.931291 2.355631 2.096092 2.95204 2.849562
2.728168 1.803122 2.114788 1.747412 2.002676
1.31754 -2.387811 -1.730152
