2.734994 -2.829413 2.789324 -2.907813 2.987347
2.673525 2.441284 2.302247 2.792269 -2.557093
2.988881 2.931156 2.684872 2.901391 2.620661
2.989211 2.840468 -2.590493 -2.817572 1.753828
-1.732798 -2.223783 2.629639 2.444438 2.365997
2.526223 2.467277 -2.338377 2.914204 2.633898
2.590336 2.120266 2.747959 2.570324 2.707314
2.648866 2.089529 2.30385 2.803089 1.815536
-1.929842 2.095674 2.742438 -2.340069 -2.360901
-2.081475 -1.919031 2.524281 1.164236 -2.691653
-2.977433 -2.977433 -2.046618 1.977969 1.7351
1.654855 1.607617 2.128923 2.067789 1.911794
1.515444 2.073871 2.449196 1.983777 2.841907
2.88347 2.448874 1.392145 -2.6908 2.592065
1.433423 2.132088 1.920127 1.773815 1.910734
1.631937 1.47492 2.031633 2.459791 1.713973
1.451564 1.783274 2.060678 2.750231 2.095203
1.972831 -1.783481 -0.9933533 2.542975 1.530915
-2.292439 -1.592619 -2.067717 -2.016315 -2.227544
-0.5017059 1.910734 -2.977433 -1.885118 2.061034
2.340069
