3.152098 3.059196 3.000474 2.698591 2.045097
2.694182 2.286107 2.7795 2.607261 2.69948
2.902473 3.059196 2.045097 2.045097 2.743906
2.127121 1.876924 2.773091 2.92449 2.162717
2.248765 2.226192 2.406887 2.203965 1.87632
1.939173 2.773091 1.61388 3.059196 2.723177
2.445106 1.586834 1.717075 1.413894 1.85911
2.212006 2.142418 1.602299 1.4909 1.612622
0.5592958 2.392136 1.113979 2.698591 2.216336
1.418403 1.17267 0.9768046 1.109404 1.723507
1.113111 1.705689 1.861967 1.510382 2.078188
1.658274 1.355531 1.471389 1.3042 2.7795
1.585992 2.212006 1.60177 1.191956 1.582233
1.345424 1.345424 2.773091 3.059196 1.106993
1.075555 2.214937 1.16227 1.864693 1.685429
1.685429 1.850999 1.70197 1.284991 1.199209
1.652163 -3.105895 -1.624638 1.069687 1.58483
1.195723 0.9471045 1.423346 1.343608 1.113118
1.571761 1.35006 1.350814 1.118602 1.420396
1.351059 1.265345 1.420563 1.535096 1.177857
1.304998 1.972237 1.118329 1.684686 1.461342
1.103115 1.796343 1.847073 1.162205 2.10013
2.400227 1.278182 1.413518
