1.109318 0.976461 1.229576 1.201353 1.05116
1.466334 1.084521 1.62884 1.314284 1.877462
1.939904 1.008904 1.634698 0.9856923 1.661863
-2.327652 2.168907 0.9140266 -1.656715 1.164597
1.855674 2.328287 -2.420002 -1.860993 1.99401
-1.808847 -2.739783 -1.610463 1.143333 2.664452
1.154676 1.141161 1.311579 1.001611 1.161446
1.418675 0.9254499 -1.978265 0.788897 1.310736
1.189278 1.622932 1.446092 1.165163 1.203612
1.552107 1.790663 1.229576 -5.121353 1.273218
1.906702 1.120215 1.489392 -1.133895 -2.085426
-2.701458 -2.001654 -2.755159 1.143333 1.814537
0.9949423 1.528073 -2.324498 -1.830151 -1.993109
