2.711056 2.499334 1.975495 1.761557 2.409648
2.609367 2.10736 2.430184 1.920794 2.923107
1.815536 1.66507 2.01028 1.919501 1.716216
1.989944 1.955641 1.467245 1.930213 2.303405
2.293878 2.676782 -2.163258 -2.079111 1.727227
-2.210579 -2.183918 -1.996832 -2.049872 -1.522793
-2.50469 1.643089 -1.955839 2.01028 -2.006302
-1.741782 -1.811339 1.662701 1.385915 1.59876
1.907617 1.736589 2.214435 1.388836 2.187873
1.771362 1.32754 1.507658 1.429736 1.668175
1.395526 1.665625 2.025144 1.633532 1.607897
1.234704 1.311453 2.880813 1.654324 1.547827
1.517227 1.704915 1.843026 1.785936 1.836147
1.688153 2.459716 1.444782 -1.644278 -1.655331
-1.916259 -2.092723 -1.575036 -2.070083 -2.183918
-1.778747 -1.929992 1.772374 -2.357583 -1.759864
-1.485972 -1.746537 1.429057 1.722829 -1.323756
-1.660606 2.719417 1.989944 -2.030666 -2.052538
-2.05094 -1.302573 1.761346
