2.777393 2.45671 2.650073 2.815424 -2.591239
2.767926 2.825169 2.085974 2.391717 2.687043
2.85068 2.532399 -2.718058 2.466196 2.157203
2.402592 3.036389 2.973735 -2.520478 -2.260876
3.081365 -2.227528 2.129393 -2.318177 2.777393
2.777393 -1.711017 -2.718058 -2.868571 -2.048563
-2.481225 -2.310074 2.804882 2.616958 2.170009
2.364841 1.764677 2.237392 2.336552 1.799062
2.364109 2.293685 2.595407 1.587675 -2.040601
2.626005 2.607642 1.824193 2.009335 2.41682
2.072197 2.736059 2.496762 2.676767 1.911062
2.415415 2.768987 1.734849 2.149584 2.621816
2.025606 2.414436 2.562756 2.283304 2.095932
2.737937 1.387512 2.098687 2.233584 5.214934
2.109909 2.364053 2.653993 2.489158 2.265548
2.230514 2.296522 -1.47322 -1.977587 2.085974
-2.027101 3.081365 2.478858 2.440664 -1.177389
1.913758 -2.30774 2.347292 1.775289 -2.777393
-2.46693 1.141961 -2.00942 1.60756 -2.082079
-2.175248 2.887131 2.887131 2.887131 1.930087
2.367688 2.121167 1.963215 1.886466 1.532287
1.650912 1.347129 2.055915 1.750526 2.34093
-1.358417 2.562618 1.550425 1.591945 1.398178
2.500915 2.05577 1.551082 1.161462 -1.892154
1.358486 1.578652 1.853411 1.616771 -1.955067
1.797731 2.088207 1.338535 1.348854 1.521034
2.083968 1.16137 1.776378 1.652417 1.639009
1.922488 1.178351 1.560068 1.821425 1.826968
-1.786023 2.235113 -1.56067 -2.085974 -1.732427
-2.027101 2.562618 2.323224 2.47603 -2.125696
-1.824193 -2.009335 1.280755 -1.214604 -1.381176
-1.44146 -1.616771 -1.954895 -1.954895 2.621816
-1.45531 -1.45531 -2.887131 2.887131 1.63131
-2.635677 1.940735 -2.265548 -1.1005 1.948216
