3.123675 2.556516 2.191604 1.934041 2.498544
2.804253 -2.557123 2.352754 2.470255 -2.888021
2.862217 2.495174 2.707465 -2.667292 -2.381975
-2.616949 -2.513841 3.123675 -2.918885 2.830613
-2.496351 -0.8124483 -2.888021 2.235811 -2.112761
-2.143553 2.018146 -2.428518 2.026246 1.710832
2.754642 2.224687 2.110931 1.857184 -2.796571
2.220288 -1.315635 -2.463404 -0.5278928 2.191604
-1.961365 2.666769 -2.127978 -2.830613 -2.027784
-1.660554 -1.442244 -1.335053 -2.558011 1.637514
1.972553 1.631029 2.015749 2.113526 1.551917
1.673886 1.723007 1.398177 1.153727 1.814506
1.819448 1.924747 1.984288 1.747685 2.341248
1.381407 1.769139 1.90069 2.223502 1.425424
1.861919 0.9192616 2.031299 1.288257 1.648299
1.881611 2.150371 1.848284 1.536671 1.610036
1.508781 1.785709 -1.703122 1.581423 1.749889
1.232441 1.661897 1.580046 1.446575 1.312613
2.091216 1.753561 2.015306 1.535388 1.844778
1.973025 1.833096 1.428892 1.426184 2.218428
1.454943 1.292927 -2.558791 2.129764 1.913633
2.25053 1.540039 1.322985 1.522463 2.948735
1.639001 1.557995 1.714458 1.953139 1.191971
1.576661 2.143417 1.897179 1.704686 2.113526
-2.283221 2.052096 -0.9870767 2.191604 2.191604
-1.726018 3.123675 2.462885 1.054573 1.270137
1.387354 -2.091636 1.844778 1.534713 1.361867
1.857184 -1.754343 2.76809 -0.6048379 1.784198
1.849132 1.94272 2.313509 2.582577 2.454735
1.706735 2.127527 1.559292 1.625467 2.167139
1.672478 1.46967 1.351588 2.520097 1.895651
1.382176 1.564022 1.459273 1.944933 2.076762
1.556676 1.782485 1.634672 2.693104 0.9129733
1.989723 1.477239 2.038811 1.461178 1.514086
1.68873 2.141643 1.253784 1.994947 1.743942
1.694502 1.918104 1.054422 1.476178 1.901571
1.526265 1.939065 1.46654 1.528111 1.357305
1.302439 1.680481 2.096954 1.949093 1.624392
1.598708 1.572494 1.501106 1.507457 1.854342
2.231819 1.83955 1.569402 2.11341 1.697682
1.851539 1.597665 1.696367 1.511077 -1.224876
1.817421 -0.1562487 2.167139 2.015036 -1.703541
1.934041 1.110053 -0.6533579 1.792636 1.772629
1.39419 1.529364 1.54792 1.691111 -1.129876
1.19401 -1.145276 2.031299 1.659875 1.659875
1.99368 0.9129733 -1.708408 -1.517691 1.536671
1.70126 1.508781 1.054573 -1.770764 1.581423
0.7470351 -1.42281 1.259401 1.253784 1.891608
-1.222972 0.7392105 1.743942 1.647062 1.312613
-0.9309793 1.682773 1.682773 1.425889 -0.1703951
-0.1562509 1.723964 1.98297 1.794197 2.218428
1.167113 1.313719 1.361867 1.227705 1.669679
1.522463 1.91313 1.407439 -1.703454 1.404976
1.317135 1.506998 1.507457 1.768042 2.260598
1.158188 -1.669302 1.209295 1.897179
