1.278046 1.033843 1.173568 1.406554 1.691001
1.052666 1.450993 1.678693 1.141071 1.430389
1.53749 1.279869 1.49662 1.36486 0.8954588
1.054271 1.113039 1.271089 2.021153 0.8007011
1.333496 1.739124 1.521013 1.003884 2.725823
1.019763 1.465542 1.60606 1.457372 1.293494
0.9159614 1.571722 0.9602254 1.289829 2.405319
1.629836 0.8291775 1.184084 3.120307 1.103828
1.303279 1.42802 0.9240578 1.20531 0.8748188
1.230538 1.499962 1.063449 1.231136 1.055238
0.9728724 1.391316 1.490304 1.284926 1.409334
1.69898 1.528824 1.600256 1.08841 1.016728
1.151475 1.085788 1.177847 1.786283 1.507767
1.013967 1.120313 1.596249 1.017427 1.045297
0.8706922 1.408079 1.816747 1.062672 1.081571
1.119826 2.271819 1.903672 2.208115 1.006538
1.019601 1.189864 1.648818 2.256508 1.10646
1.52505 1.41077 1.506246 1.277433 1.50361
0.8564687 1.074495 0.916981 1.986193 2.225454
1.023394 0.9842234 -1.507889 1.98049 -1.757779
1.011174 1.104534 2.739829 1.878375 2.20843
0.9502891 1.901481 1.968445 -1.824503 1.218008
1.120313 1.035733 1.035733 1.961855 1.310149
-1.319548 3.016371 1.666253 1.95666 1.161638
1.696942 -1.786926 1.225284 -1.256186
