3.019637 2.666945 2.700401 2.142239 2.994359
2.558057 -2.541117 2.695297 2.601991 2.66569
2.568526 2.457015 2.853332 2.315774 2.614352
2.709283 -1.980892 2.096948 2.423433 2.392953
2.533848 2.251391 2.521548 2.629749 2.704153
4.646893 2.389078 2.440874 2.82413 2.803533
2.647819 2.767585 2.986516 2.394536 2.440746
2.527662 2.767697 2.534664 2.371352 2.304062
2.547085 2.375575 2.250443 2.661529 2.997474
2.599314 2.825191 2.761342 2.752584 2.532874
2.635672 2.298962 2.506912 2.571317 2.530205
2.466915 2.082196 2.457015 2.403216 2.4211
2.629124 2.656379 2.550571 -2.394548 2.075948
-1.848489 2.635672 2.671716 -2.378279 5.22074
2.258957 2.370376 2.259119 2.100633 2.399128
2.7123 2.561556 2.64773 2.729947 2.20082
2.171145 2.654753 2.791223 2.230318 2.773482
2.680354 1.963659 4.91297 2.583518 2.342746
2.839989 2.343967 2.460065 2.522808 2.387505
2.706981 2.520824 2.492396 2.748106 2.563278
-2.507693 2.653864 -2.569233 2.446872 -1.771875
2.104564 -1.59323 2.858942 -2.399666 2.361689
4.552185 -1.496104 -1.794393 -2.046046 -2.763992
-1.87483 2.661529 2.166775 -2.761342 -2.290335
-1.214761 2.142239 -2.722699 1.904352 1.983094
2.363119 2.002361 2.216189 2.311871 2.468737
2.144712 2.247381 1.86897 1.752612 2.15038
1.904193 2.526847 2.383728 2.110046 2.217598
3.02275 2.480014 2.09082 1.967149 2.307717
1.764675 2.55723 2.37328 2.168546 2.763992
2.507389 2.635305 2.0002 2.658778 2.451868
2.534531 2.234738 2.744502 -2.154571 2.417488
2.383533 2.813145 2.06116 2.008739 1.787535
-1.371481 2.803997 -2.036076 1.472907 -1.441834
-2.216189 2.259119 -1.554502 1.752612 2.526847
-3.361579 -1.781206 -2.004429 -2.527662 -1.15467
-1.903012 -1.887852 -2.038249 2.164248 2.773482
-1.470717 1.524055 -1.837624 1.115197 -1.336917
-1.882622 -2.176638 -1.348163 2.763992 2.387505
1.934394 -2.222428 -2.222428 -2.223766 -1.91999
-2.65774 -1.326966 1.893264 -1.226334 1.875218
-2.047433 -1.558115 2.359777 -1.783145 1.814092
-1.610621 2.0226 -2.198967 -2.000398 2.551293
1.689105 1.312924 1.779879 1.368086 1.112487
1.071757 1.846993 1.070237 1.894786 2.125295
1.764593 2.235453 1.817065 2.955036 1.078038
2.314853 1.691137 2.111295 1.88222 2.243778
1.966519 1.784179 2.27361 2.381441 1.815121
0.9366502 1.733216 2.478674 2.315258 2.000253
2.433804 1.817437 0.9830928 1.645645 0.9899195
1.466069 2.149947 2.262214 2.333337 -1.178755
1.881633 1.461759 1.990985 0.9911352 1.816368
1.75177 0.8925059 1.22718 2.55216 2.406701
2.194646 1.424184 2.387817 2.625365 1.863505
2.26918 1.159033 1.980016 1.161974 2.703158
1.869306 2.476576 0.9566478 1.697754 1.009178
1.335526 2.839989 1.133464 1.430402 2.092574
1.251913 2.0002 1.58916 1.439521 1.273602
1.955598 1.479171 2.352774 1.42664 1.905211
2.206673 1.322688 1.346074 2.811646 1.59978
1.509265 0.9143957 1.028876 1.877618 2.220631
1.579718 1.828308 1.967653 1.776287 1.95821
1.136265 1.150262 1.381801 1.283333 0.9281949
1.47839 1.640205 2.822204 2.320675 1.673772
-1.48787 1.204445 -1.582263 1.667417 -1.68517
1.68517 -2.129976 -1.759575 1.559553 2.468737
-2.438545 -1.255908 1.282615 1.86897 -1.343767
-2.588082 -1.319626 1.804756 1.349311 0.9854531
-2.225533 -2.953299 -1.799179 2.526847 -1.573438
-1.531619 -2.166785 1.66814 -1.645645 1.881338
-1.69586 -1.549349 -1.892353 2.034197 -2.527662
-1.816368 -1.528325 1.725 -1.051925 -1.949011
-0.8476933 -1.35864 -2.076466 -1.808547 -1.598924
1.990754 -1.866071 -1.217515 -1.163717 1.248101
1.102387 -1.881746 -2.041474 -1.426293 -1.170317
1.624558 -1.341952 -1.858933 -0.9108701 -2.220631
-2.220631 -2.520629 1.967653 2.712302 2.712302
2.712302 -1.529566 -1.2827 -1.2827 -1.89784
1.95821 -1.166814 -1.727258 -1.512689 -1.716903
1.716903 -1.030569 1.223777 -1.122656 -1.787535
1.013122 1.815102 1.815102 -1.118973 0.8140896
1.229021 1.421185 1.010072 1.056633 0.965707
1.516578 1.056677 1.261235 1.055236 1.084261
1.098149 1.392956 1.296377 2.009381 2.475111
1.432744 1.590054 1.086099 0.9477328 1.554783
0.9610894 1.279989 0.9551225 1.737868 1.082332
1.262654 1.228071 0.8575861 0.9280862 0.878465
0.9690391 0.7141481 1.065724 1.303288 1.031525
1.071082 1.134299 1.025738 0.91036 2.583561
1.679222 1.19765 1.453207 1.01312 1.137611
1.242209 2.84188 0.9537698 1.313869 1.112499
1.363355 0.7528329 1.444851 1.612902 0.7695367
1.419059 1.048325 0.9007243 1.06082 1.225694
1.575635 1.201436 1.288983 0.8332844 1.076099
-1.182281 1.377599 0.8169017 0.7809906 1.094627
1.7766 1.28325 1.310432 0.8737672 1.095152
1.32465 1.638773 1.03828 0.8350779 1.135133
1.306993 1.722954 0.8182258 1.488025 1.517494
0.8681038 1.396231 1.079728 0.9272349 0.6373453
2.060721 1.487052 0.9096622 1.570497 -1.076531
2.115773 1.781921 1.371257 2.234843 1.22128
0.9503242 0.9821544 1.084798 1.37426 0.7017048
1.079581 2.122798 1.120313 0.9970264 0.8991962
0.8815138 1.384651 1.360967 0.9425344 1.262601
1.439514 0.9898101 0.8631382 1.05675 -0.9692496
1.181123 1.682631 0.9140007 1.024787 0.874314
1.582263 -1.231325 -1.885671 1.070237 0.9230864
1.71226 0.7769747 0.7769747 1.08599 -1.921783
1.86897 1.86897 1.100917 -1.0011 1.30499
1.517942 -2.148038 0.7384334 0.9690391 -1.167149
1.395944 -1.259532 -1.128562 1.640399 2.583561
-1.528764 1.85872 -1.584764 -2.07168 -0.9899195
1.466069 1.466069 1.26244 -1.802506 -1.478625
0.7247909 0.8169017 -2.139047 -1.513376 0.9793551
-1.286182 0.9466876 -1.728013 -1.557899 1.286728
0.9921235 1.175579 -1.89213 0.8795096 -1.520397
-0.9699569 -2.653162 -1.479171 1.357494 1.357494
-0.9456249 -2.196121 1.028876 1.036691 -0.9393601
1.152674 -1.558247 -2.712302 -2.712302 -1.889737
-1.2827 1.2827 0.8897822 1.824646 2.271927
1.492363 1.262601 1.262601 -1.47839 -1.353427
1.815102 1.187218 1.460454
