-1.541688 -2.193809 -2.034276 2.358317 1.928305
-2.373593 -2.53881 2.522996 -1.719243 -2.445202
-1.965526 -2.721414 2.858313 2.995399 2.925745
-2.470843 -2.215488 -2.04105 3.008943 -1.466425
-1.424338 1.839884 1.794606 1.68196 1.733846
2.245414 -1.35893 0.7306068 1.476562 0.6269172
1.497262 2.064156 1.11713 1.57076 1.247446
1.036743 1.353852 1.402071 1.664277 1.922548
1.603265 1.68196 1.237776 1.003878 2.858313
2.995399 2.352256 1.456865 -2.470843 1.433878
-1.566434 -1.918523 -1.448811 1.074936 0.9967123
1.465031 1.118521 -0.6559625 1.213677 1.529576
1.136615 1.439508 1.904426 0.8784774 0.9839725
1.121024 0.9105865 1.247534 0.6949853 1.711133
0.7409647 1.043658 -0.8936791 0.7333886 0.6684998
1.354674 1.11996 -0.7890279 0.6942807 1.954495
-1.501655 -0.6813385 1.076039 0.7520866 0.7109129
-0.6697793 0.9030782 0.6418007 -0.9591347 0.9330942
1.439148 0.6130873 0.8639008 0.8804732 1.191006
-1.128675 0.8873638 0.8979385 0.8314463 1.081667
1.185827 0.7840165 0.7008766 0.7360695 0.7104578
-0.718525 -0.7220435 1.243603 -0.8739557 0.8450039
0.6037133 1.452828 0.9515375 0.9679286 -0.6727817
0.9974932 0.7328056 1.433878 -0.7994004 0.7868286
-1.651289 0.7555164 -0.7051119 -1.106809 0.7922524
0.6475495 -1.106935 1.186466 0.8348012 0.879628
1.299525 0.8113255 0.7716124 0.9875577 1.171056
-0.9902302 -0.9902302 -1.327049 -1.421395 -1.049358
-1.039614 -1.336122 1.139906 -1.279339 -1.104001
-1.151813 1.433878 -1.040325 -1.847568
