2.403461 2.658377 2.986937 2.871132 2.714479
2.169554 2.586596 2.60928 -2.819962 2.033975
-2.126572 -1.891221 -2.337394 -2.526766 -2.969102
-2.53848 -2.622182 -2.470894 -1.860112 -2.09244
2.395336 2.736434 2.688353 2.519192 2.409781
2.650993 2.54322 2.332336 -2.638174 2.672725
2.436644 -2.616959 -2.363838 -1.800781 -1.938596
-2.395336 -1.772645 -1.947191 -1.794 -1.781691
-2.51575 -2.464102 -2.539452 -2.371208 -1.93015
-2.212257 -2.812522 -2.106731 -2.013375 -2.187859
-1.601584 -2.001993 -1.822808 -1.966302 -2.479936
-2.535544 -3.220104 -2.314841 -4.477622 -1.711674
-2.721582 -1.94643 -2.118827 -2.133447 2.903629
-2.102316 -2.078784 -2.078784 -2.031966 -1.954059
-1.848738 -2.914614 -2.103167 -2.443088 -2.522018
-2.011344 -2.069869 -1.961273 -2.085043 -2.994071
-2.204751 2.298639 -1.955145 -2.509069 -2.470894
-2.51942 -1.958026 -1.814121 -2.778816 -2.778816
-2.098995 -2.098995 -2.21714 -2.721812 -1.897723
2.497928 2.079831 2.425227 2.767183 2.596263
2.486704 2.749528 2.16898 -2.453016 2.274268
-2.370146 2.206611 2.344864 -2.252629 2.517018
2.210321 2.536581 2.646131 2.159157 2.559853
2.675117 2.125697 2.517117 2.596983 -1.924712
2.991205 -2.17867 -2.161746 -1.800781 -1.987387
-1.781691 -1.947448 -2.405831 -2.098665 -2.528195
-2.437837 -1.825126 -1.96464 -2.138294 -2.834033
-2.223248 -2.614908 -2.034823 -1.88997 -2.073552
-2.077639 -2.01784 -2.550071 -2.136319 -2.738042
2.150327 -2.515099 1.574085 -2.423126 -2.4559
-4.477622 -2.5936 -2.133447 -2.775537 -1.959019
-2.063759 -2.80358 -1.949357 -8.225561 -2.103167
-2.687272 -2.454051 -2.014166 -2.037828 -2.240063
-2.054697 -1.997838 -2.044395 -2.577738 -2.296044
-2.298334 -1.746859 -1.948315 -1.998237 -2.082724
2.332336 -2.138475 -1.822688 -1.967403 -1.929093
-2.210457 -2.596983 -1.712288 -2.098962 -2.092478
2.147104 1.875416 1.992931 1.684047 2.378176
2.04396 2.342169 2.412931 2.113934 1.914244
2.06043 2.372756 1.903272 2.052105 2.356679
2.448115 2.308725 2.270684 1.807588 2.081894
1.887439 2.39941 2.368404 2.602075 2.561193
1.92954 2.031609 2.162879 1.8419 1.727299
2.02965 2.446568 1.922231 2.045248 2.497635
2.048432 1.698132 1.692651 2.159157 1.731642
1.934666 1.857792 2.078333 1.824793 1.835248
1.811765 1.991322 1.749678 2.017523 4.430196
1.944762 1.900436 2.017096 1.849861 1.98056
1.930317 1.958226 2.190725 1.772403 2.61175
2.033975 2.067638 -3.076635 2.06043 3.528138
-2.515099 2.343656 1.952965 2.147925 1.675046
2.292508 2.058262 -1.929093 2.114913 1.654635
1.475464 1.633659 1.774161 1.682035 1.969478
1.921104 1.704164 1.903672 2.553732 1.912594
2.891158 2.540763 1.9951 2.415976
