2.359684 2.438351 -2.794213 2.048247 2.292284
-2.445187 2.108714 2.499397 -2.465269 1.402015
-1.858564 -2.49306 2.108714 1.71943 2.735988
-1.994897 2.585203 -1.693097 -1.870782 -2.564503
1.769935 1.735295 1.926495 1.165379 1.467137
-1.687934 1.210208 2.273472 1.754257 1.53123
1.963093 1.80207 2.173798 2.110064 -1.773035
-1.635615 1.944069 2.008117 2.125802 1.288055
-1.497773 1.35502 2.224734 -1.94888 2.299737
1.184486 2.357593 -1.793868 1.048239 1.680874
1.989919 3.045123 1.497627 -1.117855 -1.062188
-1.870782 -1.606892 -1.790762 -2.282991 -1.998622
-1.749803 -2.148044 -2.108714 3.236991 1.627886
2.177107 -1.777873 1.296876 1.385201 1.467458
-1.883827 -1.401822 -1.401822 2.163936 -1.798982
-1.599346 -1.556455 -2.646582 -1.440816 1.727111
-1.587287
