2.19002 1.709809 1.93241 2.033473 2.163784
2.321343 2.226291 2.267981 2.64023 2.798934
2.556165 2.380332 2.108582 2.651668 2.567239
2.606194 2.277388 2.168415 2.099263 2.796567
2.364505 1.692185 2.07697 1.946255 -1.993064
2.637023 2.085703 2.046705 5.098079 2.046961
2.59316 2.173026 2.075967 2.384276 2.245451
2.216814 2.077135 0.4007893 -2.440949 -0.4399105
2.914802 1.875261 -2.377954 2.584385 2.198711
0.6912284 -1.951893 -0.5449713 2.153699 2.153699
2.041043 -2.000352 -2.09322 1.194274 -2.195176
1.733951 -2.840449 2.138453
