2.912156 3.137805 2.43357 2.73698 2.796186
2.424328 2.591848 2.576792 2.048781 3.210061
2.394656 -2.599411 2.751272 -2.327639 1.960787
2.706978 2.614441 2.640228 -2.482879 2.390177
3.040507 2.641604 2.237891 2.762886 -2.692198
-2.564769 1.865194 -2.453757 2.247747 -2.441067
2.076278 2.226352 -2.610737 2.376059 2.478879
-2.327639 4.522113 2.340358 2.350292 2.770689
2.717574 2.786363 2.164689 2.40671 -1.455223
-2.124666 2.259304 2.779282 -2.174823 2.618145
-1.647312 2.178169 2.154835 2.102237 2.374329
3.384728 2.440031 1.904038 2.215345 2.647358
2.636018 1.933112 2.225061 2.476437 2.614605
2.476413 1.848786 -2.491806 2.527067 2.048781
-1.687313 2.123362 1.963852 2.309634 2.550012
-2.606656 2.281229 2.331808 2.654732 2.785179
1.905003 2.03323 1.780718 2.659706 -2.686386
2.350681 1.809953 2.165554 2.491806 -2.830896
2.119783 2.171785 2.308738 2.139327 -2.310958
1.730963 1.665631 1.4771 1.330195 1.864231
2.222003 1.498569 1.855953 2.482459 2.271238
1.472784 1.958097 1.62451 1.342606 2.178012
1.638525 1.422604 1.845981 1.666946 2.393198
1.623102 1.796908 1.666512 2.139858 1.970504
2.309312 1.926459 1.926459 -1.410052 -2.082419
1.238633 1.715673 -1.928098 -1.922873 2.247747
1.981574 -1.552439 -2.115194 1.565926 1.285798
-1.285798 2.774602 2.619988 -2.804369 1.310612
2.071387 1.691369 1.726224 1.413425 1.402649
2.537441 1.098903 1.650872 1.227352 1.047691
1.069679 1.685024 1.620145 1.636932 1.402933
1.678587 1.468073 1.219222 1.751092 1.473333
1.458379 1.292859 1.638275 1.138331 1.261607
-1.478405 -1.670931 -2.31805 2.490657 1.198282
1.092917 -1.635034 -1.269324 -2.129247 -1.644058
1.338496 -2.04645 -1.384412 2.619988 2.301591
1.33738 1.310612 -1.434232
