2.371632 2.314583 -2.523354 2.527891 2.276314
2.583676 2.306423 -2.603337 2.21657 2.314583
2.953835 2.645138 2.714198 2.751175 -1.479652
2.403729 1.800946 -1.57542 2.002989 1.831995
2.487594 2.143232 1.809472 1.487871 2.001646
1.634661 2.272882 1.659105 -1.317679 -1.868035
2.720006 1.815434 -1.685707 1.570942 1.847886
-1.966109 2.260704 1.910322 -1.965614 1.66666
2.04098 2.484288 2.317559 -1.922168 1.808947
-1.93572 1.737724 2.20124 -2.310334 -1.810354
-1.496664 -1.837254 1.375661 1.508313 1.49801
-2.171603 -1.638603 -2.000227 -1.796054 -1.703457
1.877515 1.879317 -2.058418 -1.62006 1.541147
-1.681961 -2.099603 -1.606883 -2.862339 -1.724208
-2.486254 -1.725595 -3.016602
