1.929706 2.273491 2.013202 2.25739 2.651693
2.639473 2.668208 2.800171 3.111029 1.962065
2.411338 2.199943 2.002441 2.375951 -3.400252
1.967943 2.579136 2.265265 2.078579 -2.124243
-2.406021 3.019968 -1.822788 1.935115 1.969569
2.335535 2.706337 1.935115 1.534026 1.115446
0.9962904 1.432992 1.231135 1.05529 1.098535
1.364788 1.149285 1.534332 1.612256 1.045559
1.546822 1.538823 1.330258 1.328391 1.123803
1.278639 1.71589 1.316197 1.280744 0.9172698
1.451667 1.459892 1.162976 1.162976 1.162976
1.718138 1.452691 1.317305
