1.814323 -3.229882 1.730706 1.720172 2.031343
1.509949 2.218164 1.774303 1.933983 -2.053342
1.913397 -1.305927 2.103033 1.633441 1.576102
1.252702 2.531903 2.182882 2.116974 2.290434
-2.665863 1.595487 1.343275 1.771858 -2.209364
1.374868 2.306605 1.7746 1.82348 1.935722
-1.855287 2.510618 2.602524 1.126016 2.297685
1.338244 2.065093 -1.7181 -1.659509 1.019168
2.125865 3.229882 1.277942 1.452932 1.565295
1.565295 -1.3504 -1.3504 2.196316 2.101981
1.28275 1.760696 2.665863 1.644772 2.346175
-1.682541 1.27122 -1.741765 -2.19034 1.246281
-2.392965 -1.531172 -2.771264 1.641532 2.53258
1.180422 1.180422 1.200118 -1.7411 -2.131697
-1.421686 1.5706 -2.332201 2.012754 2.262233
2.109748 1.931809 2.841464 2.009459 2.059731
1.96464 1.520943 1.843716 2.205871 1.824377
1.663553 1.905901 1.704011 1.81713 1.665147
1.550115 2.144056 -2.018394 2.235335 1.913395
1.226256 2.24638 2.07173 1.295722 2.4764
1.51186 1.369328 2.66805 1.785275 2.349958
1.598103 1.388356 2.512972 1.760149 1.313527
1.416598 1.709221 1.301162 1.865601 2.1987
2.720713 1.5706 1.312495 -1.336558 1.107802
-1.92589 2.192076 -1.572104 -1.62148 -1.488391
2.031565 1.381301 1.22275 -1.278713 3.101552
1.471633 3.229882 -1.930562 -2.21043 -1.700094
2.103033 -1.033903 1.280516 1.543932 -1.811355
1.565295 -1.117971 2.196316 -1.520189 1.038046
1.170039 -1.742869 1.954984 2.091714 -1.752653
1.221073 1.862297 1.271374 -1.204297 0.949821
1.395703 -1.552004 1.343275 1.043309 -1.347645
1.287947 -1.806006 1.516788 1.516788 1.629235
-2.422365 -2.016957 1.246281 2.008929 -1.775508
1.301162 -1.570231 -1.670092 -1.126016 2.054566
-2.234208 1.617031 1.617031 -1.117032
