2.893276 3.411154 2.872805 -2.330761 2.719624
3.012029 2.913187 2.925636 3.017793 2.81595
-2.748398 -3.260367 -2.236642 2.752499 2.917302
2.645193 3.03337 3.003057 3.080467 2.622195
2.617243 2.811777 2.612822 2.406911 2.494418
2.829573 2.925271 2.828458 2.76689 2.876257
2.665504 2.608809 2.586024 2.535332 2.904496
2.467947 2.540438 2.598928 2.609197 3.076833
2.840818 2.846174 3.129186 2.655212 2.481648
2.878698 2.72798 2.858669 2.541528 2.957881
2.743095 2.587049 2.457011 3.038988 2.741745
2.776178 2.6702 2.628739 2.719708 2.811666
2.679751 3.097397 2.826896 2.863856 2.805205
-1.611316 2.997304 -2.789499 -2.143214 -0.8081501
-2.960365 -2.49171 2.729506 -0.2029349 -2.649438
-1.988486 -2.883107 -0.6684201 -1.570777 -1.63127
-1.738742
