3.175822 1.822525 2.547053 2.527507 2.248413
2.595742 2.948525 2.278823 2.99522 2.286994
2.273452 2.054597 2.213607 2.126209 2.474654
2.276426 2.547053 3.175822 1.984739 1.984739
1.899667 1.776664 1.364676 2.414563 2.035143
2.156077 2.180274 1.993629 1.636902 2.116748
1.92969 2.100631 2.013313 1.685772 1.862255
1.901599 2.017735 2.051467 1.442524 2.321263
2.009232 2.441195 1.825084 1.969336 1.629493
2.068342 -1.946461 -2.163165 -1.92969 1.512666
-1.86104 2.147602 1.768025 1.693132 1.699728
1.146222 1.199996 1.831364 2.030704 1.423381
1.828707 1.306601 2.010274 2.116539 1.828109
1.557461 1.221348 2.028717 1.375229 1.552562
1.972678 1.373127 1.502644 2.105782 2.023417
2.127133 2.385277 1.123217 2.690112 1.913721
0.9818398 1.653655 1.621093 2.230745 1.98474
1.80246 2.760409 1.813091 2.138509 2.092851
2.126746 2.233786 1.922577 1.958575 1.544151
1.00182 1.775155 2.807271 1.879453 2.215021
2.130657 2.395146 0.8848111 2.361536 1.61687
1.49713 1.385996 1.659054 0.7070677 2.08318
1.607812 1.969504 1.416342 1.903525 2.050088
2.182512 1.844388 0.3018441 2.096681 2.503901
2.079884 1.768025 -1.699728 -1.113889 2.63676
-1.856582 -0.3426977 0.9207534 1.525766 1.128536
2.168024 2.08318 -1.659897 -2.182512 1.580998
1.573404 1.930472 1.984739 1.983999 0.5211063
1.4375
