-3.005626 2.643058 2.510513 -2.911573 -2.820333
-2.752835 -2.891317 -2.806686 -3.06254 2.915698
-2.799325 2.60025 2.921042 3.066381 -2.85363
-2.145427 -2.700173 -2.654891 -3.148378 -2.210517
-2.019128 -2.532061 -1.586577 -2.587675 -2.919746
-2.575844 -2.565178 -1.730535 -2.904819 -2.904819
-2.710186 -2.456506 -2.865221 -2.682697 2.6678
-3.096168 2.825344 -2.583572 2.716176 2.66963
2.622166 -2.687463 -2.745487 2.871351 -2.53815
-2.633664 -1.025488 -2.745143 -1.808593 -2.747829
-1.471526 -3.06254 -2.189184 -2.019871 -2.904819
-2.706149 1.34428 -2.11063 -1.845876 -2.951605
-2.444768 5.552169 -2.435922 -2.498056 2.93883
2.67925 2.799965 2.704015 -2.390954 2.681124
-2.506405 2.905471 2.629668 -2.703154 -2.49857
-2.575749 -2.567307 -3.009256 -2.75284 -2.765283
-1.939282 -2.554636 -2.498056 -2.911505 -1.664515
-2.641284 -2.676244 -5.31107 2.850897 2.819675
2.789969 -1.771445 -0.7820791 -2.225904 1.845876
-2.973924 -0.6782896 -2.434864 2.167198 2.539274
2.436223 -2.565293 -2.133172 2.265971 -2.362216
-2.273106 2.675361 -2.773177 -2.732573 2.186375
2.677229 2.671621 -2.668718 -2.489874 -1.752573
-2.232834 -2.328225 -2.424867 -1.645 -3.124372
-2.362216 -2.553243 -2.282882 1.790855 -8.866179
-0.8321187 2.882197 -2.343802 2.077532 -2.56877
-2.048735 2.048735 -2.340774 2.608176 2.31663
2.582032 2.20929 2.0241 2.746583 2.905471
2.590763 2.284781 3.054741 -0.7463218 -1.664515
2.36011 -2.273106 -1.925367 2.265921 1.888578
-2.361949 -1.602897 -1.853134 -2.153431 -2.66097
-2.945496
