-2.963064 -3.086035 -2.837061 -2.888278 -2.747696
3.010094 2.664714 -2.348689 2.783033 2.666128
2.768827 -2.524127 2.848789 -2.820868 -2.749388
-2.677173 -2.833838 -2.728081 3.06125 -2.847159
-2.705071 -2.524811 2.677256 -2.511989 -3.077297
2.961046 3.034091 -2.762766 -2.654733 -2.997798
1.361769 -2.849101 2.49615 -2.109802 -2.497602
2.642972 -2.609408 -2.583507 -3.004858 2.482749
-2.881752 -2.852701 2.780958 -2.926639 2.510291
-2.442073 -2.401595 2.498138 -2.541855 -2.310744
2.724319 -2.648323 2.586867 -2.484248 -2.742872
-2.950041 2.669808 -2.157943 -2.873744 -2.473491
-2.39235 2.439204 -2.463037 -2.754693 -2.657788
3.163068 2.702275 2.840895 -2.325757 -2.678
-2.574335 -2.901818 -2.835837 -2.746855 -1.959578
2.592326 2.501323 2.44939 2.504417 2.668819
2.700377 2.492101 2.459319 2.717636 -2.657213
-2.617035 2.563172 -2.967149 -2.709593 -2.39235
-2.856904 -2.65814 -2.833356 2.859103 -2.929699
-2.835837 -2.657213 2.383747 2.788902 -3.083151
-2.949668
