-2.971838 3.100785 2.872001 2.576028 -2.822277
-2.894766 2.658653 2.779993 3.011238 3.094266
-2.695886 -2.386732 2.83221 3.276438 2.61834
-2.729021 -2.782778 -2.475573 -2.617115 -2.59341
-2.839976 2.784275 2.875076 -2.725395 2.817183
2.77031 2.5129 -3.03997 2.736851 2.716937
2.538 2.900405 3.030351 -2.823532 -3.133464
2.260661 -2.556792 -0.685615 -2.094918 -2.412701
-2.660906 -2.699445 -2.636853 -0.2530015 2.604823
2.902535 2.506784 2.903639 2.8865 2.810996
-2.725543 2.95319 2.667724 2.459562 2.688004
2.468556 2.698488 2.274653 -2.697061 2.783252
-2.516208 2.640068 -2.743956 2.541318 2.5129
2.727253 2.603349 -0.5567242 2.475962 2.464267
2.775168 5.536157 2.475401 2.637206 -2.307108
2.472496 2.945379 2.699262 2.495343 2.776026
2.665764 -3.101987 2.716951 2.705992 2.98481
2.521606 2.350774 2.588953 2.928926 2.727863
2.474031 2.398269 5.32653 2.595487 2.461384
-2.308216 2.91155 2.630167 2.481727 2.604422
2.431121 2.531196 2.585623 2.718004 2.65699
2.609151 2.594937 2.984889 2.72366 2.72006
2.537492 -1.725879 2.862378 -2.62941 2.472496
-1.129467 2.8865 -0.6292478 -0.4098725 -2.671655
-0.1810044 -2.633484 2.441106 -0.3694817 -5.314113
-2.852926 -2.484073 -2.155862 -0.7830358 -1.822411
-2.801395 -2.44483 -2.697061 -2.103935 -0.2436515
2.642068 -2.732195 -1.470454 -2.065828 -2.420335
-2.219661 -1.576106 2.606226 2.690152 -2.447675
2.191851 2.35688 2.419591 2.292575 2.762719
-2.725371 3.008286 2.864741 2.582953 2.563456
2.291497 2.515302 2.750031 2.422498 2.563945
2.310219 -0.7428764 3.024624 -1.432036 -0.3701972
-2.399761 -2.293124 -2.071504 -1.807771 2.009073
-2.348266 -2.814021 -0.2996765 -2.431121 -1.812878
2.225432 2.075717 -2.36375
