-3.001199 2.811922 2.87212 -2.799548 2.795616
2.34354 2.701312 2.845963 -2.78537 2.760415
2.509482 2.53931 2.533348 -2.777641 2.141751
2.136117 2.822268 2.628202 2.611048 2.593921
2.757031 2.853801 2.474557 2.79018 -2.94086
2.495728 2.538958 -2.403454 2.648067 2.421512
2.227017 2.957679 2.472282 2.47123 2.674846
1.738974 2.702601 2.509482 2.547077 2.583736
-2.903392 2.360085 -2.415994 2.737419 3.11921
2.181152 2.736175 -2.525747 2.419863 2.784195
2.680671 -1.896079 2.384985 2.232639 2.456934
2.387579 2.61631 2.679878 2.651306 2.471867
-2.654294 2.563161 2.660398 2.461262 2.360085
-2.8408 2.415994 2.824955 2.666077 -2.628818
-2.769398 -2.652723 1.844955 2.434372 2.422794
3.044506 2.22406 2.900745 2.971224 2.24842
2.682324 2.454004 -2.414971 -2.381873 2.616455
-2.491816 2.547201 -1.923963 -2.787446 2.706984
2.35615 2.611682 2.531903 3.11921 -1.975591
-2.65508 2.750995 -2.657286 2.628818 2.386104
2.396591 -2.784195 -2.784195 2.184822 2.434372
2.37732 -2.654294 -2.028268 -2.230241
