-3.061693 -2.913537 -2.946847 3.096985 3.135921
2.676977 2.85235 2.937743 -2.777592 -2.837019
2.844787 2.948954 -2.770975 -2.819284 -2.63664
3.001058 -2.587185 -3.170819 2.947936 -2.846293
-2.184836 -2.715751 2.237945 -2.040384 -2.546184
-2.946847 2.586942 -2.929722 -2.756706 -2.471572
2.877479 -2.698095 2.693839 -3.124728 2.689512
5.121478 2.565859 2.868408 2.763053 2.915186
2.687705 2.599357 -2.596612 2.707968 2.516645
2.752458 -2.325707 3.405849 2.856707 2.567581
-2.651894 2.747808 2.40857 2.677097 -2.848214
-2.789586 2.753388 -2.79614 2.837726 2.965134
2.487945 2.456698 5.552364 -2.451208 2.365278
2.486333 2.517338 2.982029 2.837493 3.152958
2.765244 2.733643 2.880821 2.800519 3.063663
2.004796 -2.944166 2.651439 2.593507 -2.652598
3.019512 2.788556 2.451208 2.877947 2.305438
-3.005971 -2.69388 2.113831 -2.488738 2.740211
2.821974 2.393903 2.387266 2.594083 2.800707
2.273692 2.611957 -2.365278 2.820927 2.707968
-2.880821 1.825638 2.282766 2.391397 2.142389
2.202601 1.949445 1.791422 2.268899 2.325854
1.623522 2.182554 2.339952 2.405929 -2.433404
-2.147289 2.113244 -2.046394 -2.307312 -1.797295
-2.036975 -2.979467 -2.979467 2.066692 1.973379
2.048586 -1.625311 2.119564 1.723322 1.832232
-2.663512 2.180133 1.91772 -2.228236 1.858786
-1.855693 1.952793 1.439584 -1.521413 -2.042199
1.906649 1.787201 1.423143 1.276768 1.728525
-2.292005 -1.819254 -2.50764 -2.663512 -1.605415
-1.825638 -2.036975 -2.374161
