2.891577 2.317984 2.348669 2.146868 2.254708
2.555943 2.104127 2.202273 2.486723 2.532655
1.801487 2.158107 -1.701938 -2.495087 -1.712763
-2.522331 -2.539415 2.278892 -2.108677 -1.932874
1.969596 1.536671 1.357739 -1.823975 1.936275
4.196331 1.809741 2.179682 1.726574 2.300394
2.130298 1.813736 2.087116 2.387318 2.086349
1.365775 1.556489 1.696734 1.89442 1.468343
2.201566 2.615516 1.420618 2.267567 0.9865411
2.174375 1.485405 1.932448 1.894697 1.789154
2.536909 2.698752 1.789135 2.559606 2.003573
2.515377 1.557811 2.265388 1.77832 1.926673
1.320093 1.505718 2.105713 2.39293 1.434483
1.85809 1.842121 1.205827 -1.965455 -2.006319
1.342294 -2.777197 -2.64747 -1.903545 -1.827378
2.491945 -1.870328 -2.946325 -2.104127 -1.430601
-2.012098 -1.405573 -2.944873 -3.05281 1.492396
1.819695 1.402076 -1.608976 -1.522192 2.543933
1.77832 2.193044 -1.6826 -1.606248 -2.185371
-1.89623 1.641395 2.289539 2.139603 2.639933
2.139697 2.316192 1.589554 -2.052627 -1.719998
-2.281286 2.543933 2.515377 2.378697
