2.250954 2.037538 -2.051929 2.673161 2.347698
1.804536 2.618538 -2.03932 1.350032 -2.856083
1.499294 2.320137 2.10912 1.708355 1.954838
1.90143 1.589329 1.836147 2.382458 2.347026
2.12079 2.185981 2.848961 1.821899 -2.239711
1.250881 -2.033703 -2.050969 1.433947 1.899294
-1.463748 1.394222 1.488232 2.025323 1.500536
-1.223558 1.512936 -2.261677 -2.068558 1.771357
-1.168366 -1.979689 1.434483 4.001613 1.52077
1.232404 1.3828 2.20211 1.443289 2.021153
2.388719 1.595577 2.101428 1.369478 1.089335
1.669206 2.251764 1.691747 1.323878 -1.331586
-1.535012 -1.56375 -2.218177 -2.437142 -1.149451
-1.568435 -2.496721 1.863244 0.8441873
