2.834007 3.08217 2.053874 2.305841 2.408249
2.960713 -2.682272 2.960713 -2.4345 -1.859426
1.982242 2.526597 1.974882 1.414064 1.950122
1.199257 1.346014 1.804689 1.258522 1.874936
2.182228 1.320092 -2.083298 1.356849 2.035433
1.352335 1.48492 1.361698 1.31392 1.259297
1.859987 2.166971 1.554934 1.756344 1.293082
1.794477 1.25082 1.575488 3.118256 1.974882
-1.983825 2.053874 1.43262 -1.864383 1.782003
1.586135 -1.614279 1.720227 1.861414 -2.975639
1.23357 -1.906615 -1.906615 -1.906615 1.544874
1.442948 1.62839 1.558864 1.573709 2.625422
1.616211 1.26343 1.356165 2.247896 1.384667
-2.220683 -1.308115 1.754308 -2.072529 -2.207065
-2.052322 -2.10804 2.090108 -2.068373 1.25082
