0.8071876 0.8071876 1.131706 1.098883 1.172999
0.9592062 1.711036 1.095798 1.154065 1.284113
1.347243 1.670549 0.9672183 1.068486 1.046176
0.7882397 1.289731 0.8743895 0.7131034 1.994766
1.51605 0.9568291 1.284419 1.424636 1.211779
0.8962792 1.17463 0.9234591 1.429304 0.6739318
1.149387 0.8707791 0.8430534 1.003977 0.9457884
1.138467 1.332958 0.9128937 0.9026373 1.498033
0.9147122 1.153716 0.7334441 0.8921372 0.9985946
0.9144916 0.8595377 1.357891 0.8446956 1.307421
0.8746254 1.276512 1.306545 0.7975239 0.6856189
0.7130361 0.7705712 0.7860163 1.138467 -0.9785656
1.350999 1.530179 1.342585 0.9038729 0.619239
