2.604499 2.931003 2.733563 2.772099 2.743141
2.553774 2.497604 5.816088 2.547329 2.577743
2.831206 2.58759 2.301047 2.792865 3.028793
2.674136 2.737432 5.223544 2.670293 2.509741
2.484612 2.600281 2.500916 -2.777912 2.931003
1.94277 0.5880041 -0.7801201 0.7862324 2.690703
2.801015 1.737244 -2.348148 -2.589652 1.54862
1.090911 1.902866 2.676122 1.791431 -2.060436
2.836899 1.98453 0.6851847 1.225946 2.715
2.595494 2.491167 2.596973 2.821309 2.358916
2.465865 -2.138168 2.809318 2.145311 1.728447
2.55944 2.430537 0.8520792 0.792811
