2.87143 2.628319 2.808661 2.896246 3.103905
2.907392 -2.862749 2.827531 2.905834 2.749948
2.816511 2.611599 3.099818 2.74195 2.987402
2.591647 2.760473 2.990197 3.06638 3.127839
3.047966 3.054345 -3.140964 2.199996 2.248723
2.570628 2.896246 2.717473 2.521736 2.517011
-1.823203 2.84573 2.635905 3.081473 2.863011
2.515612 2.901559 2.826032 2.698811 2.843639
2.989337 2.334401 2.450118 2.451947 2.692541
2.663094 2.858579 2.460576 2.691487 2.245417
2.465744 2.353105 -2.69789 3.006434 2.789345
2.454313 -2.51974 2.693253 2.679717 2.784474
1.910382 -1.611859 2.823535 -1.819597 2.720914
-2.009563 2.879733 2.23775 2.598982 2.451192
2.404368 2.393268 2.480365 2.477243 2.340029
2.252262 2.452222 2.309588 2.67068 2.790833
-3.115163 2.813773 3.043522 2.503527 2.692541
2.470348 2.586914 2.911256 2.484188 2.379425
2.52939 2.816103 5.283946 2.493816 2.283099
2.588469 2.437101 2.391451 2.506831 2.470447
2.439529 2.548413 2.731342 2.688122 2.543717
2.978946 2.689227 2.886919 2.65619 2.663094
2.248723 -2.862013 -1.815303 -2.674461 -2.599332
2.497741 -1.926689 2.783833 -1.848971 2.63679
2.683343 2.450122 2.442418 2.277199 2.217558
2.231428 2.458377 2.333994 2.453444 2.230247
2.5815 2.188106 2.452167 1.842547 2.277606
2.884736 2.433582 2.708249 2.282259 2.763197
2.386956 2.739338 2.628556 2.030727 2.373841
2.326651 2.345617 2.319688 2.898811 2.554239
2.577829 2.47312 2.755999 2.504953 2.891202
2.635552 2.34661 2.223726 2.122024 2.524592
2.539888 2.351932 2.768425 2.240641 2.257991
2.108085 2.790622 4.1083 2.53591 2.517153
2.439032 2.454475 2.999169 2.774454 2.731845
2.419967 2.551901 2.509902 2.556852 2.304631
2.265573 3.070126 2.451192 -0.5614997 3.013754
-2.295241 -1.782461 3.050779 2.452222 -2.27775
-2.376342 -2.029414 2.720914 -3.115163 -1.614861
-2.031019 -0.5004262 2.781531 -0.2249281 2.270598
2.20968 1.17639 2.470348 2.420694 2.52939
2.816103 -2.009563 -1.838873 -1.764049 -1.792249
-2.209331 2.497741 2.453665 -0.9011996 -2.154597
2.980095 1.747966 -2.064726 2.064726 -0.6626095
-2.586427 -2.505841 -1.146911
