2.700544 2.009676 2.291777 2.017096 -1.825394
1.441493 1.722467 2.100336 2.272069 1.551699
1.949299 2.160376 2.193651 2.554222 2.088832
1.899244 2.379159 2.625362 2.660152 2.027094
2.341234 1.656035 1.985924 1.889639 2.409322
1.713778 2.67614 1.943919 2.108088 1.83048
2.160582 1.737072 2.368115 -1.923229 1.660054
-2.183465 1.727199 -1.483255 -2.248083 2.421397
-2.119393 1.819085 1.876893 1.455563 -1.704459
-2.195919 2.603334 -1.772923 -3.0204 2.073354
2.095886 2.098678 1.591565 1.845275 1.691772
2.242498 1.677444 1.586243 1.696962 1.493031
1.451187 2.009311 1.92715 1.904739 1.513229
1.597092 2.654667 1.680314 2.363897 1.778523
1.615059 1.818443 2.533559 1.733652 2.713204
1.773784 2.05363 -1.898766 1.592092 2.368115
1.536328 1.43905 1.951233 1.550807 2.004963
1.549026 1.427386 1.367575 1.671686 2.045491
2.316272 1.597097 1.646499 1.785672 1.877869
1.685714 1.580235 1.74773 1.364858 1.366757
1.714343 1.635867 1.451587 1.349305 -1.626674
-1.557968 -1.898766 -2.120985 1.680314 1.46854
1.448841 1.719201 -2.290965 -1.848358
