2.879306 -2.818238 3.117876 2.752804 -2.428752
2.922659 -2.809861 2.902383 2.809722 2.801656
2.884715 2.540229 3.068191 2.922393 2.973721
2.963103 2.911798 3.050079 -2.859346 3.07048
-2.638927 -2.603198 -1.844811 -3.145509 -1.572798
-2.303809 -2.581769 2.11866 2.920506 -2.701623
-2.8205 -2.422088 2.695622 2.689404 2.802145
2.565665 -2.901755 2.679877 2.523617 2.724548
2.935438 3.023342 2.661679 -2.521386 -2.489443
2.351801 2.504703 2.854403 3.041422 2.538481
2.559117 2.728917 2.410688 2.795188 2.558359
-2.841525 2.793208 2.540229 2.620698 -2.243311
2.920506 2.920506 -2.734332 -2.82106 2.247959
-1.202424 -2.422205 -2.506857 2.811803 5.5199
2.284833 2.347835 2.577836 2.816498 2.696925
2.762329 2.738722 2.248764 2.709102 2.654629
2.778416 2.789886 3.075676 2.631002 2.905261
2.645894 2.527106 2.658716 2.685529 2.583615
2.495882 2.597452 2.650675 3.038094 2.772737
2.735088 -2.480471 -2.506857 -2.286059 0.2841413
2.472751 -1.632918 -2.889889 -2.856242 2.210952
-1.815145 -2.660911 -2.658716 -2.506796 -2.428752
-2.684995 -2.777765 2.708631 2.230081 2.605603
-2.305128 -2.300426 2.57641 2.269566 -2.560268
-2.49203 2.467005 2.453533 2.370659 2.832671
2.421078 2.747582 2.667346 -2.476755 2.326362
2.381983 2.902461 2.577752 3.053493 2.605427
2.523308 2.614026 2.333145 2.284894 2.574605
2.100112 2.797586 2.952266 2.435303 -2.441496
2.327645 2.34682 2.027521 -3.132066 2.538102
-2.286059 2.626947 -2.468113 2.26402 -1.561819
-2.72541 2.421078 1.66135 -2.128322 1.871607
2.822287 -2.319865 2.257464 -2.703035 -1.1823
5.382265 -2.378577 2.463625 2.303809 2.083281
1.852577 -8.906922 -1.815145 2.499576 -2.390524
-0.5674694 2.279761 2.506796 2.28221 2.598351
1.75413 -2.089612 -2.089612 -2.341037 2.44498
2.286333 -2.34966 -2.578424 -1.781755 2.896965
2.222267 1.915017 2.189132 2.347901 2.408405
2.570978 2.302066 2.676242 2.689953 2.158516
2.131779 2.612969 2.315429 2.321107 2.709913
2.922032 2.740632 2.400332 3.11005 -2.072745
2.821628 2.138734 2.004404 3.115074 -1.980205
2.074058 5.314435 2.216615 1.907538 -2.755298
2.603872 2.396704 2.236226 -2.390293 -2.185541
-2.245358 -2.115964 -0.5150208 2.918201 1.468728
-2.223128 -2.443275 -2.021225 2.287258 2.3373
-2.048805 -2.703035 -1.912148 2.335166 -0.9494258
1.979998 -1.632736 2.525223 -2.31634 -1.935319
2.100112 1.945012 -2.274615 2.168125 -1.892696
-1.892696 2.282463 1.873869 -2.032806 2.283853
-0.6006018 -2.976486 -2.976486 -1.67056 2.027521
2.714055 1.358048 -2.123579 2.14656 1.62751
2.270766 2.246837 1.822173 1.724449 1.881694
1.740384 2.013839 -0.3125036 1.805608 0.2205006
-0.2428386 -0.334053 -0.4137384 -1.852577 2.181644
1.75413
