2.701556 2.636791 2.195749 2.697807 2.47348
1.828006 1.990894 2.587498 1.901487 2.229431
1.717945 2.198365 2.499828 1.94372 1.525841
2.147878 2.130401 1.971536 1.901701 1.857237
1.919934 1.592686 1.899582 1.447091 2.211149
1.36974 2.15732 1.940355 2.078519 1.863118
-1.234322 1.667824 -1.265145 -1.926247 2.012559
1.530237 1.291609 1.372156 -1.898348 1.668543
1.506044 -1.570989 1.638347 -1.868177 1.247955
4.131868 2.319206 1.544265 1.935581 1.935328
2.016933 2.10989 1.181794 1.328133 2.131141
2.33045 1.360163 1.808609 1.879879 1.436024
2.253963 1.389277 2.224444 1.413777 1.069219
1.562648 1.25977 1.841671 -1.192208 2.256591
1.254152 1.98283 1.615734
