2.509715 2.209722 2.449299 2.408718 2.547586
2.839367 2.388169 2.64283 1.821867 2.356155
2.180214 2.081392 2.359312 2.167881 2.662583
2.664545 2.303449 -2.217599 2.64283 3.100809
2.429006 2.891467 -1.961067 -1.953437 -2.468485
2.167968 -2.551862 -2.491567 2.166265 2.15009
2.065116 2.135108 2.703961 2.373105 2.244513
2.405879 2.614581 2.290325 2.630648 2.19834
1.998054 2.400072 2.030573 2.040173 2.424315
-2.492871 1.895812 1.986961 2.145712 -2.254129
2.201698 -2.059243 -2.549571 -1.925782 2.463669
-2.325085 3.100809 2.235605 -1.797619 -1.6137
-2.12177 2.345123
