2.502292 2.057971 2.478424 2.961231 -2.119722
2.435431 -2.106821 2.398251 2.870775 2.425532
-2.51516 1.86572 2.322283 2.303374 2.131045
-2.261383 2.726787 2.432929 2.734434 2.451271
-2.55805 2.926683 -1.873224 2.213568 2.575335
2.640761 2.637247 2.404865 2.20072 1.926948
-1.88551 -8.428084 2.518185 1.883568 -2.703596
2.158178 -2.767398 -2.404636 -2.847579 -2.115792
2.27195 -1.931017 2.184672 2.201446 1.70121
2.570874 1.971569 1.916327 2.221398 2.249045
2.685124 2.273004 2.028123 -1.883568 -2.187256
1.940575 2.458677 1.208484 -2.003412 -1.650444
-2.654044 -1.666954 -1.931017
