-0.9185251 1.938413 1.380244 2.02472 1.514209
1.890663 1.749469 1.750603 2.56959 1.246607
-1.396852 1.92398 1.995916 1.952625 1.993828
2.163271 2.095626 2.329535 2.120365 2.05472
1.65974 1.641121 1.693175 2.236405 2.162489
2.587574 -0.299811 -0.1714535 -0.589013 -1.219707
-1.387677 -2.126169 -2.634892 -1.276397 -0.423423
-2.04588 -0.4927313 1.840506 -0.2631243 1.96572
-0.5810696 -0.2637083 -0.592095 -2.120069 -0.3971704
-1.023836 -0.5944398 -1.135374 -0.6135839 -0.5350836
-1.480892 -1.886136 -0.2030034 -0.609651 -5.860864
1.900023 1.629153 -1.78496 -1.749469 -0.5229318
-1.857121 -1.724115 -1.811882 -1.694661
