-0.7539348 2.197238 1.531977 1.506148 1.573997
1.841603 2.018697 1.695235 1.587352 1.174836
1.84642 1.615239 2.249948 1.417508 1.189789
1.985419 1.12499 1.946605 1.285768 -1.465937
1.901525 1.826898 1.605647 -2.791529 1.671402
2.478885 1.549764 1.726297 0.9068876 1.959371
2.181667 1.257163 2.485902 1.373463 2.383602
1.482096 1.837281 1.624182 2.137017 -1.474547
-0.43677 1.719862 2.243565 -1.228838 -0.6853679
-1.776969 -0.7239799 -1.23427 1.605647 -0.2846663
2.203382 -0.6093586 -0.8810308 1.83035 2.716016
-0.1262836 1.753501 1.625798 1.404423 1.675127
1.667443 2.091055 1.720714 1.868051 1.971294
1.746754 2.077892 1.556646 2.141849 1.8789
1.707968 1.390242 1.685243 1.615901 1.715891
1.823761 1.933112 1.940887 1.821853 1.988783
1.524792 2.220672 1.810912 1.706769 1.506196
0.1834284 1.472258 -3.088928 1.605118 -0.2720205
-0.9995202 1.507882 -1.198292 1.826898 -1.622661
1.622661 -0.1529473 -1.631582 -0.5568955 1.720713
1.781299 2.181667 2.181667 1.663691 1.688511
0.5372499 -0.1905754
