2.367074 2.60028 2.570826 1.557504 2.04722
1.822653 1.806824 2.640724 1.924007 1.924007
1.795089 1.582814 1.785289 1.886256 2.344696
1.480381 1.402647 2.087831 1.648887 1.504343
1.648206 1.648206 1.726733 1.993962 2.173234
1.865597 2.180164 1.83196 2.775805 2.461702
1.764977 2.194292 1.455088 1.757695 1.812629
1.64309 1.628689 1.665215 1.68252 1.762527
2.013927 1.77817 2.318491 1.787569 1.787569
1.894172 1.090988 1.537266 2.122989 1.449037
2.269298 1.868457 1.740237 0.1813651 1.976694
1.391914 1.43351 1.649147 1.649147 1.458045
-0.7822931 1.51952 0.8227803 1.330842 1.92248
1.866468 1.721296 1.212155 1.167346 1.620464
1.474689 2.346357 2.042897 1.931541 1.337839
1.337839 2.128307 -2.128307 1.279873 0.7564794
1.01535 1.867713 1.855003 1.219063 2.0245
