2.711523 2.60613 2.385933 2.280544 1.1418
1.547583 2.400042 -1.643249 2.005907 1.727677
-2.052216 -1.913678 2.248089 -1.838179 -1.451147
-1.855942 1.927129 2.285426 -1.940806 -2.514197
0.892811 1.356197 1.272728 2.332716 1.110035
0.8427761 -1.646796 1.066786 1.112369 1.19277
1.224975 1.535728 1.57457 1.487617 1.155638
1.051904 1.400693 0.7481879 0.8773366 1.497858
1.189369 1.050917 1.314078 1.118195 -1.899913
-1.632062 -1.3888 -1.175032 -1.468445 -1.236835
-1.662141 -0.8832717 -2.06593 -1.703456 -1.612184
-1.35864 -1.158471 -1.22644 -1.837805 -1.242598
-1.524259 -1.626135 -1.193696 -1.011229 -1.376424
-1.980337 -1.280815 -1.300114 -1.240944 -1.415248
-1.913833 -0.9967847 -0.7302184 -1.74128 -3.663027
-1.610281 -2.02954 -1.898407 -1.312454 -1.018172
-1.715266 -1.146533 1.183633 -1.055026 -1.690092
-1.03553 -1.876666 -1.179383 0.9775742 -1.259385
1.205859 1.066 1.147213 1.048511 -1.228744
1.101568 1.100023 0.9593917 1.078565 1.212366
1.173885 0.7772732 1.026364 1.755964 1.559848
0.9151675 -2.60613 -0.9297508 -1.43439 1.354949
-1.060863 -1.575888 -1.796692 -1.011229 -1.180142
-1.899991 -0.930712 -1.154653 -1.232111
