1.516404 1.229404 1.427367 1.680627 1.25553
2.059922 1.045568 1.132974 1.600135 1.076127
1.201437 1.355157 1.688028 1.233456 1.143214
1.546099 1.310162 0.9949167 1.485994 1.257365
1.012791 1.208774 1.776922 1.172105 1.021124
1.513614 1.484843 0.9545456 1.38382 1.642495
1.285835 1.822425 1.728115 2.059922 2.078952
-1.348442 1.367281 -1.470853 -1.811545 -1.750316
1.971482 -1.968016 -2.095833 -1.598697 -1.427792
1.323295 1.246185 1.196527 1.88925 1.537416
1.268072 1.915962 1.485439 1.330452 1.827241
1.123932 1.421203 -1.375869 -1.263214 -1.889401
-1.83701 -1.870593 -1.299785
