3.104411 1.701354 1.432468 2.601964 1.922366
-2.256968 2.423978 2.338428 1.609072 2.537432
2.205129 2.161409 2.070037 2.518833 2.629079
1.928493 1.980662 1.613302 2.803942 2.933032
1.769874 1.902618 -2.156514 2.090466 2.089841
2.050416 -2.109357 -2.03245 -1.376636 3.104411
-2.063574 -1.71271 -1.173878 -2.190828 -2.934256
-2.934256 1.365444 1.761059 1.908683 1.530707
1.682263 -1.987137 2.448255 2.009977 1.531251
1.186643 1.399066 1.671733 2.085373 1.835102
-1.740152 1.612473 2.391795 1.459063 1.116008
1.943523 -1.583936 2.053009 1.620964 2.079327
2.31183 1.349089 1.509211 1.511328 1.691735
1.492807 1.775891 1.638147 -1.942448 -0.8717405
-2.109357 -1.085039 -2.03245 -2.587898 -1.787435
-1.726735 -0.3957744 -1.192631 0.2820004 1.923119
-1.969959 -1.9344 -1.9344 -2.156514 -2.934256
-2.079931 -1.813012 -2.677926 -2.677926 0.2493964
