2.252181 1.599577 1.436122 0.8605793 1.520987
1.923809 1.759303 2.526234 1.35291 1.227239
2.137316 2.014993 2.153909 1.747878 1.011524
1.799688 2.089143 2.206638 2.114788 2.350013
1.220758 1.318589 2.329237 1.462774 1.299367
1.273877 1.216537 2.138297 1.532877 1.567795
1.774021 2.177311 1.142443 1.303679 2.13265
-1.085927 1.832528 2.249203 1.898666 1.387706
2.07981 1.388265 2.656879 1.183804 1.597202
-1.998619 1.718414 1.412963 2.123355 3.206131
1.416335 1.413355 1.241869 1.812862 1.718042
2.165547 1.81377 1.873235 1.847531 1.457752
1.678988 1.807049 2.276469 2.688175 1.384482
1.980261 1.734726 2.5051 0.8605793 2.544934
1.769162 1.609552 3.436708 2.107077 1.202178
2.077019 -2.030443 -4.479855 -2.421878 1.91274
-7.784296 -1.551834 0.8954399 1.01146 -2.700869
1.997746 1.937314 1.245606 -1.734726 1.845914
1.34224 1.193927 1.550409 1.84256 1.352868
1.514546 2.14658 1.734771 2.05035 -1.961317
1.993222 1.529875 1.471781 1.361204 2.157938
1.355013 1.358777 2.594446 1.493107 1.304831
1.846345 1.411127 2.744 1.59364 1.609879
1.668968 1.812685 1.694958 1.893262 2.175276
1.22911 -1.315038 -1.219592 -1.202178 2.077019
-0.9670235 -1.105151 1.183804 1.889081 1.241643
