2.502162 0.8285815 2.18592 1.198389 1.5912
2.488919 1.702653 -2.12764 1.567834 1.592445
-2.203219 -2.779811 1.221077 -1.293285 1.189523
1.838064 1.231713 1.186751 1.350949 1.282693
1.322497 1.27993 1.224539 1.19045 1.148108
1.406243 1.474899 1.512596 1.389319 1.958304
-1.348871 1.941859 1.400513 1.177602 1.203845
1.361426 1.435653 -1.579354 1.435889 1.266582
-1.280848 1.065883 1.746276 1.294744 1.37724
1.407993 1.177602 1.689025 -1.651619 -2.47932
0.9616441 1.445102 1.52526 -1.953465 1.208362
1.622153 1.295888 1.870467 1.802718 1.791938
1.494363 1.456139 1.318376 1.227508 1.081439
1.587383 1.520244 1.462308 1.643544 1.328304
1.643218 1.452101 1.564018 -1.893097 1.596637
1.220965 1.311942 1.644427 -1.8186 -1.647527
-1.398865 -1.364654 -2.250962 -1.309889 1.553734
1.153643 -1.648756 1.198577 -1.375774 2.186628
