-2.212689 -2.227754 2.053783 2.160852 -2.905906
2.500708 3.551163 2.649621 2.864695 -1.775192
-2.450494 1.745585 1.349333 1.4691 2.137067
1.549381 1.466006 2.081692 2.250994 2.390066
1.383763 1.49185 1.641659 1.481873 1.383664
1.242763 1.784955 1.670361 0.9906646 1.974876
2.412991 1.482816 1.895459 -2.630788 -1.496711
-1.957544 -1.247063 -1.893255 1.65067 -1.32051
-1.311577 -1.310333 -2.590244 -1.262041 -1.467238
-1.862857 -1.608808 -1.843771 2.386336 2.672824
2.672824 -1.16969 1.478251 -1.734413 1.853628
-2.0614 -2.125196 -1.306382 -2.094532 1.527293
-2.098707 2.639316 2.260004 -2.023063
