1.464292 1.043852 1.379502 -3.109444 -1.327763
-2.069021 1.111127 -1.352644 -1.190477 1.133146
2.015949 2.872121 1.407494 -1.715091 -1.403951
-1.905317 1.114515 1.464292 1.146163 -1.489859
-1.119314 -1.778795 2.484633 -1.538978 1.311007
2.302695 2.320419 -1.746212 -1.741172 -1.23357
2.11091 -2.625494 -1.243655 1.771984 0.8562214
1.381252 -2.180002 0.8704871 1.38667 1.150801
1.270051 1.021846 -1.817483 2.389399 1.506775
-1.08533 1.226974 -1.770211 -1.149328 -1.652888
0.9824077 -1.178423 1.501671 1.180219 1.313555
1.465587 2.484633 1.111127 -1.063937 -1.376037
-0.9522883 -1.142303 -1.761638 1.058117 -2.186312
-1.715151 0.9454982 -1.750922 -1.416762 -1.905317
-0.9659249 -2.625494 -1.185539 -2.108445
