2.770349 2.476514 2.240409 2.351562 2.097613
2.602757 2.11792 2.606863 2.090545 -2.150991
1.738539 1.726644 1.73548 1.187698 1.456877
1.907789 1.669821 1.430835 2.899662 1.714742
-1.045396 1.869997 2.90979 1.571994 1.235533
1.512197 1.850901 2.638094 2.152593 2.294021
2.133668 1.435131 2.199964 1.631866 2.07272
1.469721 1.558256 1.631564 -2.810301 1.583122
2.025647 1.940058 1.736624 -2.069136 1.678536
2.77886 -1.310294 1.943993 1.760588 2.12471
-1.759088 2.047442 1.305613 1.920321 1.925114
2.304739 1.308172 2.171004 2.638094 -2.571541
1.951372 1.518761 1.736624 2.067762 2.067762
1.928269 1.76956 1.76956 -1.795628 1.896397
