2.282867 2.65568 2.164228 -2.180969 1.255046
-1.813495 -2.494471 -1.868514 1.555349 -1.634466
2.041663 2.146445 4.482245 2.328429 1.981017
2.386152 2.202661 2.230932 2.347273 -2.023071
2.298232 2.480721 2.38224 2.4207 1.664111
1.842873 1.666415 1.550674 1.946276 1.974164
2.068967 2.26536 2.160738 1.953208 1.990096
1.644926 -2.168264 1.501023 -1.658075 1.917663
1.644164 2.366689 -2.31414 3.100801 1.976925
-2.526897 2.373391 2.139078 1.737435 2.15223
2.133222 2.108159 1.766978 2.209146 -2.493985
2.508407 2.083639 1.88652 1.562002 1.902293
-2.376123 -1.462986 -2.088373 -1.414402 -1.511885
-2.290992 -2.083403 -2.050622 2.368685 -1.309532
-1.523047 -2.056612 2.296902 -1.445974 -1.919803
-2.244696 -1.80541 -2.073477 -2.511054 2.286273
-2.355347 -1.717032 1.972378 -0.5869615 -1.346679
-2.383121 -2.383121 -2.022299 -1.877666 -1.317778
-1.362734 -1.214348 -2.153218 2.236768 -2.133222
-1.549077 -0.9882719 -1.429067 -1.631998 1.71488
-1.234143 1.386633 1.424309 1.713497 2.315507
4.634309 1.548707 1.570342 1.671808 1.72368
1.745281 1.441823 1.710458 2.429213 2.256095
1.939637 1.77194 2.405453 1.789202 1.804718
-3.276713 2.157203 1.9348 1.696993 -1.801737
2.054486 2.251874 1.974164 1.574202 1.89589
2.059791 -2.334835 1.13779 2.307589 2.082666
2.463143 2.317336 2.581871 1.198682 4.727127
1.768367 -1.7817 1.706674 1.460579 2.669076
2.050484 1.973586 1.735611 1.647345 -2.230382
2.1634 2.16118 1.728613 1.682399 1.968158
1.371834 1.79581 1.993599 -2.232131 1.875079
1.764649 1.456323 2.031879 2.335411 1.856476
1.926618 1.866273 -2.041663 -1.821885 -1.098583
-1.389743 -1.424309 -1.281265 -2.27563 -1.316915
-0.8963974 -2.088373 -1.570342 -2.003588 -1.511885
1.710458 -2.148452 -1.890253 -2.230932 -1.235762
-1.092395 -1.244836 -1.859905 -1.277546 1.303104
-1.786929 -1.829772 -1.787341 -2.350679 -1.334747
-1.334747 -2.168977 -4.261191 -1.362766 -1.379249
2.20514 -1.475253 -1.566476 -2.611162 -1.756937
-2.157299 -1.264725 -1.230336 -1.178597 -1.372802
-1.006599 -2.337671 -2.001407 -1.503793 -1.973586
-1.342451 -1.728292 -2.31414 -1.36955 -1.41763
-1.155822 -2.153218 -2.373391 -2.24621 -2.050948
-1.277386 -2.133222 -2.364001 -2.220909 -1.416723
-1.295449 -2.256646 2.256646 -1.365862 -1.319134
-1.681113 -0.9096768 -1.550548 -1.234143 -2.214475
-1.295144 -1.541318 1.986831 1.225037 1.60305
2.053967 1.332773 1.360457 1.188642 1.620536
1.322448 1.157611 2.276267 2.014573 1.812448
2.580561 1.386537 -1.275113 1.6808 1.821169
2.167532 1.994094 1.373497 1.994217 1.374201
2.417471 1.585807 2.592143 1.050176 0
1.929795 1.59833 1.759385 -1.491787 1.356077
1.565429 -2.004276 1.431707 1.320283 1.720275
1.758997 1.444918 1.640129 1.32651 1.274668
1.336912 2.51376 1.824564 1.356417 1.489648
1.574757 1.570744 1.914237 1.302466 1.205123
1.243552 2.285246 1.721746 1.107731 2.710336
1.792534 1.767687 -2.166553 1.974999 2.23404
1.800129 2.0706 1.924506 1.898923 2.01476
2.060519 1.97008 1.690158 1.144865 1.383516
1.311572 2.750155 1.408251 1.154516 1.567667
1.214766 1.568346 1.282349 2.30236 -1.386633
-1.281265 -2.493685 -0.9751168 -1.635715 -2.313076
-1.904855 -2.196246 1.157611 -2.201478 -1.496999
1.745281 1.441823 -1.062636 -1.941703 -1.082954
-1.305927 -2.151161 -1.569784 3.276713 -1.59833
-1.099901 -0.8405522 -1.146143 -1.933238 1.974164
-2.068967 -1.06499 -4.261191 -1.408425 1.061061
1.13779 -2.307589 -2.307589 -1.91574 -1.112396
-1.146297 -0.5869615 1.991867 -1.395544 -1.570744
-1.52278 -1.703664 -2.489261 1.942123 -1.006599
-2.138252 -1.647345 -1.274777 1.634487 1.747319
-1.371153 -1.020314 1.603564 -2.748544 -1.263971
-2.547348 -1.242284 -1.320051 -1.440232 -1.260925
1.003022 -1.025717 1.058166 -1.102952 -1.353584
-1.353715 -0.9524544 -1.510892 -1.144485 -1.144485
1.058166
