2.068603 1.625071 1.490024 4.606142 2.248123
1.602826 1.757786 1.758048 1.787674 1.608847
1.99872 1.826044 2.052526 1.858535 1.98449
1.794153 2.074633 1.621966 -1.082689 1.869024
1.637833 1.714279 1.428129 1.96963 2.087068
1.996033 2.007991 1.478058 2.234014 2.056414
1.858694 1.827517 1.762639 1.815243 1.928349
2.092085 1.672751 1.638189 1.657973 -1.689498
-0.276875 0.5697046 -0.6345711 -1.001252 1.787674
1.84626 -1.93044 1.284646 1.811104 1.901382
1.556321 -1.161595 -0.542652 0.8288021 -1.351651
1.318774 -0.2177761 -1.082689 1.624152 1.844312
-0.7520461 2.048198 -1.679246 2.251173 -1.43782
-1.43782 -1.10326 1.83264 -0.1669144 -0.1756574
-0.1992676 0.944155 2.121088 1.485092 1.447935
1.447935 -0.7528413 -1.928349 -0.7925316 -1.437468
-1.087231 -0.1353868 -1.236802 -1.909639 -1.03352
2.457264
