2.911845 2.574423 1.94219 -2.899025 2.221627
2.515887 2.744576 2.702671 2.223515 -2.253728
1.98635 2.31278 2.998941 2.231323 2.502601
2.10976 2.221627 2.006654 2.3264 2.133415
1.736042 2.252682 1.363792 1.509162 2.179951
1.950809 1.995948 1.393455 1.926679 1.198119
1.893396 -1.926198 2.022537 1.982876 1.847637
1.347436 2.004287 1.531764 1.769151 2.042441
-1.078138 -1.643956 -0.1504605 -1.052396 1.092045
1.304137 -1.465147 1.516882 2.05638 1.948946
1.301402 -1.449728 1.880916 1.876781 2.377538
1.76396 1.277245 -2.290733 1.191151 1.639475
1.201776 0.5813829 1.879581 -1.168366 1.524325
1.126145 1.230097 1.555579 1.58217 -0.9976685
2.793086 1.612615 2.050411 1.102006 -1.520142
1.809598 1.700667 1.742066 1.478511 8.836874
2.421913 1.889208 1.735074 1.008034 -0.5701869
-0.2359125 -1.750622 -1.640891 2.608718 -1.91992
-1.486014 -1.544803 -1.203329 2.112669 0.554902
0.8246516 -0.4801367 -1.004862 -0.2913594 -0.5682453
-0.340637 -2.008286 2.136503 0.2711108 -0.9664202
1.735074 -1.905642 -0.4544795 -0.2774974 0.9688585
-1.697305 -1.238253 0.8519548 -1.840447 -1.174186
0.8977212 0.8977212 -0.3365733 1.421873 0.296802
1.295498 1.387455 0.7963606 -1.129717 0.682369
0.8531343 1.61041 3.154875 -1.530887 1.058474
1.958267 -0.7765171 -2.220098 -0.3550366 -1.262679
-0.9968733 0.7089279 1.801953 -0.9902147 0.555839
-1.05808 0.4579066 0.379102 -0.8177614 0.6215124
1.434259 0.8289112 -1.593614 1.652157 1.371932
-0.8853507 1.299166 0.8034034 0.3204014 0.7742104
1.213559 0.6998299 -0.2938253 0.5918077 1.383655
0.2080462 0.3497608 -0.4296667 -0.7202259 1.211249
1.616905 1.577349 -1.48091 -1.119032 -0.3358973
-0.3309978 -0.4215134 1.263749 -0.5657141 1.198119
-0.9105946 -0.4309185 -0.8725164 0.9839333 -2.038419
