-2.379799 2.252757 -2.907084 2.285216 2.312277
5.337616 -2.195262 2.124968 2.603352 2.978968
-2.591281 -2.488038 2.348378 -2.3892 2.343908
2.524798 2.576025 2.267471 2.572693 -2.614815
2.424481 2.446997 2.555962 -2.330845 -2.336835
2.616633 -2.712848 -2.514827 2.524798 1.961096
2.578015 2.253669 2.118248 -2.611264 2.431577
2.392548 2.203076 -2.494428 2.562023 2.491988
2.346824 -2.67128 2.057453 2.554258 2.771917
2.291079 2.119825 -0.5989098 -2.280197 -2.255621
-0.3930718 1.407343 -1.86237 -2.647685 -2.591281
2.324377 2.17456 2.348378 -1.677773 0.6328223
-0.5392046 2.572693 -2.158529 -0.9699133
