2.660218 5.263355 2.974143 2.990669 3.064709
2.862808 2.483235 5.335216 2.380575 2.437673
2.567254 2.440177 2.412106 2.465224 2.583585
2.64348 2.773415 2.720677 3.103547 2.59896
2.437907 2.68501 2.651584 2.927523 2.576314
2.418389 2.868537 2.891506 2.791191 5.551518
2.518919 2.390717 2.921052 2.476251 2.674278
2.680153 2.714462 2.38096 2.522868 2.765438
2.577584 3.057579 2.784263 2.48132 2.677056
2.690985 2.394193 2.385284 2.408602 2.186854
2.226784 2.397852 2.399793 2.214163 2.201073
2.494871 2.293411 2.889751 2.379213 2.733316
2.287831 2.848812 2.51163 2.695735 2.035587
2.325424 2.340801 2.267402 2.528567 2.514354
3.09813 2.573994 2.808282 2.445898 2.975931
2.559046 2.326816 2.760859 2.61817 2.527409
2.467071 2.328964 2.847379 2.231606 2.330451
2.690781 4.13783 2.568884 2.527781 2.801924
2.433251 2.855401 2.806349 2.741254 2.379651
2.521933 2.465236 2.684064 2.282298 2.62773
2.206658 2.478099 2.509131 2.200803 3.173863
2.412106 2.248916 1.99915 2.821909 2.335562
2.362353 2.022438 9.015716 2.046466 1.878727
1.99655 2.478099
