2.766607 2.731786 2.572049 2.37678 2.748234
2.911813 2.818133 2.553231 2.759566 2.504132
2.692883 -2.791241 2.691494 2.523498 2.521664
2.452105 2.690356 4.623037 3.000018 2.921261
2.813125 2.386652 2.545381 2.655175 2.818139
2.339142 2.22211 2.432268 2.634775 2.412795
2.614949 2.714866 2.607653 2.716911 2.291663
2.418566 2.909039 2.586484 2.277694 2.344278
2.200162 2.894482 2.063121 2.481456 2.09123
2.271947 2.53427 2.687891 2.428306 2.505336
2.386231 3.529284 2.491536 2.630934 2.985849
2.22416 2.276077 2.867705 2.413038 2.722987
2.653929 3.084761 2.007842 2.596058 2.43284
2.460565 2.443281 2.498474 2.380485 2.181134
2.38772 2.702152 2.527848 2.461347 2.811294
2.201592 2.588381 2.34764 -2.496024 2.882186
2.264289 -2.547539 1.675952 -2.85 -2.872502
-2.509453 -2.693408 1.67123 1.86536 2.496423
1.909773 2.071004 2.588973 1.77992 1.738744
2.190608 2.067215 2.190808 2.339572 2.294425
2.334602 2.413277 2.701867 2.172385 2.755019
2.227676 -2.337755 2.482363 2.402867 2.43459
2.448075 2.3791 2.143618 2.008599 1.805009
2.174538 2.259085 -1.953305 1.954243 2.451413
2.175911 2.002938 2.074332 2.837771 2.572265
1.769594 1.81716 2.783689 1.591996 2.261499
1.518119 2.431247 2.148008 2.131249 1.786641
1.989263 2.143185 2.579097 2.245175 2.481096
2.521674 3.578535 2.411424 2.547315 1.875174
2.160945 2.502585 2.616128 2.184255 -2.204904
2.050091 1.695706 2.551141 2.452928 2.310082
2.019112 2.376151 2.721506 1.923048 1.520515
2.685119 1.872058 2.414899 1.787971 1.718419
-2.708521 2.255071 -2.444199 1.817414 2.3791
2.227854 1.426576 2.451761 2.653929 -2.653929
-2.407973 2.443281 1.45375 2.721506 2.38772
-1.534034 -2.164499 1.489013 1.522323 2.179171
1.409581 1.84664 1.488344 1.387213 2.527398
1.283791 1.58096 1.537258 1.41802 1.147384
1.471669 2.26963 1.814028 2.620694 1.827075
1.027372 1.217434 1.419874 2.088346 1.205582
2.238545 1.106617 1.957364 1.854385 1.397506
2.17679 1.730442 1.605003 -1.412006 1.775677
0.9724291 1.825552 2.194864 2.321988 1.533594
2.612154 1.281569 1.757738 1.875186 2.435401
1.982458 1.129851 1.229582 1.941148 2.200959
1.409041 1.476813 2.371953 2.442858 2.434558
1.03462 1.670712 1.576626 1.953131 1.13292
1.576064 0.9938733 1.225761 2.458573 2.423849
1.914979 2.028939 2.437789 1.347076 1.739194
1.892769 2.41767 1.385464 1.30078 1.688962
1.918394 1.549142 1.572189 2.699594 1.948737
2.061361 -2.479628 1.635783 0.8916899 1.075789
2.14153 1.388312 1.064912 1.860774 1.117722
1.615494 2.681649 1.115858 2.657651 1.143976
1.550576 1.736095 1.390515 1.525045 1.074897
1.897399 1.578445 1.041898 1.780314 2.590689
1.900136 1.438143 1.409101 2.114757 2.408998
2.257861 1.261759 2.614949 1.284121 1.984018
2.059144 1.638455 1.045426 1.616537 1.537356
2.774793 1.561977 2.547848 1.706554 2.598489
1.132254 2.100243 1.804152 2.010074 1.393233
1.762793 1.826452 1.744006 1.575124 1.049358
1.086169 1.052358 1.907866 1.23012 1.014796
1.647067 1.746934 1.491211 3.019006 1.994377
-1.524658 -1.458817 1.452044 1.535564 -1.215097
-1.488344 1.412115 1.88272 -2.294425 2.58173
2.496024 -3.078678 -1.582517 1.879419 1.227693
1.817414 -2.399998 1.430326 1.034005 1.749091
-1.302205 -1.400991 2.036114 1.884596 -1.416857
-1.106363 2.353601 2.100097 -1.4037 1.442245
1.442245 -1.332657 -2.131249 -1.786641 2.193837
1.877811 -1.234289 -1.930163 1.652875 1.188683
-1.266563 2.010074 -0.9027553 2.59551 2.59551
2.59551 1.262734 -2.816941 1.826308 1.580686
1.489013 1.227592 1.718419 1.597779 1.597779
1.22223 1.644592 1.696151 1.384899 1.362959
1.177992 1.89366 1.848603 1.451728 1.638277
1.536374 1.794394 1.554782 2.20011 1.132071
2.113725 1.285355 1.383218 1.774299 1.120587
1.386686 1.363486 1.347161 1.68344 1.154739
1.331209 1.349972 1.119275 2.777761 1.69881
1.33212 1.149824 1.350559 1.346354 2.749536
1.936842 1.649099 1.385103 1.475362 1.877516
0.9488001 1.537785 1.68707 2.06069 1.115672
1.64121 1.796292 1.544019 1.894524 2.378793
1.06781 1.936615 1.588147 1.738696 1.117318
1.690632 1.15775 1.278775 1.099577 2.320551
0.9292823 1.708523 1.233987 1.430504 1.16932
1.571728 1.467179 1.627445 2.439832 1.633187
1.44786 1.359433 1.386281 1.606317 1.039485
1.845524 1.224926 1.491022 1.835176 1.724398
1.797523 1.193987 1.390044 1.11173 1.284941
1.006117 1.322319 1.345945 1.774258 1.708672
1.62183 1.881493 1.420357 1.260478 1.137524
1.098149 1.881 1.728402 1.288158 0.9789386
2.010138 2.182699 1.063304 1.913467 1.934131
1.173951 1.770629 2.764529 1.491221 2.418734
2.254293 2.200274 1.38293 1.592688 2.276443
1.227291 1.265152 1.864538 1.594139 1.240739
1.430389 1.363866 1.097365 1.612085 1.570339
1.407072 1.31361 1.764592 1.295668 1.307185
1.189977 1.527373 1.513214 1.148999 1.464965
1.147384 1.283121 -1.53135 -2.326146 1.879419
1.363486 -2.04863 -2.399998 2.50757 1.430326
2.749536 2.38354 1.409041 1.409041 -1.476813
2.036114 -2.731358 1.493125 -1.964508 1.127937
-1.748036 1.550576 -1.041898 1.651214 1.984018
2.058923 -1.267083 -2.257422 1.540976 4.372756
2.020113 2.59551 1.615958 1.262734 2.702152
1.049358 2.487856 2.006535 1.31361 1.647067
-1.252703 1.333287 1.616948 -2.097621 1.597779
