2.306158 1.343115 1.156289 0.9071416 1.557937
1.719727 1.218413 1.346551 1.234755 2.159785
1.42544 1.693227 1.530007 -1.514511 1.677525
1.584174 1.20606 1.332215 1.510054 1.932947
1.229712 1.196663 1.360812 -1.624513 1.33415
-2.918333 -1.376702 -1.797056 -1.081351 -2.328799
1.32374 1.32374 1.74058 2.983025 -1.673914
1.785299 1.510604 1.240512 1.288978 0.969077
1.382221 1.006003 1.285798 1.025047 1.368876
1.123105 1.417256 1.518395 2.209037 1.521291
1.272533 1.173433 1.219969 1.142334 1.239276
1.079628 1.319575 1.11186 1.136119 1.356425
1.055131 0.9158758 1.406732 1.32374 1.13068
1.895442 1.263692 -1.523593 0.896762 1.32374
-1.392119 -1.008426 -1.756791
