2.792191 2.747058 2.639652 2.68953 2.312891
-2.646974 -2.728636 2.725577 -2.712401 -2.475336
3.053366 2.980097 2.763273 2.422597 2.487005
-2.442154 -2.7578 2.570194 2.566406 5.057305
2.45942 2.813453 2.80119 2.618551 2.39587
2.642553 2.542588 2.289947 -2.072687 2.747167
2.452948 2.14649 2.860772 2.41574 2.400892
2.575415 2.440709 2.675998 2.801491 2.976961
2.401519 2.71083 2.397355 2.558319 2.540263
2.617823 2.651742 2.482908 2.691568 2.641473
2.400892 -2.543723 -2.587536 -2.618551 -2.086338
-1.302219 -2.039852 -1.805073 -2.57062 2.662096
2.394326 2.175866 2.11344 2.697746 2.593449
1.969623 2.274712 2.513729 2.49727 2.989572
2.306278 2.507711 2.315673 2.191317 2.498099
2.730899 2.721752 2.353597 2.477161 2.258555
2.300646 -2.481262 2.41574 2.016267 -2.64411
-2.649706 -0.5706886 2.013629 2.262293
