1.746412 0.9359977 1.090931 2.051471 1.779954
1.076207 2.375436 1.979908 2.004495 2.688971
1.731934 2.881671 1.444049 2.162726 1.524541
1.013695 1.746412 0.8684816 1.071583 1.103554
1.027507 1.282629 1.845852 1.377881 0.8966755
1.168556 1.441431 0.9674831 1.611568 1.011512
1.154891 1.573763 1.424939 0.9334188 1.129794
1.332163 1.393354 0.845916 1.362733 1.060132
1.250749 1.140357 1.129366 1.421188 2.560659
1.359285 1.279973 1.626167 1.390354 1.562991
1.268392 1.231986 1.376915 1.56609 1.141989
1.280711 0.9408827 0.8548806 1.27121 1.599135
0.9658825 1.380681 0.9353241 1.691606 1.639029
1.179488 0.849334 0.9853753 1.874398 0.9310262
2.451603 0.9068196 1.154464 0.8191506 0.9690391
1.517706 0.8790463 1.803191 1.290717 2.255266
1.836436 1.415718 1.464268 1.145681 1.298286
1.657608 1.104534 1.621562 1.681871 0.9880221
1.045177 1.450708 1.954165 0.8047148 0.8047148
2.162726 2.162726 1.335597 2.016699 1.524541
1.035921 2.560659 3.298687 0.8698827 1.908649
1.454031 -1.596613 -0.9688984 1.101321 0.9804137
2.688971 1.561733 1.561733 1.743006 1.046404
1.358044 1.358044 2.221371 1.433855 1.358131
1.731934 2.881671 1.013695 1.917555 1.502082
1.456664 1.608409 1.776407 2.413355
