2.601392 2.332483 2.340908 2.464331 2.328294
-1.801937 2.234414 -2.224986 2.392026 1.795752
2.073934 2.387228 1.795981 2.064409 -2.747128
2.348275 1.604377 1.778977 1.598169 1.657822
2.303941 1.954991 1.864079 1.792843 2.136773
1.664706 1.675393 1.59105 1.825161 1.81172
1.974539 1.87471 1.586573 1.888354 2.287183
-1.580893 -2.360816 1.9381 2.353747 -2.065889
-1.694469 1.992036 1.439655 1.700686 1.607758
1.581105 1.459478 2.118583 1.534694 1.50294
1.446317 1.34561 1.602404 1.602404 1.646892
1.800185 1.184246 1.445603 1.619369 1.453326
1.983875 1.476205 1.502167 2.08373 1.375121
1.783483 1.64047 1.56636 1.680325 1.566936
1.602142 1.612256 1.68669 2.084674 1.72238
1.413701 1.258066 1.293875 1.632291 -2.572334
-1.888958 -1.626461 1.621784 -1.91685 -2.634436
-2.433815 -1.82351 -1.856115
