2.73817 2.61508 2.2415 1.920018 2.354331
2.312585 -2.31133 -2.339633 2.349799 -2.208773
2.118474 2.517881 2.150132 2.446217 2.32857
2.51574 1.683313 -1.92338 -2.148142 -2.180421
2.27011 4.646471 1.920848 2.402994 2.445339
2.356064 -2.141749 2.485889 1.891454 1.851017
2.518482 2.354083 2.289897 2.118474 -2.465904
1.117958 2.354083 -2.396901 4.701327 1.955441
2.420372 2.353153 2.156541 2.271135 -1.646251
2.390728 1.971741 2.553534 2.106818 1.868192
2.021709 2.5415 2.097668 2.186315 2.074696
2.135845 2.255332 -2.406662 2.149118 -2.784181
2.474215 2.009443 1.957958 2.607466 2.263988
1.945978 -2.299237 2.464875 2.353507 1.737309
1.301567 1.617568 1.740632 1.663751 1.69366
2.559596 2.2635 1.563892 2.270691 2.246906
2.645548 1.326198 1.666081 2.251691 2.131553
1.990262 2.149839 1.313891 1.115942 1.619563
1.637342
