2.509791 2.827589 2.636229 2.439972 2.536459
2.519768 2.590415 2.787934 2.688649 2.856224
2.650848 2.926684 2.636229 2.355004 2.499072
2.278087 2.325138 2.501542 2.572016 2.756083
2.458926 2.229114 2.419564 2.618804 2.315859
2.446933 2.471074 2.481592 2.688479 2.642955
2.67183 1.67734 2.397007 2.172409 2.166698
1.973959 2.092674 2.671278 2.425443 2.63935
1.958507 1.955753 2.627514 2.528361 2.277402
2.423503 2.128491 2.141487 2.335974 2.690872
2.496627 2.42926 2.465989 2.116083 2.256664
1.999155 2.912131 2.577657 2.042177 1.790867
2.677889 2.47835 2.491532 2.263175 2.287536
2.177819 2.093391 2.630562 2.460422 2.37007
2.048545 2.058095 2.34483 2.787787 2.197564
2.077137 2.704399 2.356213 1.89832 2.476234
1.661912 2.400635 1.903974 2.887106 1.857073
1.924894 2.001489 2.137359 1.980035 2.121993
2.282971 2.297451 2.395438 2.571761 1.514326
2.115104 2.103185 1.705684 1.798177 1.653025
1.762519 1.453625 1.299234 2.251748 1.860381
1.493078 2.318669 2.225302 1.708466 2.046609
1.793334 2.214266 2.191295 1.723733 1.359364
2.652248 1.586011 1.10563 1.793092 1.453333
1.81391 1.325047 1.808827 1.848645 1.142898
1.533594 2.059277 1.817014 1.482037 2.15638
1.477444 2.534838 1.768017 1.450062 1.441158
1.664964 1.935601 2.216426 1.905376 1.738326
1.20233 1.665863 1.797031 1.422832 1.511284
1.268945 1.829366 1.621558 1.629909 1.919499
1.446434 1.353757 2.090005 2.191157 1.162901
1.253513 2.572734 1.607573 1.670616 1.249456
1.306362 1.391236 2.042177 2.042177 1.935601
1.52987 2.403971 1.923599
