-1.736297 1.553027 -1.729959 -2.567619 -1.778708
-2.133591 -1.431127 -2.857657 2.463185 -2.842416
-1.954758 -1.795444 -1.200206 -1.390598 -1.870468
0.8689607 -0.4362764 -1.64371 -0.5552015 -0.3579631
-0.3139449 -1.423373 -0.9885775 -1.242131 -1.129758
-1.895979 1.930495 1.959252 1.89642 2.238645
1.715103 -1.819318 1.689162 -1.924233 -1.490562
2.20943 1.779904 1.74483 -2.058079 -1.676839
1.738606 1.998559 -0.957214 2.238645 2.063779
-1.780849 -1.64696 -1.505109 -3.082951 -2.004697
-1.888803 -1.590278 -0.5552015 -1.916813 -1.467802
-0.3799365 -1.878582 -1.524687 -1.285901 -1.588471
-1.571182 1.28661 1.958972 1.447017 1.385495
1.247948 1.79902 1.825299 1.294713 2.620256
1.888803 1.126163 1.762475 1.939629 1.949051
2.0899 2.029578 1.987914 1.512314 1.475607
1.574671 1.461006 1.843163 2.340012 2.04359
1.376267 -1.99331 -1.571182 -1.571182 1.809562
-0.5479621 1.963548 -1.743386 -1.167384 -1.167384
-0.5681489 -0.6626879 -1.397767 -0.379407 1.121261
1.588131 -1.629077 -1.944708 -1.455724 -1.416039
-1.809098 1.714638
