2.543717 2.532075 -2.443459 -2.873683 2.690998
2.812936 2.894962 2.235598 2.724258 2.207992
2.295651 -2.978045 3.104498 1.976678 2.225834
2.280343 2.712543 -2.118024 2.749184 2.701881
3.166074 1.986936 -2.950241 2.483193 1.880915
-2.24663 -2.410608 -2.430755 1.823556 2.065385
1.696343 1.911139 1.707911 2.079198 1.866644
2.020794 2.625686 2.176015 2.092936 2.709974
2.674395 2.683077 2.35374 1.994532 -1.96268
-2.097676 -2.17944 -1.763327 1.683422 1.824055
2.671372 1.438229 1.587828 2.254763 1.613992
-2.342127 2.117025 1.876064 2.035572 1.821431
1.87238 2.59734 1.507362 1.910264 1.636023
1.62476 -1.936585 2.347851 2.101671 1.988387
2.249765 1.704725 1.683528 2.150492 1.717675
1.890472 2.010115 2.054724 1.628037 1.756696
1.839092 2.023954 2.176502 2.095507 -2.352853
-1.413641 1.873411 2.189288 -2.126069 1.374123
1.941481 -1.653007 1.890987 -2.040509 1.98084
1.621161 2.407672 1.695999 1.941893 1.454839
2.372724 -1.715722 2.310525 -1.996465 2.173269
1.721446 -1.993156 -1.787241 2.765098 1.853329
-2.021724 1.442244 -1.990846 -1.568632 1.460403
1.722813 1.966393 1.932509 2.173354 1.862996
-2.153941 -2.23429 -1.915568 -2.103078 1.730192
-1.413641 2.002802 2.683077 2.154851 -2.176306
1.826515 -2.156662 -2.060972 1.927649 1.034247
-1.995397 -1.4116 1.896239 1.88391 -0.7603501
-0.1687996 -1.360208 -1.915579 -2.854177 -1.642918
2.01973
