-2.766712 2.6696 -3.02807 2.669705 -2.312975
2.686913 2.579807 -2.534863 2.834445 2.898952
-2.526168 -2.48603 -2.088085 -2.791765 -2.534863
-2.400775 -2.706251 2.785941 2.641706 -2.609378
-2.581911 2.372512 -2.629132 -2.052861 -2.791765
-2.85887 -1.081839 -2.331435 5.465991 2.27808
2.710835 -2.586827 2.962286 2.426375 -2.609378
-2.841133 2.658315 2.777852 2.671547 2.888915
2.419215 2.300985 2.630638 2.518868 -2.641583
-2.486571 -2.380432 -2.380432 -1.177421 -0.5663229
-2.631023 -2.240963 2.766041 -2.170531 -1.697765
-2.39376 -2.728264 -2.318396 2.651286 -2.527251
-2.581723 2.66567 2.68446 -2.342598 2.853127
2.297897 2.752243 -2.687842 -2.05022 -2.164225
2.878674 2.723818 2.6458 2.48536 -2.347591
2.66567 -2.722066 -2.170531 2.777852 -1.6235
-1.933576 1.697765 -0.5269212 -1.715805 -2.42982
2.850747 1.799385 2.129385 1.681072 2.848754
-2.685564 2.903061 2.575541 -2.2187 3.019634
2.263052 2.529779 2.373168 -2.548191 -2.936014
-2.337744 -1.42175 -1.853159 -2.244588 2.777852
-1.919718 -2.264593 -2.102873 -0.6505441 -2.172337
-1.449382 1.830943 -2.073015
