3.037945 2.404286 2.633026 2.715627 2.248895
2.16015 2.582085 2.065197 2.705367 1.966047
2.35459 2.380554 1.935499 2.406416 2.100895
2.762995 -2.120245 2.270965 4.573448 2.699509
2.378137 -2.332046 -2.613223 1.600497 1.813619
1.824894 1.664316 2.076295 2.060624 2.032705
2.612502 1.998088 2.303001 2.215662 1.735292
1.533971 1.739466 1.677719 1.410519 1.601554
1.899496 1.499471 1.454415 1.711041 2.699509
1.607612 1.563727 2.344707 2.783903 2.047401
2.348496 2.155783 2.550366 1.630401 2.428797
1.438685 1.569409 1.420485 -1.763627 -1.896869
-1.692941 2.215662 1.305303 -2.395908 -1.815884
-4.573448 1.819175 2.225488 -1.815703 -1.434831
1.498983 -1.679055 1.3088 -1.882695 -1.834369
-1.834369 -1.423151 1.516858 1.683004 2.152213
2.2861 1.867637 2.110996 2.094147 2.402671
2.302983 2.198742 1.758788 2.095644 1.728168
1.741533 2.563989 1.59063 1.554834 1.869672
2.0932 1.825469 1.665301 1.952936 1.683257
1.628459 2.078606 2.960375 1.907724 2.069072
-2.951284 1.518299 -1.419643 2.152213 -1.490638
-1.538811 1.312423 -2.16015 -1.711337 -1.991156
-1.514066 2.37685 -2.001076 1.576422 2.915955
1.395357 -1.509971 -2.024097 1.349974
