-3.349374 2.167981 0.7343171 2.2761 2.508583
1.787761 -1.753897 1.760928 2.265459 2.243699
1.877118 1.828876 1.855644 1.78403 1.922896
2.471215 2.04943 -1.713336 -2.329049 -3.071467
-2.397689 -2.064384 -1.591618 -1.907033 -3.135756
1.965603 1.725453 1.49751 1.401261 1.408988
1.564783 1.466828 1.170555 2.165853 1.360326
1.590946 1.2568 1.427012 2.618548 1.800024
1.282052 1.55588 1.384699 1.592727 1.43375
1.254176 1.415094 1.850031 2.433761 1.633345
1.37502 -1.80513 -1.372959 1.672156 -1.610623
-1.736367 -2.129384 1.469453 -1.658076 -1.327877
1.467838 -1.454324 -1.110723 1.448675 -1.887149
1.88961 2.455878 3.885822 1.652636 2.025442
1.606477 1.991658 -2.681384 1.800178 1.638481
2.044614 1.733534 1.612915 1.639373 1.981708
1.862782 1.624922 1.643335 1.972707 1.54662
1.781855 1.707105 1.844675 1.594143 1.923876
1.812959 1.70838 1.848272 1.656862 2.204305
1.68561 2.229864 1.991389 2.210334 1.783497
1.963778 1.592882 1.877723 1.722107 1.815894
1.583658 1.448902 1.789083 1.831841 1.867924
1.451075 1.89384 1.762746 1.609541 1.785105
1.564288 -2.082012 -2.307957 -1.547336 2.279718
1.702077 -1.760092 -1.472833 1.800178 -1.898557
1.55588 -1.661726 -2.352695 -1.477636 -1.254176
-2.061243 -1.507935 -2.065997 -2.018698 -1.619077
-1.760523 2.11987 1.270404 2.044977 -1.55999
1.488747 1.766352 -1.616488 -1.565895 -1.406444
