1.746712 2.049298 1.627171 1.636717 1.62467
2.079586 2.078898 1.65847 2.31134 2.40165
1.858673 1.961126 1.846678 2.248512 2.426583
2.208725 1.800085 2.317291 -1.99275 -1.734717
2.332678 -2.134092 1.956791 1.988364 1.745304
1.210172 1.379021 1.962527 1.461688 1.013076
2.220965 2.176018 2.423711 1.186083 1.434716
1.460772 1.941288 1.24119 1.568483 1.314777
1.498058 2.58834 2.472518 2.311123 2.019515
1.413613 1.808547 1.409295 2.627418 1.632327
1.617752 1.572872 2.08333 2.38837 1.804645
1.260494 1.681404 1.459054 1.053064 1.592552
-1.701505 -1.379021 1.62467 1.62467 -1.127871
0.994116 1.434716 -2.230702 2.31134 1.756853
-2.083209 -1.037177 1.92852 -2.057818 1.431926
1.240047 -1.047471 1.864281 2.487983 2.186408
2.072866 2.779823 1.804188 2.379323
