3.103479 2.412431 2.403209 2.743291 2.323925
2.365187 2.44769 2.405861 2.915875 2.626674
2.744527 2.661675 3.001102 2.480441 -2.322122
2.657997 2.418658 2.701362 2.449052 2.339441
2.48169 2.795575 5.287647 2.581986 -2.444693
2.414671 2.915332 2.597243 2.53941 2.389467
2.649605 2.345355 2.408782 2.500877 2.543287
2.659622 -2.84317 -2.42844 -1.188946 -2.296253
-0.5879134 -2.607602 -1.55027 -0.3529956 -1.301443
-2.757167 -2.458067 -2.566982 -2.672845 -1.890441
-2.235791 -1.03932 2.595611 2.384698 2.198295
2.678808 2.241936 2.507881 3.002718 -2.495714
-2.504315 2.755249 2.747846 2.45849 2.554235
2.257157 2.297056 2.467438 2.96729 2.628429
-1.562592 -2.376762 -2.389467 -2.170194 -2.228968
