3.228929 3.166488 2.882419 2.817926 2.64741
8.970346 2.36455 2.209791 1.71784 2.576827
2.499537 2.513487 2.457082 2.086659 2.170263
1.641688 1.964232 2.076274 1.94312 1.875486
2.701153 2.162814 2.219544 2.18764 2.049452
2.123935 -1.558954 -2.018802 -2.619936 -1.745386
1.995936 -3.003633 -1.737911 2.36455 1.841791
1.926398 1.663667 1.787644 1.754283 1.62078
1.748937 1.761578 1.616381 1.776765 2.030387
2.022898 1.996205 1.759229 1.928075 1.418694
1.629368 1.748905 2.005027 1.588845 1.606591
1.768813 1.359476 1.797302 1.367736 2.078753
1.730186 1.519955 1.915594 1.793268 2.315222
2.414544 1.68054 1.863286 1.364643 1.864892
1.846389 2.878913 1.597968 1.731679 1.80559
2.392574 2.006767 1.551358 -2.282011 1.412793
1.901274 1.725682 1.920598 2.002082 1.853245
2.638291 1.803309 2.681724 2.58203 2.094156
1.914774 3.143017 1.847329 2.152631 1.8924
1.894432 2.27615 1.529997 2.200944 1.783217
1.518815 1.70258 1.296476 1.91533 2.09852
1.981926 1.386441 1.642987 1.817215 2.142615
2.033248 1.59026 2.025848 2.067884 2.1202
1.666287 1.869447 1.825754 1.91053 1.666858
1.487917 -1.616537 2.833691 2.154245 2.123719
1.520837 1.635763 2.051134 1.881277 1.636299
1.704596 2.047236 1.845819 1.782142 2.379265
1.79884 1.866262 1.7253 2.132309 1.151763
1.613748 2.197414 2.039613 -1.368816 2.013683
2.345893 1.49293 1.633596 2.219054 2.18201
1.905814 2.76322 2.275847 1.606863 2.041636
1.857494 1.690519 1.896778 1.535102 1.486655
1.63593 2.537534 2.21349 1.862253 1.70507
2.06239 1.615389 1.737967 1.725925 2.042859
2.065097 2.316303 1.859585 -0.5707062 -2.028561
1.845536 1.894686 2.268576 -0.6809447 -1.616366
-1.83224 2.183773 -2.183773 1.744596 2.494086
1.80559 -2.123935 -1.297581 2.638291 0.9720831
2.509595 2.144892 -1.857664 -1.857664 -1.857664
2.27615 -0.4425895 1.91533 -1.230825 1.458973
1.29073 -0.7241715 -0.324124 1.704596 -0.4556345
-0.5162975 -1.625199 1.995936 1.995936 -1.079011
2.229244 2.039613 -2.057371 1.503884 -0.437934
-1.737911 -1.737911 2.078583 -2.039311 -2.010878
-0.4262743
