3.125719 2.8811 2.737842 2.815946 2.886151
2.551218 3.117419 2.80074 2.595251 2.577473
3.045028 2.552604 2.611772 -1.812338 2.883983
-2.443823 2.706752 2.524741 2.810107 2.466926
2.696679 2.532692 2.999727 2.761876 2.55214
2.755798 3.03619 2.574489 2.398234 2.79341
-2.739036 2.647074 2.7979 2.520249 2.460171
2.778611 3.084961 2.022565 5.363246 2.661891
2.515199 2.950535 2.68289 2.756589 2.589276
2.639534 2.763408 2.700674 2.789066 2.738815
-0.8850121 2.532692 2.92155 -1.840904 2.857345
2.703161 -2.665937 -2.515259 -2.209403 -2.174137
-2.674203 -0.3823819 -0.7504626 -2.469545 -2.444849
