2.136796 -2.15187 0.732785 1.616419 1.936882
1.747057 1.421094 1.863571 1.905064 1.608592
0.9780609 1.567178 1.312253 1.50668 1.037095
1.408445 1.011084 1.06116 1.114966 -1.963932
1.65588 1.680517 -1.770883 -1.177789 -1.177789
-3.142701 1.344658 -2.064849 -2.940893 1.179192
-1.179192 0.8798961 1.123585 1.428059 0.8976505
1.235015 1.415143 0.945586 1.041475 0.5754772
1.349059 0.8579466 1.188951 1.271625 0.7737982
1.622241 0.7523374 1.192095 0.8225327 1.130114
1.404387 1.136317 0.763102 0.9695042 0.6949518
0.7756125 1.216161 0.8341435 0.9271279 0.8014013
1.109197 0.8545104 1.30857 0.6122504 1.823414
1.409288 1.288307 0.9577413 1.056315 1.021403
0.9291033 1.060788 0.9710792 1.03859 1.519618
1.06116 1.06116 0.8959277 -1.594339 1.355478
1.409288
