1.991327 1.649922 1.627204 1.383706 1.382708
1.621983 1.849676 1.794779 2.158767 -1.682034
-2.174058 -3.46904 1.527954 -1.380904 1.328867
1.382708 1.806242 -1.74284 -2.786481 -1.5465
2.408402 1.407068 -1.535806 1.428858 0
1.434539 1.502978 1.502978 2.019239 1.991287
-1.787374 1.469797 1.980959 1.257854 1.481437
1.60034 1.195604 1.534899 1.209276 -1.633189
-1.494814 -1.494814 1.767089 -2.100995 -1.746945
1.473639 2.174048 2.009499 -1.425602 -1.561746
-1.869724 1.568088 -1.423605 -1.505715 -1.538534
-1.478759 -1.247945 -1.757756 -1.420411 -1.606571
-1.387381 1.412419 -1.479056 -1.518764 -2.011876
-1.444493 -1.733954 -1.451042 -1.202566 -1.618352
-1.716032 -2.686721 -1.364912 -1.314244 -1.786986
-1.540284 -1.554142 2.235701
