2.791737 3.019195 3.098904 2.215255 2.838219
2.426543 2.813145 2.992597 2.728933 -2.959371
2.69748 2.407251 2.226901 -2.684663 2.290829
-2.030395 -2.38401 -2.704817 -2.179329 1.894673
-1.724103 1.344817 1.369239 1.586011 1.810159
1.539891 1.81029 1.637342 -1.397219 1.566899
1.966496 2.443736 -2.311558 3.279796 -1.814379
-1.940888 2.683105 -1.805804 1.755645 1.205702
1.860355 2.090751 1.599052 1.597735 1.172386
1.079443 1.644592 1.25294 1.094521 1.422367
1.069714 1.230466 1.502321 1.381425 1.310196
1.427869 2.19346 1.472345 2.110039 1.266647
2.501592 1.045164 1.08566 1.320283 1.768473
1.384166 1.20387 2.231879 1.127773 1.798786
1.971403 2.304578 0.92906 1.313522 1.924782
1.054288 1.529154 1.116372 1.118107 1.067155
1.067155 1.419264 1.460465 2.37691 1.407238
1.266363 1.169569 1.121606 1.623719 1.360756
1.143331 1.726232 1.082898 1.250246 1.217909
1.198858 1.119627 1.478622 1.597786 1.314452
1.666326 1.979257 0.9990134 1.274371 1.339732
0.9878371 1.944088 1.647691 1.807672 1.296288
1.629827 1.875838 0.9988487 1.144034 2.325997
1.784681 0.9778411 1.068009 1.74998 1.14405
1.039664 1.642107 1.466491 1.496646 1.665447
1.083088 1.605834 1.155516 1.029821 1.283178
1.249064 1.212613 1.038091 2.381934 1.3895
-1.533633 -2.182675 1.360733 2.000131 1.437294
-2.704935 1.119627 1.566899 1.274371 2.443736
1.477832 1.210191 1.410428 1.492192 1.488851
1.392003 2.609623 1.655747 -2.076292 1.790005
1.705525 1.313574 2.470534 1.565885 2.554093
1.842622 2.002553 2.11435 1.5608 1.376123
1.440133 1.794273 2.324973 -2.448241 1.999006
2.056413 2.291294 1.419144 1.622909 -1.613924
1.637704 -2.036591 2.231879 1.924782 -1.796589
1.169569 1.930786 -1.707972 -1.648415 1.675279
-1.681373 -1.968903
