-1.149628 1.410634 1.849658 2.5268 1.55121
-1.586725 1.455722 1.911816 1.614427 1.963219
1.770838 2.194141 1.806173 1.779176 2.21144
1.95381 2.360438 1.48977 1.725594 1.824488
-1.857876 1.689829 1.994166 1.578254 -1.516499
1.143907 1.888667 1.663143 1.057887 1.347033
2.270104 2.582916 1.402586 0.9210683 2.445839
2.285433 1.083261 2.21144 1.966167 1.693546
0.1747145 1.928985 1.577501 2.548984 -1.705888
1.178497 0.9705028 -0.7252391 1.824874 1.411349
1.420927 1.869764 1.869764 1.47101 1.613575
1.613575 1.570864 0.2770775 1.469624 0.1904671
1.488198 0.827849 1.64242 -1.796728 1.129764
1.026962 0.7532114 1.085869 1.444693 0.2916117
1.370023 0.7179507 1.227988 1.239289 1.327278
0.3140746 1.387083 1.75283 0.4888173 1.551173
3.133382 0.7799617 1.524139 1.211443 1.977784
1.869698 1.154101 1.852458 1.524057 1.457755
1.839566 1.643455 -2.172152 0.3067588 1.230764
1.212318 0.7024899 1.031168 1.290464 1.204479
0.94981 0.5321625 1.808539 1.488853 0.7459791
1.968841 1.356313 1.426529 0.4191549 1.444065
1.727746 0.6886795 1.111286 1.137663 0.7745658
1.017202 0.2855397 0.3108019 1.38721 0.8257581
1.832392 1.53815 1.97648 1.598678 1.308309
0.7339341 1.13463 0.7553184 1.368006 1.165411
1.260757 0.3026477 1.854278 1.503534 0.3386313
1.299023 1.657993 1.163964 0.7794603 0.2787819
1.517113 1.310477 0.8886064 1.254444 1.011312
1.997108 1.225019 0.1758801 1.045799 1.554457
2.095929 0.7175022 0.3760723 1.109157 1.344347
1.562928 1.485308 1.831012 1.430047 1.605943
1.073618 1.757547 -1.489869 -1.27412 0.1612106
-0.3560581 0.4186536 1.242071 2.270104 2.172152
-0.2128811 -1.149628 1.945845 0.8550091 1.97648
1.97648 -0.4962405 -0.8270473 -0.941896 -2.121215
-1.550465 1.997108 -0.1515807 0.1791016
