3.193092 0.7662791 2.530065 1.155386 -2.030612
0.9904302 0.9441136 1.226768 1.096681 1.531323
1.12415 1.212804 -1.506443 0.8657866 1.402733
0.5001057 1.280861 1.320068 0.6929132 1.937107
0.9893022 0.9167648 1.087727 1.1339 1.245201
0.8773464 -1.13696 1.444132 0.8494553 0.9359998
0.6653318 1.589432 0.968465 0.8429063 0.818629
0.7420137 1.259771 1.005087 1.893349 1.249942
0.8010782 1.201102 1.764742 1.347969 1.236877
1.320829 0.6658733 1.526038 1.692719 0.906195
1.330174 0.9859417 0.8951442 0.6014224 0.7664559
1.695276 0.9974038 0.6150677 -1.420158 1.127549
1.522396 0.880248 0.8915749 1.227104 0.8986404
0.8329283 1.639883 0.7926636 0.6600131 1.457141
0.9806172 1.262779 0.9796485 -1.869056 0.5620346
-1.652082 -1.061482 1.601773 0.7862532 -1.398773
1.610114 0.6721377 0.677641 0.879856 -1.66708
1.2754 -2.452077 -0.8299163 0.8657866 -1.275911
-1.393164 1.258483 -1.389152 -1.019178 -0.6821898
-1.149469 -0.8600413 -1.082923 -1.484776 -1.175291
0.630333 -1.13696 0.7662791 -1.630643 -1.025592
1.217823 0.8177031 -2.425087 -1.747897 -1.232103
1.241857 -1.432738 -1.150522 -1.893349 -0.7427941
-1.380963 -1.398581 -1.713053 -0.5106386 -1.432242
1.478659 -1.749313 -0.8143952 0.7664559 1.44731
1.309762 0.814741 -1.273291 1.231457 0.7741932
1.094096 -1.230538 0.719237 0.7886928 -1.033557
-1.66537 -1.852502 1.023994 2.288524 0.8713052
-2.544499 -1.155806
