1.31315 1.373924 1.203495 1.377021 -0.6908887
1.905732 1.516579 1.569109 1.43776 1.576726
1.911653 1.750523 1.871329 1.986872 1.797282
1.905422 -1.416534 2.380699 1.8432 1.495548
1.784361 -3.20102 -2.321796 -1.884603 1.05302
1.10267 1.541111 -1.553201 0.6909793 0.7414349
0.6778919 0.9062536 0.8629197 1.164032 1.650816
0.8124748 1.340265 0.779494 0.9158958 0.8599038
1.062953 1.123886 1.329802 1.503244 1.182643
-1.254574 0.9243976 0.8594025 0.709487 1.208723
0.7577445 0.9362734 0.9873448 0.8409756 1.420538
0.8067533 0.8646267 1.362472 1.32866 1.800487
-0.8034697 -1.580071 -0.9132202 1.155638 1.199363
-2.005316 0.7371133 -1.101485 -0.6908887 -1.099586
-1.280632 1.206763 1.723095 -2.39365 1.295141
1.782734 -1.249227 1.24582 1.372139 0.834821
1.373673 0.6994011 -1.388964 1.139059 -1.20823
-1.495937
