3.071548 2.242989 -2.127839 2.510448 -2.730777
2.423161 2.209358 2.194351 2.475499 2.432587
2.660299 3.156918 -2.552715 2.905867 2.65675
2.211226 -2.52949 -2.322634 -2.624034 2.344835
-5.144733 -2.161377 2.294532 -3.384913 -2.295159
-2.348596 2.234612 2.228317 2.79956 2.278724
2.130308 -2.831549 -3.384913 1.941704 2.371087
1.75203 1.652373 2.375148 2.617169 -2.875898
2.199615 1.750499 -2.54997 -2.045768 1.795694
2.382639 -2.480464 -2.574701 -2.063687 -2.875898
1.879822 -2.434409 -1.942908 2.080334 -2.003572
-2.591299 -2.144196 -2.244773 -2.542163
