1.451122 1.406732 -2.060801 -1.302777 -1.260363
1.275457 -2.337672 1.382573 -2.292069 -1.769347
-2.082264 1.416769 1.162259 0.8621723 1.39543
1.264704 1.654903 1.022278 0.9639239 1.297785
1.124374 1.266938 1.198248 1.29203 1.263455
1.143547 0.9877129 1.172186 1.136085 1.174854
1.296017 0.9016828 1.111049 1.108788 1.066168
2.15199 0.999149 0.8676962 1.083198 1.094588
1.382573 1.062507 1.109469 1.151209 1.221179
0.9973954 -1.137353 1.340823 0.8621723 1.497743
-1.414178 0.9016828 1.25583 1.056065 1.382573
1.11405 -1.686599 -1.686599 1.256957
