2.795952 2.741642 2.84084 2.811168 2.304999
2.650753 5.001965 -2.088575 2.855205 2.521923
3.088511 2.811333 2.20684 2.286616 2.403341
2.342343 -2.336907 1.802171 -0.4130904 2.151217
-2.691914 2.534125 -0.2055778 -1.81691 -2.708381
-2.708381 2.000762 2.02355 2.420315 2.038776
2.055693 2.316293 -2.345649 -2.345152 2.290156
2.26884 2.946737 2.409605 2.624566 2.042561
2.168807 2.667273 2.039871 2.682846 1.871202
2.691914 2.237979 2.47118 2.071219 2.610606
3.985889 2.226936 2.331129 2.614334 2.316429
2.165403 2.204723 2.563095 2.391103 2.740409
2.063776 1.815333 -0.2464239 2.084176 2.588377
-1.667175 2.099928 -2.031686 -2.120741 1.680728
-0.5210555 -0.7223132 -2.691914 2.327469 -1.837957
1.908213 1.87794 1.801774 2.238414 2.668146
2.028069 1.963207 -2.255323 2.325 2.187926
2.29644 2.476769 2.812578 2.163427 2.43584
2.344193 1.978501 1.955085 1.916066 2.064683
2.480662 2.981686 1.691314 1.803057 1.921294
2.18618 2.146719 -2.226584 1.970924 2.039987
2.227707 2.22329 2.426222 2.099928 1.713623
2.143593 -1.577288 -1.941023 -1.269879 1.806749
2.60346 2.063776 -1.893339 1.976131 -2.294139
