-2.799508 -2.43489 -2.009445 -2.391969 5.214937
-2.188396 2.174464 2.800204 2.616616 2.725199
3.316393 2.834245 2.698895 -1.772801 -2.217578
2.368075 -2.255216 -1.636169 -2.087357 -2.973449
2.37883 -1.616125 2.647555 -1.9251 2.861114
-1.889307 -1.83827 -1.36993 -1.471652 -2.574351
-2.022152 1.983851 -2.282223 -2.313458 2.088025
2.307835 2.018046 2.481399 2.041546 2.861114
-2.47597 2.090092 2.307051 -1.758886 -1.941831
-1.94699 2.355541 3.316393 -2.313458 -2.186495
-2.794594 1.11732 2.861114 2.702003 -1.864407
-2.205812 1.582541 -1.713393 -1.725253 -1.946341
-1.247882 -2.206255 -2.206255 -2.45752 2.98353
1.733153 2.118804 1.541669 2.227964 1.592534
2.089273 2.499721 2.306369 2.369498 2.351128
1.90193 -1.864607 1.643765 2.524828 -1.709486
1.618962 2.650277 1.56738 2.193383 -1.926554
-1.639598 -1.087062 1.242054 0.8740228 -1.727595
-2.330209 1.31539 -1.172477 -2.098392 -1.966017
-1.278972 3.316393 -2.562728 2.408122 1.04593
-1.391724 -1.202572 -1.639008 -1.374713 -1.35308
-1.932077 -1.618896 -1.358428 -1.735208 -1.334377
-1.820872 -1.215683 -1.776236 -0.969329 1.061655
-1.782155 -2.186495 2.113874 -1.755478 -2.099673
-1.068933 1.068933 -1.383529 -1.953959 -1.520396
-2.32908 1.277398 -2.203981 -1.284762 -1.778101
-1.368236 -1.131027 -1.400822 -1.785987 -1.88144
-2.415398 -1.725253 -2.675464 -1.680217 -1.912382
-1.536971 -1.522087 1.75806 -1.598179 1.455881
0.97384 1.117318 1.220953 -2.503914 -2.503914
1.120689 1.097653 1.38102 1.666285 0.9661955
1.528544 1.159512 1.319952 1.025574 1.592189
0.9089441 1.044959 1.135506 0.7695367 -1.725188
1.233232 1.303202 0.868891 1.303279 0.9986376
0.9401584 -2.052788 -1.902514 1.25731 -1.119107
1.949796 -1.524507 -2.074212 -1.478319 -2.072402
-2.327869 -1.844758 -1.503405 1.102826 -2.747865
-1.113393 2.113874 -2.155469 -2.326402 -1.682915
-1.078868 -1.472706 4.417547 0.868891 -1.247882
0.9648417 1.551812 -2.331651 -1.201238 -1.701764
1.213134 -2.105083
