5.340567 2.59707 2.054789 2.480846 2.870438
2.607219 2.237311 1.757027 2.572055 1.829881
2.262635 2.224381 2.590345 1.955316 1.735955
1.816539 2.661984 2.184536 2.01286 2.374264
2.277586 2.349725 0.7698107 2.102455 1.913936
2.417752 1.943324 1.968168 1.80972 1.727541
1.770692 1.880851 1.704763 1.31789 1.302571
1.465854 1.355762 1.846291 2.013504 1.498527
1.975627 1.604503 1.096397 1.861712 1.421148
1.749889 1.77516 2.350187 1.388691 1.730029
1.652586 2.621856 2.628446 1.828497 1.544355
1.861835 2.051823 2.702672 2.140488 1.999872
2.010777 2.301439 1.486732 1.228563 1.423883
1.605143 2.032548 1.503943 1.925208 1.986134
1.723723 1.843329 1.81719 1.133851 2.115241
2.039866 1.743083 1.869686 2.045596 1.242666
2.081389 1.704666 1.067955 1.597636 1.892356
1.999608 2.453109 2.102455 2.487362 -2.417752
-2.245574 1.487006 -1.69877 -2.997015 2.997015
1.646164 1.734766 1.734766 1.889418 1.889418
2.374264 1.968168
