2.832528 2.873094 2.832528 2.050609 2.858944
2.212475 2.456758 2.68361 2.398322 -2.544935
-3.019946 -2.832528 2.157256 2.792198 2.792198
-2.858944 2.504318 2.244382 1.97328 -2.143569
1.715708 1.862257 2.036744 2.043508 2.496227
2.765066 2.535994 1.93922 2.205262 2.306913
2.006676 2.423974 1.678288 2.828847 1.846843
2.314054 2.517684 1.95082 2.356454 2.008619
-2.136616 2.641948 2.916055 1.775688 1.992043
1.808835 2.110141 1.81809 1.81603 1.735829
2.877119 1.813514 2.524437 2.440533 1.973134
2.233013 2.381286 2.319296 2.548292 2.15649
2.367316 2.018951 1.739202 -1.96103 2.292219
-2.777176 2.515896 3.019946 -2.494838 2.050609
2.141761 2.371313 2.252924 1.250643 1.250643
1.857842 -2.32394 1.196028 2.160335 2.038909
-1.528807 2.844221 2.844221 -2.120128 1.510545
1.521977 2.017004 1.020943 1.631847 2.152595
1.759965 2.00898 2.339818 1.917882 2.168393
2.330733 1.787181 1.266869 1.808385 1.780374
1.596312 1.788452 2.07402 1.879693 2.041872
1.42972 1.118969 2.24354 1.255567 2.339818
2.043508 2.290629 1.672309 1.472815 -1.353891
-1.480739 2.844221 1.521858 1.483025 1.378877
1.454979 1.407457 1.362414 1.131396 1.22505
1.623339 1.216533 1.12491 1.522867 1.039095
1.582023 0.8796903 1.132314 1.225984 1.241092
1.555692 0.9261195 1.51121 1.664073 1.329625
1.58971 1.494619 1.27039 1.104736 1.32681
1.48077 1.534071 1.643287 1.468958 1.312632
1.28891 1.301293 1.227241 1.465942 1.233468
1.711872 1.615541 1.129462 1.64186 1.239681
1.683464 1.118969 1.330972 1.338093 1.297157
-1.253203 1.024511 1.16831 -1.532061 1.370052
1.27039 1.482569 1.161827 2.636577 -1.106605
1.29518 1.29518 1.333994 1.427053 1.119447
1.686141 1.513214 1.788528 1.776398 -1.861031
-1.577535 1.22909
