2.3732 1.809131 1.73364 1.613041 2.110978
1.599229 1.744258 2.036428 1.742107 1.599882
1.739368 2.006711 1.867235 1.762226 1.490208
1.796595 1.344544 1.795936 1.918264 1.419662
1.498806 1.542371 1.824595 1.768684 1.820475
2.866073 1.566738 2.244263 1.713261 2.399279
1.171022 2.27997 1.403622 1.755428 1.903487
1.576068 1.577645 1.587867 2.063533 1.745639
2.095495 1.742269 1.768635 1.275614 1.377067
1.619798 1.589838 1.349751 2.043821 1.836581
1.766168 1.419215 1.590095 1.469934 2.061917
1.660187 1.119342 1.463262 2.061309 1.731853
1.888929 2.02189 1.398093 1.820172 2.241123
1.773581 1.604073 2.340675 1.135808 1.878542
2.214541 1.489245 1.617722 2.140176 1.222619
1.745122 1.898507 1.392748 1.934236 2.901191
1.46643 2.068651 1.844112 1.728273 2.027717
2.296669 1.592764 0.1478102 1.83908 1.528724
1.91213 1.774112 2.638221 2.181049 1.890642
1.18786 2.048365 2.996358 2.085518
