1.015072 1.860372 1.343646 2.051248 2.056804
1.859542 0.9774692 1.966378 1.724542 2.062255
0.9787899 2.090202 1.769289 1.525369 1.731665
1.850557 1.589704 1.336131 1.2992 2.058832
2.201224 1.318872 2.036422 1.213165 1.298712
1.471392 2.088788 1.586505 1.697743 1.637495
1.817926 2.415566 2.754963 1.57346 1.784079
1.284932 2.395642 1.313843 2.077409 1.6514
1.202692 1.561758 1.415013 4.166804 1.537049
1.25576 2.188175 2.989236 1.699811 0.9188489
1.077803 1.486015 1.345451 -1.832766 2.068196
2.728759 -1.121826 -1.701047 1.272392 -3.156862
-1.165777 -2.124166 1.219316 -1.99397 -1.220463
-1.283707 1.334353 1.344608 1.391949 1.182577
2.279199 -1.491233 1.040429 1.63586 -2.117726
1.796484 1.74486 1.447308 -2.232582 -1.518397
0.9461307 1.742312 1.359959 -1.763316 -1.164099
-1.459134 2.498576 1.655772 1.352319
