-1.056763 -1.940461 -1.86958 -1.711491 -2.29533
-1.892102 -1.541048 -1.818503 1.816715 1.558221
-1.425109 -1.700173 -2.525136 -1.511569 -1.614487
-1.463666 -1.830213 -1.717682 -1.50259 -1.613054
-1.162715 -1.800592 -1.53735 -2.110593 -1.779501
-1.702237 1.660726 -1.466756 -1.993667 1.37883
1.881227 -1.658045 1.867317 -1.513234 -1.534748
-1.73842 -1.642624 -1.706244 1.397805 -1.509034
1.521656 -1.722918 1.837196 -2.173298 1.223128
-1.638874 -1.260495 -1.84542 1.514529 -1.745203
1.685608 -1.764701 -1.502153 1.584045 1.617229
-1.548257 -1.369359 -1.527088 -1.551204 -1.530456
-1.900341 -1.411229 -1.768529 -2.286171 -1.585302
-1.809377 -1.728223 1.826291 -1.573607 -1.736679
-1.693414 -1.876604 -1.660701 -1.643599 -1.180684
-1.562385 -1.519011 -1.882529 -1.659004 -1.787646
-1.413698 -1.623005 -1.58008 -1.649041 -2.077067
-2.641314 -0.2890093 -1.622227 -1.723365 -0.1513753
-1.865178 -0.4204365 -0.2280597 -1.195433 -0.8611733
0.6842316 -1.818503 -2.18071 -1.370566 0.6561756
-0.9272129 -1.27925 -1.588514 -0.345378 -0.1869086
-1.601386 -0.4898167 -0.7487795 -1.702491 -2.019211
-1.741773 -1.54415 -1.730306 -1.95331 -1.056763
-0.2942486 -1.712222 -1.117445 -1.475877 -0.682033
-1.260495 -1.283911 -1.566721 -1.916959 -1.723744
-1.429499 -1.411229 -1.08833 -0.9024831 -1.376674
-2.2391 -1.252369 -1.363337 -1.363337 -1.79441
-0.7885864 -1.622431 -1.715167 -0.1732204 -1.418641
-1.058177 -1.418245 -1.733629 -1.563864 -1.519011
-0.8663856 -1.260688
