-1.16484 2.048019 1.585161 1.942483 1.777757
1.839007 1.557086 1.584011 1.671677 1.889033
1.846496 2.308208 1.892156 1.613139 1.48568
1.64246 1.367736 1.584629 1.858697 1.604044
1.485159 1.614974 1.688721 1.738711 2.173663
1.744871 1.890445 1.755347 2.088586 1.42395
1.816707 1.958782 2.793727 1.73242 2.172326
1.989235 1.417493 1.590182 1.627798 1.751113
1.716999 1.7846 1.564916 1.471583 2.150302
1.679602 2.532757 1.588967 1.635056 1.697494
1.90524 1.465395 1.616417 1.64283 1.757796
1.972498 1.82318 1.889154 1.648109 1.733632
1.751389 1.843068 1.838963 1.897452 1.115286
2.297138 1.485868 1.728204 1.608384 1.417068
1.712955 1.541744 2.24724 1.939083 1.499759
1.829884 2.242407 1.893428 1.828164 -0.5211152
-0.4150592 -1.471719 -0.8159828 -1.68684 -1.143062
-1.16484 -1.190159 -1.22479 -0.9521563 1.354743
-7.073319 -1.814262 1.616417 1.925469 -0.3587404
-1.288583 -1.076334 1.618496 -1.018876 6.937237
-1.636644 -0.9401732
