3.420831 2.640146 1.928582 2.97285 2.026943
1.396394 2.548868 -2.090906 0.671028 1.426989
0.9404666 1.020819 0.8115144 0.8724481 -1.081522
0.8456008 1.162753 1.264041 1.547549 0.8481033
1.147723 1.25483 1.319258 0.7506068 0.7859673
0.8198497 1.117893 1.328834 0.7742779 1.214325
0.9260358 1.816332 0.7883448 -0.986875 0.8661086
1.540047 -1.243736 -0.9943141 -1.038223 1.087605
-1.214923 -1.169598 -1.021421 -1.021421 -1.271013
1.424745 1.043329 1.782588 -1.477729 -2.022905
0.738549 -1.407109 1.246195 -1.214461 0.7742779
1.970349 -1.417355 1.122704 1.310678 5.869825
0.9663336 0.9794603 -2.666096 1.417355 1.066126
