2.590859 2.418648 -2.562562 2.369313 2.614824
2.485633 2.152987 2.475808 2.267489 2.287184
-1.881521 -1.806246 2.000616 2.444115 1.83596
2.223785 2.021767 2.720661 2.329978 2.126309
-1.100507 2.475808 -1.718014 -2.579054 -1.918832
1.447596 1.79484 2.335258 2.196923 2.792772
2.086788 1.982056 2.202545 1.685014 2.053603
2.364653 2.577327 2.040762 2.006977 2.540209
2.713387 1.336046 1.557393 2.574657 1.609501
2.128354 2.161861 1.618348 1.731916 2.167184
-2.55498 2.040762 -3.420642 -1.339448 -1.423152
1.841125 -1.561863 -1.923676 -2.404983 -1.685694
2.048271 -1.342773 -1.606077 -2.687066 -2.338885
-1.170072 1.731916 -1.722838 1.64728 2.349632
1.118544 1.250965 1.87946 1.762932 1.976526
2.235807 1.908871 1.822494 1.396723 2.314111
1.563413 1.766524 1.397708 1.27218 2.282365
2.031841 1.185543 1.329418 2.265639 1.720727
0.9787899 2.418057 1.402192 1.836914 1.609501
1.372816 1.4198 2.223395 1.212832 2.522285
2.076214 1.373952 1.438883 1.298383 1.487819
1.8574 1.126239 2.486647 2.335258 -1.491022
1.639417 -3.109618 -1.351131 -1.67971 1.510606
-1.293861 1.766524 1.954 1.71967 2.464615
-1.170072 -1.642267 1.40721 -1.270215
