-1.6031 1.276533 2.492115 1.487334 1.72961
1.630818 1.8548 -1.742834 1.413875 1.590189
1.458365 2.517429 2.257023 1.542661 1.796117
1.839188 1.476528 1.713673 1.789082 1.858021
1.746645 1.484327 1.460416 1.919154 1.598793
1.48795 -1.711044 1.955731 1.731356 1.405654
1.761076 2.199917 1.928617 1.606197 1.524324
1.712713 1.588528 1.64763 1.821727 2.173297
1.766441 1.844605 1.677464 1.658468 1.493571
1.768252 2.247336 2.198314 1.87569 1.66326
1.736428 1.752495 1.553132 1.832605 -2.052599
-1.275674 -2.627876 -0.4774174 2.021786 1.50767
-1.6031 -1.540462 -1.968846 -1.968846 -0.9852123
1.530956 -1.599225 -1.481051 1.935076 1.589235
-1.827884 -1.643883 -1.643883
