-1.868686 2.223122 4.774744 -1.68827 1.744954
1.914867 -2.010854 2.105343 -2.815989 -1.272067
-1.998201 -2.188666 2.159719 -2.326031 1.642873
-2.045919 -1.422478 1.823034 1.999643 1.603347
-1.637034 -2.395838 2.005022 2.107331 2.200559
1.986922 -1.783823 -2.103837 1.807623 -1.966408
-1.479373 1.818432 -2.313818 -2.288072 -2.071319
-1.480588 2.062871 -1.74588 -1.893319 1.77147
-1.35302 -1.904175 -2.044666 -1.51922 -2.262931
-1.272067 -2.03064 -1.868686 -0.2384456 -0.6392265
-1.212902 -1.770733 -0.1503513 -1.757014 -1.040435
-1.070191 -1.097843 -1.60197 -0.9052319 -2.023748
-0.7940186 -1.782947 -0.7697001 -1.616031 -0.4724854
-1.673085 -1.086762 -1.636995 -1.914875 -1.783823
-1.240255 -1.072046 -2.574431
