1.895153 2.454795 1.505276 -2.201413 -1.717745
1.459603 1.718021 2.537977 1.497262 1.982614
1.522349 1.760412 1.480779 2.133425 1.804794
1.783613 1.866961 1.69237 2.025352 1.936823
1.984722 2.090738 2.094096 1.749233 1.730568
2.236938 2.194442 1.810633 1.553799 2.210568
1.960894 1.965 2.439191 1.516933 1.93252
1.566355 2.305735 1.615362 1.842151 1.679433
1.857 1.594083 2.007064 2.035202 1.225355
1.898761 2.252296 1.88902 1.640242 1.746631
1.674906 -1.562373 1.226462 2.072135 -1.287118
-1.577752 -0.27318 -0.7865654 -0.6396913 -0.3815886
1.777268 -1.032689 1.385422 -1.789812 -1.276536
1.457017 -1.458348 1.924744
