2.762931 -2.357507 2.888075 2.900118 -2.200891
2.909339 -2.526236 -2.968936 -2.760758 2.22656
2.332372 1.972309 2.260933 2.611769 1.959739
2.801019 2.118231 2.256297 2.692857 2.451256
2.218554 1.643598 2.618127 2.285856 -2.719846
-2.288746 -2.205839 2.13815 -1.927428 1.770891
2.162288 2.200891 -1.78283 1.731081 1.619644
2.138842 1.849453 1.589977 1.956183 4.262528
1.955478 2.302863 2.336204 2.390407 -2.564301
2.478618 2.452151 1.812223 1.733402 1.820848
2.5464 2.469976 2.098946 2.061588 2.608348
2.039992 3.009542 1.955618 2.510426 2.47376
2.566821 1.789477 1.672698 1.512936 1.960538
2.106692 1.897805 1.930653 1.416613 -2.657049
1.97837 1.699835 1.727533 2.223302 1.796982
2.597094 -1.501691 1.962007 2.375134 2.336204
3.98958
