2.554835 2.732641 2.715155 2.715155 2.715155
1.987052 2.229472 2.137374 2.447974 2.62162
2.105655 2.444595 2.261339 -2.208678 2.186023
2.715155 -1.828225 1.631887 -1.434395 2.073909
1.71024 1.111715 1.118881 1.075351 2.353099
-1.174138 1.379014 0.9232253 1.307002 1.067948
1.727826 1.964258 2.182192 1.238217 1.927019
1.649578 1.23457 1.603717 1.244999 0.9611305
1.862158 2.353099 1.189547 1.81509 1.281625
1.870832 -2.038391 -1.381307 2.545245 2.245665
1.956226 1.571572 1.255269 1.631202 1.785228
1.304953 1.199934 2.30543 1.923804 1.652492
1.40326 2.353099 -2.321976 0.9232253 0.9473726
1.232326 1.901663 -1.076393 1.665758 2.080632
