-2.728235 -2.494386 -2.24352 2.031733 2.214428
-2.154779 -2.376137 -2.800173 -2.401062 -2.529481
1.513324 1.744736 -1.646236 -2.364182 -2.401619
-2.131738 -2.64591 2.004157 1.973408 2.045484
2.007736 -2.419924 1.981241 1.736121 1.849169
2.192329 2.645159 1.947339 2.017084 1.949389
2.285862 2.524525 2.106433 2.032658 2.145531
-2.131126 1.991096 2.098385 1.991188 1.989905
1.739064 1.902783 2.126171 2.056028 2.276638
1.895402 2.461826 1.814315 1.965826 2.295217
2.022022 -2.251523 -1.893696 -1.775418 1.98603
1.988093 1.973408 -2.054952 -2.22072 2.464011
2.376137 -2.419924 -2.596741 1.811408 2.298823
-1.969611 2.079503 1.662571 1.84267 -1.84267
2.052249 1.821539 -0.4499384 -2.703993
