-2.134109 -1.928607 1.10755 0.9695837 2.088798
1.101064 1.31693 1.069401 1.319697 1.417931
1.666851 -1.206602 0.7840238 -1.198421 -1.028603
-1.230739 1.307049 1.094206 -1.225543 1.439207
1.155638 -1.990586 -1.944298 -1.217417 -2.077686
1.035741 -1.322152 -1.291259 -1.383714 -1.379666
2.088798 -1.698371 -1.3377 -1.684043 -1.706238
-1.034577 -1.670414 -1.270551 -1.450285 -1.392693
-2.049373 -1.247665 -1.204652 -1.006324 0.9884614
-1.378599 -2.269629 -1.206602 -1.78207 -1.78207
1.308089 -1.27528 -2.536181 -1.977409 -2.022106
-1.802278 -1.818889 -1.59654 -1.332754 -1.506863
0.8702109 1.160919 1.213628 1.217488 0.7993903
1.271521 1.277536 0.9206012 1.031118 1.149898
1.038968 1.111452 0.8813862 0.9845846 1.030688
1.570912 1.051641 1.127577 0.6282114 1.24795
1.067296 1.307049 1.023849 0.8735486 1.118283
1.686281 0.9764063 -2.184059
