2.069518 2.075369 2.487189 2.096239 2.193213
2.504525 -3.053098 2.384006 2.109135 2.499137
2.44909 1.719487 2.59496 2.170016 2.789893
2.912977 2.649714 -2.304744 -2.415603 -2.541892
2.391482 1.885876 2.18294 2.826466 2.412966
2.710381 2.295378 2.116371 2.125153 -2.259405
2.681612 2.453355 2.717865 1.925997 2.504436
2.534155 2.723378 2.686777 2.538929 2.413521
2.664601 1.893387 2.319127 2.596774 2.597069
2.756689 2.150843 2.056472 2.629667 3.047781
2.516127 -1.931538 -3.064852 2.404853 -1.882896
-0.5484181 -2.310305 2.791185 -8.875957 -2.756624
-2.856461 -2.286478 -2.445334 1.974727 1.921483
-1.849026 -1.93857 -2.12203 -2.467279 2.480692
1.810886 1.074869 -1.93857 1.868252 1.68317
1.845317 1.626746 1.910186 1.8455 1.880648
1.957907 1.911087 1.550196 1.72987 1.957525
1.670473 2.470265 2.227278 1.861899 1.614919
1.734199 2.050893 1.56106 1.922006 1.830971
1.618205 2.070645 1.251301 1.345437 1.475806
1.762708 1.463618 2.698153 -1.429013 1.732072
1.667412 1.820782 -2.641875 1.59166 2.091658
1.658664 1.592752 1.63849 2.502043 1.300389
2.479141 2.084478 1.637861 1.729965 1.850326
1.59556 1.885175 1.410555 1.900424 2.02962
2.378708 1.754332 2.168868 1.406616 1.616497
1.796503 2.021585 2.384193 1.817428 2.05075
1.152072 1.52756 1.2301 1.797626 1.469939
2.083675 1.957961 1.921635 1.637665 1.362864
1.13955 0.8507384 1.971672 2.093577 1.792763
2.079482 1.421427 2.112359 -1.961297 1.636602
1.39239 2.105231 1.331644 1.610898 -2.044312
2.170055 1.094079 1.621969 2.164769 2.324836
2.237022 1.363931 2.284201 2.010718 -1.385999
2.020912 1.575737 1.976347 2.815842 1.613289
1.223347 2.665604 1.953413 1.798127 1.510443
1.687211 1.496018 1.518297 2.179146 1.124171
1.791927 1.76132 2.053909 2.162847 -1.263074
1.819784 1.96077 0.8903771 -2.082948 -0.7740714
-2.641875 1.824796 -1.526698 1.357149 -0.770785
1.981012 2.157897 -1.524754 1.70673 -1.709142
2.266651 1.963534
