2.195773 2.269736 -2.514152 3.088113 2.4898
2.480961 2.478895 2.972878 2.717324 2.503379
2.404423 2.192898 -2.099811 2.730787 2.048072
2.043679 -2.276373 -1.53994 2.006402 -0.5696673
2.829807 2.789475 -2.481477 2.910062 2.214785
-1.9702 -2.550952 -1.807812 2.359315 2.785349
2.180518 2.892256 2.136514 2.377358 2.043836
2.304572 2.864694 2.299094 1.763809 2.4193
2.378252 2.376908 2.420766 2.642455 2.376268
2.714837 2.349809 2.048091 2.511874 2.042913
2.571688 2.151386 2.449103 2.09587 2.128829
2.148342 1.974783 2.139294 1.579782 2.310976
2.188344 1.857001 2.607114 2.382212 1.852251
1.948819 2.045546 1.954317 2.34405 2.314753
2.298758 1.811385 2.28289 2.20707 2.110417
2.110352 -1.51948 1.855305 2.148324 1.737018
0.3991647 1.962269 -2.69553 -1.873934 1.086754
2.829807 1.935209 2.267316 -2.056692 -1.631903
2.165166 1.400621 -2.214785 2.967958 1.660691
1.647083 1.966391 2.010397
