2.986952 -3.109351 2.758428 2.482537 2.621241
2.78242 2.765528 -2.736918 2.207497 2.671698
1.802757 2.839209 -1.978607 2.271238 1.935479
1.962939 1.801885 2.387596 2.476458 2.362093
2.398734 2.338242 2.411774 1.452856 2.090859
2.517485 1.651909 2.785187 2.415361 2.067993
2.738609 1.931097 2.099446 2.018313 2.030417
1.742259 1.992063 2.106091 1.80199 2.075608
2.142421 1.922567 2.33622 5.263473 2.686803
2.796558 2.213613 1.515549 -3.054025 -2.360576
2.671698 -2.266646 1.84388 -0.8819355 2.00601
2.458621 2.839209 1.951506 -2.522697 -2.25499
-1.743759 0.9081584 1.605242 2.939679 1.659346
1.296198 1.854085 1.951796 1.809757 2.817684
2.053111 1.828015 1.689831 1.663968 3.069015
-2.188481 1.423555 1.626402 1.867688 1.592539
1.78518 1.439571 3.124864 1.476281 1.585839
1.807162 1.63337 1.76316 2.005371 1.541664
-1.653799 1.202765 1.970184 0.9094878 2.12389
0.3920623 2.459583 1.122665 -2.055547 -2.587735
2.4675 -0.7729538 1.655233 1.7339 1.949826
-1.479648 1.659346 2.693308 1.939619
