1.965252 1.705568 1.922131 1.564946 2.007137
1.408422 1.762993 1.919167 1.800623 1.205034
1.670026 2.444202 2.810615 1.967715 1.733462
1.255463 1.764196 1.637854 1.682901 1.654333
1.657017 1.744934 1.483748 1.594423 1.65861
2.477729 1.791591 1.737621 3.082664 2.052202
1.424128 2.020901 1.760391 2.17084 1.436949
1.98479 -1.698977 2.05632 1.234964 1.601394
1.662598 1.599605 1.556616 2.007756 1.917839
1.564243 2.043876 2.009501 1.602199 1.743343
1.778824 2.043632 2.325136 1.948802 1.924304
1.439412 1.796709 1.490767 2.094311 1.360749
1.969298 1.800452 1.493797 -0.1664242 -0.3915431
-1.540085 -0.2588963 -0.6238881 2.205086 -0.6130543
0.7750094 -0.6277807 -0.616853 -0.527644 2.340836
-2.054921 1.025685 2.04118 -0.1973104 2.071477
-0.5363146 -0.3399016 1.347268 -0.6603898 0.3555579
-0.8276072 -0.4218229 -1.498261 -1.289356 2.955828
-2.018308 1.209589 -1.813203 1.908384 1.799137
1.874503 1.597375 1.910125
