1.89499 1.388732 1.730042 1.52349 1.115389
1.061752 1.087504 1.810392 1.21822 0.8094291
1.126259 1.575144 1.475417 1.02982 1.330449
1.370253 1.8292 1.238788 1.231224 1.20546
1.630892 0.9420634 1.387606 1.186129 1.243926
-1.476509 0.9254212 0.9466244 1.380332 0.9790683
1.389313 1.789038 1.372054 1.155721 0.8647989
1.337755 1.315765 1.472796 1.333017 1.253869
0.935986 1.704552 1.475565 1.177456 1.107367
1.377167 1.431314 1.380747 0.7117178 1.458256
1.068379 1.648898 1.599099 0.9574205 0.9764063
1.48263 1.342437 1.435481 1.400842 1.274285
1.404381 1.683464 0.9862054 1.334165 1.110174
1.446626 1.454182 1.080014 1.36948 1.634731
1.14667 1.733393 1.521198 1.524656 0.9729354
1.339524 1.432584 1.451015 1.354949 1.876937
1.237786 1.134064 -1.241841 -2.215091 -1.407503
-1.417836 1.468428 -1.642399 -1.186464 -1.500644
1.405774 -2.06908 -1.705394 -1.96422 -1.476509
-1.522043 -1.155721 -1.235061 -1.347604 0.9569393
0.8244002 1.397586 1.25193 -2.294334 -1.368057
1.648898 1.481898 1.018366 1.463117 -1.239384
1.906687 -1.992411 1.23884 -1.858509 -1.659406
-1.184554 1.602385 1.295364 0.9020101 1.042668
1.222203 1.291433 0.9902302 0.9606817 1.103668
1.13421 1.044673 1.181232 1.654226 1.159448
1.478084 1.409665 1.155914 1.22666 1.540604
1.463414 0.8091171 1.227745 1.248389 1.1365
1.985079 0.9809662 1.367986 1.217901 0.9771496
-1.05809 1.207911 1.141035 1.740334 1.150493
1.848077 0.9582504 0.9876258 -0.9834313 1.079766
1.127471 1.099243 0.8996424 1.038564 1.131687
1.20293 1.53473 1.227921 1.12013 1.778064
1.151721 0.887108 1.449738 1.018601 1.344171
1.111075 1.309846 0.8068579 1.136511 1.154482
1.113716 1.107765 0.732373 0.9246679 0.9975195
1.167958 1.069666 1.510257 1.072707 0.9373124
1.216795 1.391668 1.150087 0.8776193 1.129783
0.8952565 1.089488 0.9161365 1.062161 1.704064
1.315709 0.8633822 1.0676 1.915438 1.038128
1.048586 0.8078365 1.014679 1.174834 0.7628545
1.341225 1.464023 1.284347 0.7380747 0.9204266
1.16483 0.8601741 1.496291 1.70668 1.141654
1.463117 1.721295 1.472786 1.056938 1.231927
1.081813 1.29875 0.8795047 1.126962 1.044245
0.9793785 1.067085 1.253319 1.253319 1.29157
1.431106 1.120864 1.02774 1.663921 -1.172512
1.146763 1.008725 1.482188 -1.505845 -1.524058
-1.134064 -1.881385 -1.203079 0.9689441 0.7954117
-1.064578 -1.533847 -2.699821 0.9790683 1.789038
1.372054 -1.522043 -1.630032 1.097072 -1.150868
-1.520431 -1.459244 1.311019 1.281046 1.101063
-1.596655 -1.337708 1.463117 1.334165 -1.29909
-0.9778572 -1.260682 1.731839 1.14491 0.8938711
1.260501 -3.057092
