2.94803 2.800489 -2.860771 -3.072854 -2.905257
2.482393 2.700558 2.596478 -2.315112 -2.96564
-2.736662 -2.661429 2.578563 2.608749 -2.7722
2.667968 2.941201 2.638144 -2.553887 -2.945351
3.820849 2.596137 -2.280645 2.412514 -2.792815
2.610468 2.838893 3.004775 -2.477144 -2.522704
-2.277093 -2.523142 2.162324 2.915311 2.891514
-2.368516 2.275535 -2.54013 -2.026286 2.763665
-2.474186 -2.664163 2.084529 -2.663368 1.998159
1.82027 1.537649 1.992467 2.279754 1.367335
2.008948 1.832741 1.918101 -1.507914 2.622509
1.581469 1.701043 1.548491 -1.907809 1.97525
1.533812 -1.698697 1.588056 2.371322 2.018487
2.013285 1.515037 1.904633 1.37049 1.675301
2.098944 2.026055 2.420077 1.877837 1.680054
1.601965 2.020315 1.902226 1.414487 1.426599
1.438445 2.026717 1.766939 2.152213 1.809041
1.628059 2.63424 1.382288 2.00732 1.654054
1.572975 2.818344 1.54323 1.733973 1.805664
1.800004 1.686322 2.298149 2.039741 1.378476
1.856795 1.582391 -2.345105 -1.794113 -2.991511
-2.991511 1.473772 1.445905 1.948832 -1.918315
1.778821 1.588056 -1.803545 1.773634 2.079366
-2.103216 -1.895398 2.15039 -2.15039 -1.836138
-2.362315 -1.790318 1.745168 1.415171 1.415171
-2.349819 -2.349819 2.17476 1.366609 1.081209
-2.309623 -1.784085 1.820905 1.453591 1.97421
2.842212 2.842212 -2.842212 1.478476 -2.583006
1.71122 1.391672 1.979361 1.848401 1.927035
1.851272 1.849219 1.568186 1.787368 1.464108
2.120468 1.846429 1.718148 1.34501 1.632568
1.705856 1.81906 1.806838 -2.817889 1.727709
2.370259 1.882344 1.733153 1.226802 1.652769
1.749195 -2.969216 1.401774 1.615305 1.940059
1.818 1.772512 2.782075 2.004251 2.239707
2.412698 2.638695 1.859396 2.06095 1.694368
1.774437 -2.096664 1.698529 -1.791067 -1.691113
-2.327938 2.342474 2.817889 -2.679455 2.079366
1.631861 2.359058 -1.674178 -1.790318 1.621718
1.960018 -1.654054 2.015172 1.54323 2.838893
1.856795
