1.758326 -1.507455 -1.048701 2.308445 0.9636679
0.6530841 2.511849 1.372255 0.9147318 0.9747792
1.009349 1.393335 1.295245 2.047039 1.19962
1.769467 1.360369 1.324926 1.193601 2.294906
-1.414664 -0.9963992 -1.507455 -1.200937 2.212119
-0.9187869 0.8217049 1.663858 1.009349 1.552397
1.660881 1.75081 -1.182385 -1.339039 2.658245
-0.9561454 -0.971579 0.912292 0.8696157 2.019754
1.420269 1.144436 1.22281 1.180203 1.032976
1.209276 2.680808 1.199395 1.270327 1.900255
0.8571909 1.121732 0.9903595 1.020692 0.8651152
1.09769 1.706956 2.384292 1.201267 1.090323
2.35712 1.438632 0.997006 1.420269 0.9166883
-2.458061 0.789148 -1.084222 2.212119 -0.9790578
0.9147318 0.9147318 0.8709199 1.187014 1.663858
-1.02747 0.9887061 0.9243628 1.794845 2.416128
1.478692 -1.002174 -1.420381 -1.030415 2.658245
1.216735
