2.804524 3.001932 3.525589 2.986515 2.758828
2.930946 -2.855102 -3.063169 2.680376 -2.564336
2.865855 3.016595 -2.798221 -2.627302 -3.208241
2.74993 -2.927196 2.143478 -2.4424 -2.444743
-2.693415 2.542388 2.622677 -2.178268 -2.178268
2.435824 -2.652874 -2.401728 -2.691441 -2.927196
-2.094481 1.673873 -2.350934 -2.534337 2.072422
2.113765 1.693412 1.806021 2.347219 1.954053
1.936867 2.314444 2.251678 1.517244 2.26096
-1.39963 -1.620352 2.465285 -2.752613 -2.100485
-3.17671 -2.350934 -2.615741 1.094279 1.695405
1.359559 1.077775 1.707431 -2.03455 1.133871
1.388024 1.345205 1.806602 1.026166 1.949282
1.514371 1.461353 1.435032 1.741403 1.277944
1.295573 1.468311 1.637723 1.500726 1.532522
1.452103 1.342691 1.540151 1.07869 1.347807
1.179746 1.468522 1.366748 1.467398 1.547584
1.067963 1.615674 -1.363706 -1.620352 1.359559
-2.049084 -1.443347 1.672065 -1.660487 -1.554394
1.743173 1.428284 -1.313683 0.8025807 -1.59387
-1.738657 -1.517244 -2.866548 -1.605903 1.512782
1.240945
