1.134952 1.61869 1.627663 1.42556 1.633398
1.399655 1.576134 -1.102877 1.787531 -1.184841
1.550548 1.123624 -1.730752 -1.385835 -1.988504
-1.988504 -2.27989 0.8530554 0.8785072 0.6997703
0.971343 1.429729 0.7404748 0.831597 1.03949
1.219436 0.866403 0.8556719 1.514652 0.9391517
1.559602 0.727962 0.6575193 0.8247971 0.7701498
0.5906826 1.555853 0.6222173 0.8923304 0.9166408
1.509344 1.088259 1.308669 0.5966457 0.7884182
0.7239062 1.897831 1.795336 0.8730314 1.440349
1.146973 1.41548 0.7000187 1.266938 0.9504471
1.303067 1.043128 0.6509844 0.911333 0.8900527
0.713411 1.089215 1.235781 1.113718 1.162253
1.088966 1.052463 0.7053207 0.7041285 1.70836
1.499507 0.9614565 -0.831597 0.9480503 0.4705256
-1.736841 0.8166048 1.504298 2.26094 0.7041285
