2.54606 2.733346 2.268758 2.32896 1.922079
2.312816 2.321307 2.366886 -1.621769 2.210788
2.395207 -2.363343 2.262313 -1.658456 2.175257
1.949521 2.297826 2.277027 1.805704 1.676714
1.586344 1.316138 1.696363 1.678752 2.016637
3.36637 1.75077 1.840171 -1.465846 2.019319
-2.021896 1.558228 2.415624 1.211958 1.422712
1.698985 1.809805 1.399179 2.217356 1.152084
1.862318 1.358308 1.564795 2.128379 -1.20411
2.84518 -1.475634 1.903624 1.497935 -2.504296
-1.699433 -1.865157 2.297826 2.257372 -2.017477
1.489736 2.207322 0.9146306 1.621027 1.551834
2.242073 1.58966 0.941426 2.021972 1.302277
1.846329 1.893037 2.491058 1.640238 2.375997
1.992536 1.957189 2.51806 1.274777 1.724653
1.863497 2.002568 1.569327 1.724359 1.167941
1.579572 1.620118 2.162751 1.109986 2.504296
1.528802 2.284236 2.522286 1.467861 1.752717
-2.180705 1.849981 1.605202 2.077942 2.128535
2.412585 1.333556 1.701141 1.297618 1.665425
1.294152 1.551788 2.25674 2.174304 2.051311
0.941426 -2.854573 1.696363 -1.125187 1.968055
1.170369 3.36637 1.863497 -2.019319 1.460973
2.417958 1.265116 1.3434 1.558228 2.415624
1.225627 2.270575 1.963838 1.095849 2.281601
1.399179 1.866363 1.832924 -1.455361 2.070886
1.665425 1.551788 2.039326 2.048245 1.899698
1.813586 1.87248 1.528802 2.272454
