2.820714 2.820714 2.065089 2.219569 2.404267
2.316162 2.201766 2.114325 2.950431 2.203882
2.084892 2.6448 2.037539 2.491162 2.812459
2.10405 2.492808 2.152 2.034404 2.381859
2.060164 1.727728 2.507164 1.66478 2.319997
2.316928 2.007521 1.607612 1.733726 1.957895
2.760274 2.081709 2.611772 2.213627 2.794124
1.99922 2.033217 1.606209 1.689141 -1.812056
-2.156502 2.475975 -2.316162 1.893926 2.034404
2.144451 -1.777979 2.114325 -1.790357 -1.760871
2.825716 1.586663 1.537785 2.222554 2.268385
1.839601 1.737575 1.734989 2.006449 1.575279
1.730811 2.435498 3.009678 2.547108 1.627649
1.990366 1.923967 -2.491514 -1.606209 2.061535
