2.127604 -2.299802 -2.756465 2.037899 2.071178
1.469565 1.239829 -1.25874 1.406782 1.744901
-1.859437 1.491769 -2.329587 -1.971627 0.9470156
-1.994206 1.902636 1.781426 -1.697435 1.915111
1.296016 -1.647239 -1.473749 2.048636 1.461032
-1.403438 2.178513 1.471522 -1.783078 1.28924
1.465066 1.55514 -1.963141 -1.236586 -1.133397
-1.744901 -1.417356 -1.781566 -1.227433 -1.40951
-1.677709 -1.051344 -1.098995 -2.89654 -1.176998
-1.156568 -1.736732 -1.047684 -1.715636 -1.318221
-1.318221 -2.075056 -2.105991 -1.473749 -1.436586
-1.622911 -1.622911 -1.066432 -1.217253 -1.836359
-1.884113 -1.783078 -2.502772 -1.422063 -1.58123
0.9437005 0.8193474 -1.078055 0.8607874 1.285195
1.028318 0.9932013 1.276866 1.082237 0.9892409
1.859437 0.9532382 1.163441 1.118598 1.169386
0.9953322 1.012761 1.874534 1.097876 1.042241
0.8450357 -1.158426 1.411422 0.8667082 1.158518
0.9852659 1.08225 1.270198 1.382422 -1.186198
1.01767 1.182756 1.675745 0.9198325 0.8825021
-1.069003 0.8978291 1.119184 0.9826612 0.8756162
0.9661884 -1.537805 1.014133 1.029454 -1.635489
0.9565495 0.7511486 1.184792 0.9278119 1.151209
1.25943 -1.336633 0.9947536 0.9238197 1.039509
1.865077 0.8511256 1.688416 -1.510408 -2.096934
-1.236586 -1.245556 -0.9607732 -0.9081333 -1.118598
-6.258057 -0.9286859 -1.352407 -1.102088 0.8958839
-1.636055 -1.308118 -1.017739 -1.156553 -1.106167
-1.259579 -0.8978759 -1.232769 -1.692856 -1.366103
-1.007843 -1.008215 -1.105099 -1.17815 -1.917428
-1.261426 0.8511256 -0.9891101 -1.55514 -1.418729
-1.041225
