2.843221 2.39598 2.363732 2.473977 -2.21891
-3.219805 -3.122204 -2.073239 -1.788137 1.802228
1.796853 1.644936 2.099419 1.503619 1.882684
1.601487 1.354532 1.528766 -2.994989 1.502501
1.508471 -1.884198 1.358495 2.513417 1.497815
-1.948835 -1.685752 1.79263 -1.619106 -1.52343
1.946502 1.798795 -1.728055 2.084053 2.156259
1.939367 1.940632 1.746631 -1.762314 1.793556
2.229518 1.82199 -3.010191 2.112159 1.517382
-2.151677 1.797733 1.861434 1.9391 2.152747
1.64788 1.531449 1.431592 1.757252 2.028667
-1.282571 -1.943784 2.586871 2.139546 2.073747
1.912303 1.922077 -1.99003 -1.99341 2.322638
-0.5477305 -1.841293 -1.208011 -1.234984 -2.759564
2.011889 -0.6696898 -2.618268 -2.291372 1.932944
-1.673821 -2.040397 -1.527386 1.417697 2.149777
-2.004522 -3.122204 -2.064166 -2.108692
