2.761571 -2.922808 2.711044 -2.87773 -2.820634
1.950993 2.743281 -2.81046 2.90513 -1.741832
2.664655 2.549208 3.153063 3.010825 2.875626
-2.821358 2.571687 2.793695 2.763272 3.079113
2.818098 -2.522569 2.825691 -2.760955 -0.7676051
-2.252173 2.716629 2.732585 2.507368 3.128483
2.840034 -2.438897 -2.646395 2.825691 2.591368
2.706272 2.549208 2.625664 2.423551 3.153063
2.743525 -2.302924 2.875626 2.875626 2.825691
-2.509329 2.969005 -2.318651 -2.46909 2.135029
-2.793695 2.763272 2.438957 2.371315 1.219141
2.148391 2.674386 2.510767 1.953316 2.594743
2.397971 2.163979 2.582917 2.036792 2.071463
2.100786 2.133944 2.11584 1.635647 1.96301
2.265386 1.876662 2.240833 1.984364 1.984094
2.055314 2.162968 2.220398 3.10275 2.907157
2.561373 2.091236 2.247591 -2.367456 1.912332
2.418048 3.153063 2.030738 1.879433 -2.33432
2.704544 2.875626 -1.92177 -1.768054 -1.459107
-2.035026 -2.736987 2.989958 -1.768627 -2.460673
-0.4176191 1.918152 1.92944 1.542528 2.100443
-1.732035
