2.811896 2.711802 -2.636776 2.059708 2.845547
2.814699 2.763517 2.166261 2.755682 2.06454
2.551219 2.453556 2.358666 1.955659 2.528636
2.674666 2.957494 1.905418 2.137783 2.249312
-2.216724 -1.760904 2.917838 -1.79629 2.017806
2.433874 2.348504 2.284886 2.250125 1.65575
2.489378 2.131201 2.746511 2.425144 2.301705
2.656067 2.563026 2.136486 2.064752 2.493457
1.997392 2.303313 2.445655 2.785128 2.215601
-1.862701 -2.053303 2.283056 -1.718412 -1.744618
-1.795668 -2.519545 2.087946 1.639134 -2.949746
-1.646752 1.955478 -1.819252 2.386978 2.061523
-2.054163 2.107689 -2.73246 -2.428105 -2.435294
1.809741 1.919325 2.313437 2.591439 2.019915
2.114135 2.170704 2.405333 1.921092 2.32557
2.536853 2.34516 1.829992 1.678698 1.769297
1.79825 2.03802 2.239757 2.200225 2.302978
1.824054 1.474139 2.022121 2.078128 1.796426
1.544265 1.42911 2.51539 2.501329 1.725989
2.190583 1.579612 2.299628 2.039034 2.122791
2.164223 1.865772 2.594238 1.717277 1.755711
1.752255 -2.393049 -1.587126 -1.485829 -1.508113
-2.291829 2.646385 2.387722 -2.829879 1.972798
1.649303 -2.029359 -2.116273 2.227997 1.64608
1.877187 1.466951 -1.557795 1.441565 1.576505
-1.689593 -1.616258 -4.857835 1.46724 -2.027989
-2.267761 -1.852429 2.025902 1.750885 1.913321
2.351764 4.802422 1.966319 1.625201 2.112443
1.957287 2.036851 2.117575 1.729804 2.715357
2.447562 1.671363 1.549324 2.129379 1.803443
2.434978 1.996442 2.300497 2.39778 2.481801
1.623975 1.613693 2.185861 2.318157 2.03802
1.846044 1.687802 2.424708 2.336064 1.668994
2.013821 2.199245 2.816636 2.609423 2.401742
2.524153 2.415341 1.836488 4.491572 1.984002
1.830432 1.796203 1.584501 2.664621 2.037101
1.834089 1.873423 1.938086 2.332621 2.401678
2.115672 2.003815 2.180604 1.85063 2.370509
2.430967 2.489442 1.824203 2.059206 1.684569
2.453957 1.925829 2.002995 -1.64762 -1.335317
1.750885 -2.427568 -1.87444 -1.633485 -2.611236
1.625201 -2.293501 1.729804 -2.662479 -1.932526
-1.559481 -2.814625 -1.596649 -2.511011 -2.3464
-1.759738 3.071732 -1.561664 -2.27506 1.861134
-1.938857 2.44223 -2.822467 1.273786 -2.931761
-2.508624 -2.239242 -2.328479 2.246221 -2.42802
2.501329 1.995541 2.29982 -2.175626 -1.948913
-2.116092 -2.039034 -2.423102 -2.256845 -1.355325
-1.355325 1.40581 -2.331085 -1.530697 2.668677
-1.709391
