2.350228 2.130259 1.138548 1.936292 2.236654
1.738759 1.395205 2.176851 2.139708 1.948077
1.929236 -2.323617 2.418079 2.474311 2.300609
2.497917 2.357995 2.656107 1.841252 2.834689
2.159135 2.018905 2.515462 2.608488 1.932762
2.180485 1.966418 1.973551 3.027628 1.998981
1.545146 1.601444 2.25037 1.692691 1.974072
1.778203 1.696398 -1.948402 2.648569 2.026073
-2.152896 2.020944 2.113214 1.394622 1.813876
1.969161 2.107487 1.801892 1.531078 2.265324
2.133798 2.100373 -2.29051 2.220026 -1.468846
-1.971719 2.292368 3.034811 3.034811 -2.097349
1.745168 0.5056808 -1.821998 1.905486 -2.032258
-1.377405 2.637344 2.300609 2.372584 2.648994
1.944265 1.76207 2.555358 0.9687228 1.61216
2.12063 2.107487 2.911385 2.911385 1.641651
2.187555 1.366866 1.510737 2.352343 1.242257
1.886889 1.673354 2.506877 2.079615 1.581757
1.885208 2.088617 1.769787 1.74521 2.622564
2.363144 1.603106 1.906176 1.634794 2.533536
1.938652 2.082865 2.222512 0.8468713 2.092131
1.411665 2.120202 2.152638 1.363864 1.997676
2.7815 2.13366 1.936849 1.658691 1.202009
1.751911 1.663043 1.737164 0.6231143 -0.9125092
2.097349 -0.1952305 2.159358 1.841252 0.4359522
0.4170011 1.52496 1.750733 -1.456181 1.974072
-1.581608 2.152896 1.813876 1.641651 1.801892
2.265324 1.109429
