2.398584 2.245738 -2.506984 2.629943 2.102933
2.570521 2.307532 2.583821 2.311932 2.31109
2.150683 2.853907 2.797079 -1.999204 1.998998
-2.118992 1.725558 -2.085317 2.070054 1.706617
1.712359 1.881219 2.02492 1.731188 1.892004
2.272424 1.661177 2.098478 1.478362 2.322731
1.804237 1.483958 2.922634 1.346427 1.621371
2.315322 1.981247 1.909365 2.64451 1.674554
2.120231 1.396705 2.176533 2.127844 1.801329
1.756766 1.79206 1.925863 1.672522 1.84495
2.075326 1.816987 1.912652 1.68071 1.760846
1.94436 2.048793 2.144048 1.987328 2.557519
1.334128 1.818911 -1.722493 1.75431 2.532266
1.973065 2.326562 1.926752 2.707904 1.894274
2.272424 -1.888299 2.447051 -2.551005 1.27171
1.89884 -0.321892 -1.505806 2.350946 -1.718012
-1.849563 -2.025297 1.586366 1.946985 1.69613
1.518568 1.775889 -0.7412473 1.828796 2.303696
1.869825 2.044507 1.483141 1.936528 2.30463
2.33691 1.876423 1.849364 2.027413 1.687843
2.097535 1.683994 1.557307 1.912633 1.907515
1.519426 1.97682 1.865189 1.605842 1.762763
1.896681 1.746833 1.904105 -0.7412473 -3.170439
2.06333 -2.010379 1.557307 2.251939 1.520011
-2.853907 2.315087 1.899298 1.894178 2.500553
1.604279 -1.949738
