2.860775 2.357036 2.669165 2.519709 2.711422
2.805801 2.772892 2.996779 1.913364 -2.524993
2.574501 2.893789 2.894548 2.889067 3.019508
2.787402 2.28613 2.03477 2.809218 2.567726
2.622587 3.207794 2.420583 2.296898 2.874275
2.129807 1.974235 2.476989 3.116321 2.864552
2.782489 3.207794 2.196872 1.763897 1.923762
1.569892 1.483595 1.72132 1.440558 1.602513
1.935092 2.854215 1.773067 -2.159636 2.279142
1.390644 2.050782 2.298129 1.85484 1.354617
1.856606 1.548165 1.581312 1.468349 1.896182
1.2573 1.520062 1.62417 1.839671 1.87797
1.901946 1.409583 1.929062 1.623937 2.072149
2.153204 1.70595 1.383053 2.342298 1.702017
1.547141 1.495193 1.720584 2.116996 1.483595
1.75219 2.404499 -2.059978 2.279142 -1.428929
1.512736 1.370582 2.637217 2.018114 1.520062
1.87797 2.029606 1.580903 -1.370329 -1.370329
-1.702017 -1.344699 2.782489 1.226951 1.064183
1.613362 1.631391 1.963903 2.382467 1.373106
1.576587 1.290143 1.340387 1.304785 1.490663
1.52001 2.257404 1.334067 1.552031 1.586581
1.442677 1.230786 1.389084 1.469797 2.084879
1.601452 1.409914 1.484091 1.417408 1.262689
2.536163 1.541116 1.324106 1.321933 1.333558
1.640602 1.033368 1.845381 1.614389 1.774816
2.239996 1.977598 1.367918 1.440158 1.098032
1.469058 1.305802 1.501603 1.198632 1.727182
1.443813 1.928664 1.445605 1.081906 1.624076
2.236206 1.379161 1.46953 1.441508 1.132705
1.294884 1.512991 1.265621 1.2106 1.513534
1.721963 1.514412 1.555651 -1.588233 -1.636406
2.257404 1.352787 1.743535 1.367242 1.85484
-1.387039 1.613132 1.468349 -2.141763 1.614389
2.018114 1.262895 1.320213 1.41867 2.014707
1.63649 1.321534 -1.370329 -1.370329 -1.370329
1.679823 -1.302321 -1.682844 1.607319 -1.184481
1.708711
