2.966286 2.914464 2.599911 1.952743 2.13968
1.819336 1.976022 1.785615 2.39586 1.974211
2.735621 2.165871 -2.197405 1.67051 1.752126
2.45725 1.876321 2.287473 1.0954 1.384399
1.298862 1.790142 2.083472 1.636214 1.421506
-3.062305 1.661891 1.184218 1.552801 -1.434177
2.008919 1.990356 1.596148 1.925147 1.727265
1.600144 2.71141 1.854802 1.306836 1.243916
1.792243 1.261208 1.082512 2.218097 1.415448
1.337253 1.102829 1.638925 1.100795 1.597615
1.512631 1.668496 1.31401 1.338469 2.117367
1.084276 1.788097 1.299645 1.375235 1.306836
1.112975 -2.057345 2.010283 1.259094 1.304721
-1.614564 1.152674 1.980709 1.46909
