-2.030545 -2.440757 -2.004802 -2.340002 -2.98428
-2.287317 -2.390873 -2.773762 -2.880051 -2.262668
-2.381165 -2.316574 -2.077394 -2.157593 -2.333057
-2.273303 -2.074423 -2.224988 -2.404294 -2.53049
-2.882944 -4.017736 -2.472591 -2.382131 -2.319998
-1.84127 -2.196033 -2.534132 -2.591493 -2.767222
-1.87827 -2.551257 -2.116069 -2.038522 -2.082474
-2.984166 -2.210784 -1.711852 -1.829695 -1.887217
-3.088877 -1.47389 -2.067842 -2.552314 -2.273423
-2.727698 -1.752722 -8.819362 -2.704392 -2.806707
-1.926886 -1.90684 -2.094133 -1.969097 -1.783302
-1.887628 -2.384135 -1.675072 -2.149088 -1.887628
