2.74258 2.756714 2.375909 2.210066 2.66697
2.601639 2.383978 -1.13455 -2.87249 -0.8233095
-0.8289377 -1.821979 2.075952 -1.686791 -0.3968019
1.646387 1.638847 1.56877 1.658155 1.002699
1.485148 1.629529 1.618067 0.9480534 1.277315
1.474659 1.702896 -1.451489 1.170987 1.342835
1.288748 1.700332 1.407412 1.52585 0.9610762
1.493476 2.212346 2.372429 1.30057 1.445755
1.576293 1.911224 1.737775 2.009966 1.39871
1.754923 2.842478 1.392598 1.49507 1.809058
1.945597 1.522416 1.632536 1.66211 1.00469
1.854164 1.392098 1.303443 1.594783 2.076118
1.864132 1.070082 1.638868 1.659058 1.504819
2.900548 2.473846 2.700918 1.607166 0.9782108
1.779262 1.751102 1.769361 1.201489 -1.200574
1.868005 -0.8797618 -0.538283 -0.2857396 -1.333114
-0.4624646 -0.5635461 -1.368964 -0.9805985 -0.9277928
-0.2708443 -0.6051921 -2.963982 1.686791 -1.894372
1.833092 1.570383 1.266915 1.991359 -0.7899881
-1.390887 -1.707145 -1.812209 -2.035054 -1.793209
