1.44081 1.456519 1.272274 1.669625 1.288362
1.138712 1.348994 2.275819 1.758915 1.244406
1.471354 1.8584 1.577212 1.532512 1.515045
1.339499 1.148235 1.340373 1.19495 2.507392
2.069154 1.325956 1.445508 1.232537 1.752001
1.734776 1.400307 1.281105 2.379178 1.314764
1.432616 2.116008 1.339715 1.356502 1.177811
2.442503 2.493454 1.410531 2.265925 1.031198
1.180082 1.257877 1.835259 1.335886 1.566756
1.313963 1.415047 1.156492 1.421969 1.290999
1.385947 1.516705 1.513252 1.760027 1.268289
1.682176 1.352331 3.197358 1.588797 1.353458
1.323442 1.285441 1.67726 1.307879 1.132257
1.36998 1.395578 1.395578 2.008689 1.478448
2.586985 0.9704231 1.296223 1.482815 1.481127
1.602497 1.371992 1.340547 1.231248 1.330307
1.182101 1.540024 1.48581 2.697215 1.98546
1.21685 1.507615 1.805646 1.126405 1.375285
2.009126 1.456519 1.866493 1.429136 1.217448
1.90684 1.523551 1.89453 1.228689 1.332813
1.387459 1.818841 1.261552 1.353517 1.689987
1.791795 1.518226 1.687491 1.688399 2.118005
1.784148 2.357004 2.294224 1.58551 2.104033
1.461546 1.765903 1.844641 1.156492 1.862261
1.542617 1.746369 1.33248 1.400656 2.234231
1.28233 1.239363 2.008736 1.773012 1.333037
1.333037 1.755287 1.352331 -2.191312 1.475637
1.508125 1.386183 1.335409 1.704083 1.796505
1.463273 1.352629 1.343871 1.224615 1.672392
1.315858 1.385196 1.674622 1.212392 1.67415
1.27316 1.561688 3.059739 1.784055 1.310883
1.805223 1.525687 1.431304 1.424546 1.312127
1.371585 1.889029 1.136459 1.823029
