3.184556 3.183542 3.526029 2.721901 2.995129
3.063549 2.090988 1.689084 1.59818 1.915635
2.262748 2.151053 1.786127 1.816501 1.922631
2.237893 -1.117812 1.036096 1.366965 0.9115199
1.307673 1.86859 0.7682286 1.114312 1.015671
0.7302047 0.755785 0.8364743 0.8448735 1.326073
0.9660462 0.6706448 1.220317 0.8955322 0.8161094
0.939003 0.7792579 0.8379542 0.810162 0.9097887
0.7748766 0.8573647 1.827981 0.8386258 -0.7957402
1.116594 1.18183 0.9173606 0.99282 1.338923
1.266779 0.9346251 1.397214 1.137066 0.8561349
0.8155269 -0.7741563 0.6997549 1.079523 0.863521
0.8936368 0.9678747 1.178507 0.9063612 0.9699881
1.344306 0.9827047 1.041269 0.7494254 0.7639987
1.442478 1.033987 1.190877 1.263567 1.228539
0.6477828 0.8534104 1.819918 1.375431 1.460842
1.478477 1.211808 1.218124 1.173647 -0.98172
-1.588428 -1.034669 -1.986197 -1.397296 -0.7971688
-0.8448038 -1.470795 -1.362823 -1.995905 1.025147
1.07157 1.07157 -1.414483 -0.9839541 -1.045287
0.8777638 -1.154101 1.012717 -1.019542 1.112519
1.112519 -1.269733 -2.250736 -0.8045402 1.257668
1.892642 0.8831502 -1.671584 1.319178 -0.7067559
0.9063612 -1.284574 -0.6227081 0.9476441 -1.33914
2.328106 -1.274035 1.332694 0.7129398 -0.897844
0.9017519 -0.9340629 1.09538 1.09538 -1.213317
-0.587703 -0.8820998 -1.049188 1.314783
