2.725408 5.603508 2.486103 2.725408 2.484663
2.732777 2.502044 2.677771 2.135986 2.1673
2.238286 2.359722 3.060865 2.237827 2.463606
2.159795 2.656141 2.814491 2.933089 2.44111
2.069238 2.299928 2.297817 2.841046 2.508833
2.74362 2.373807 2.464372 2.90787 2.732225
2.577229 2.337315 -2.791057 2.202898 2.276257
2.523727 2.714451 2.770322 4.056855 2.584388
2.473355 2.792315 3.011004 2.646077 2.693588
2.418693 2.355415 2.597576 2.309009 2.007592
2.211642 2.512919 3.069265 2.994711 2.294791
2.033958 1.994672 3.164235 1.584195 2.036603
2.321932 2.83619 2.432413 2.843936 1.785125
-2.262581 2.268114 2.73864
