1.492545 1.863753 0.9630775 0.9660101 1.178724
0.8618646 1.224713 0.8404704 0.868256 1.253425
0.9218864 1.159461 0.8713998 0.6106769 1.128814
1.159142 0 0.7514815 1.273624 0.8654996
0.8563689 1.219927 0.9277074 1.46963 1.280416
1.19364 0.8680582 1.464702 1.502687 1.256944
1.448975 1.143299 0.7302376 1.05529 1.247314
0.9589635 1.204905 1.256901 1.149286 0.8357881
0.886697 0.6657806 1.154721 1.016606 0.8485648
1.53562 1.191487 1.064151 1.150517 0.7521451
1.161834 1.618512 1.878496 1.038657 1.106807
0.9611936 1.224713 0.9299698 1.471836 1.072082
0.760671 0.9358939 1.290784 1.738732 0.8661265
0.9425809 1.580648 1.310387 -1.268881 1.149054
