2.352965 1.571803 1.174138 0.9728831 2.36206
2.129534 1.617989 1.021208 1.139487 1.343618
1.455186 1.129598 0.7832455 1.533788 1.136891
1.234001 1.566756 1.673493 -0.8153426 -1.520955
-1.586314 -1.104966 -1.891911 -3.340404 -0.9822184
-1.099322 -2.077033 1.110038 1.630399 -1.379594
-1.777671 -1.68335 -1.106308 -1.34808 2.352965
1.502791 1.392666 1.009541 1.324137 1.561348
0.9968084 1.216706 0.8378068 1.982816 1.243921
-0.9052247 -3.340404 -1.617989 -1.10379 -1.465049
-1.833471 -2.164685 -1.179392 -1.144294 -1.529146
-1.799059 -0.9470006 -0.9874061 -1.06455 -1.071167
-0.8922238 0.9355998 -1.856963 -1.127251 -1.457556
