2.907056 -2.763685 -2.501355 2.843097 -2.703935
2.662734 2.7079 -2.612684 2.711167 2.776865
2.677105 -2.510352 -2.634388 2.439483 -2.460192
-2.705615 -2.579486 -2.933948 -2.143653 -2.787027
2.406344 -2.277389 -2.526673 -2.455032 -2.516801
2.519755 2.804438 2.813693 2.37154 2.852749
2.444816 2.587524 -2.474579 -2.593086 -2.380934
2.736381 2.78918 2.895718 2.836941 2.357529
2.4888 2.56667 -2.669712 -2.403178 -1.757458
2.42849 2.727929 1.985253 2.130064 -1.772527
2.4888 2.084544 -2.824795 2.379369 2.376405
2.319747 2.270189 -2.325406 -2.406422 2.411768
2.540647 2.392181 2.381051 2.595026 3.099119
2.637051 -2.760302 2.904198 2.409982 -2.148303
2.233063 2.683687 2.613995 2.487473 -2.8451
2.37682 2.454822 2.748793 2.596287 1.849863
-5.194296 2.869898 2.372916 2.546005 -2.615316
2.335234 2.45714 -2.403749 -2.301023 2.62753
2.60333 2.476093 2.893583 2.588472 2.641539
-2.516801 2.376405 -0.8275612 -1.60797 -2.325406
2.787977 -2.588478 -2.392181 -2.786059 -1.757458
-0.5115283 1.673106 -2.621743 2.587524 -2.544048
-5.164849 2.816108 -0.8644803 2.586718 -2.519898
-2.61436 -2.162527 -2.014816 2.836941 -0.2677556
-2.537284 2.668944 2.705161 2.705161 -1.772739
-2.360678 -2.274027 2.097568 2.550077 1.908256
2.471346 2.459191 2.714053 2.180624 -2.47001
2.437541 2.704827 2.654205 2.379369 -2.671599
-2.720987 2.613995 2.12331 -2.354698 2.748793
2.144533 -2.168113 2.499828 -0.3342713
