3.017479 2.800246 3.002094 2.915018 2.980918
2.779172 2.949734 2.383628 1.73007 2.063171
2.01947 2.375545 0.9320316 1.292189 2.014243
1.5841 1.205159 2.085804 1.002706 1.531157
2.736616 1.465623 1.128052 2.017242 1.714945
1.731102 1.699188 1.166921 1.569742 1.546457
2.159354 1.616992 1.413689 -2.288186 -1.900856
-1.449826 -1.179881 -1.966666 0.8149401 1.450232
-2.799169 1.484817 1.050387 -2.071057 0.9713377
0.917792 0.9563095 0.9566469 0.9615051 1.527735
0.8288022 1.615999 1.510028 1.92487 0.9709544
1.189286 0.9887618 0.8790463 2.420117 2.563743
1.197805 0.8291182 0.9867782 1.464053 0.9640187
1.007306 1.145874 0.9319639 2.274576 2.319672
0.9828785 1.410524 1.365317 1.617261 0.9195899
2.344871 1.139379 1.150065 1.052683 1.09832
1.480959 1.396591 0.8512601 1.022734 1.467191
1.134853 1.07284 1.18299 0.7724398 0.8681038
-1.424111 1.308796 1.567352 2.298764 0.934367
2.301043 1.629687 1.881522 1.369194 0.9956392
1.608269 2.045721 1.017427 0.9150201 1.219222
1.183513 0.9557669 1.314632 -0.9971772 1.858722
-1.868179 1.202773 2.166719 0.7539732 1.801794
1.67663 -2.169543 1.125991 -1.424109 -1.333745
-1.096285 0.8149401 2.382779 1.029136 -1.515189
1.418328 2.799169 1.442321 -1.013546 -1.413689
-1.672923 1.215057 -1.540209
