3.146806 -2.415132 2.919323 2.564352 2.76674
2.597604 2.576833 2.892064 2.437082 2.653059
2.647202 2.540765 2.841748 2.737499 2.993021
2.687399 2.507979 2.574952 2.715714 2.699781
2.595551 2.487465 2.837817 2.962617 2.496745
2.703406 2.557148 2.654983 2.623391 2.840452
2.769941 2.566348 -3.002973 -2.892064 2.674156
-2.341042 2.946444 2.474823 2.79272 2.501944
2.992343 2.74208 2.520716 2.813362 2.712846
2.775745 2.773424 2.775617 1.996863 2.634216
2.633631 2.735009 2.624026 3.00528 2.757317
2.711186 -2.623391 1.485833 1.779565 5.332849
-2.800534 2.679632 2.822902 -2.04158
