2.832593 2.924406 2.915193 2.953553 3.014947
2.579842 3.001273 2.613569 2.743325 2.476158
2.789268 2.686329 2.823315 2.932367 2.304665
2.442041 2.681727 2.663555 2.815072 2.427263
2.248248 2.31254 -2.7779 2.482857 2.764273
2.419991 2.48633 2.681344 2.724137 2.483143
1.888158 -1.739626 2.654423 1.91991 -2.125789
2.715702 2.226156 2.739734 3.157935 -2.837838
2.474932 2.653137 2.732069 2.637746 -1.947693
5.258772 2.514341 2.581329 2.578983 2.473114
2.358491 2.432895 2.521814 2.567862 -2.506344
2.643989 2.835426 -2.85591 2.544815 2.128542
2.253496 2.562939 -2.16924 2.955171 2.686872
2.38289 2.509477 -1.911954 2.148569 2.305528
2.479755 2.211151 2.494753 2.858823 2.636863
2.353265 2.767147 2.499322 2.609089 2.943749
4.108417 2.732044 -2.8321 2.309462 2.011663
2.526946 -2.456725 3.001901 -2.364951 -2.441203
2.441203 -2.00074 -2.356337 -3.157935 -2.663555
2.82077 1.800016 2.470102 -2.901827 2.203395
-2.103674 2.666227 -2.298566 -2.344776 2.133719
2.255535 -2.341972 2.619297 2.575847 2.660236
2.086386 2.149551 2.085036 2.075043 2.811195
1.786624 2.205118 2.365635 2.133521 2.290775
2.092887 -3.157935 -1.911954 -2.316358 -2.4404
-2.747847 2.203395 2.111033
