2.991135 2.878478 -3.124504 -1.93074 -3.272186
2.777236 3.123907 2.835337 -2.58889 -2.957753
2.897146 2.908377 2.917518 -2.892131 2.708465
2.897146 2.920277 -2.83946 -3.096826 2.845784
-3.046934 2.342592 -2.46464 3.184663 -2.440144
-2.668389 -3.238432 1.892142 2.201907 2.712087
2.262042 2.17583 -2.849752 -2.333402 1.80947
-2.506827 2.692801 2.09614 2.358006 -2.338017
-2.135992 -2.849752 -2.541978 -2.741796 -1.730038
-5.314778 -2.354741 -2.214148 3.184663 -2.440051
2.001888 1.82684 1.729736 1.522306 1.711135
2.105957 2.091122 2.378021 1.63534 1.74219
1.790569 1.533501 1.541732 1.955604 2.018942
2.157065 2.097127 2.296682 -2.849752 -1.659763
-1.666457 -1.852979 1.712489 -2.031126 -1.891389
-1.730038 -2.364192 -2.94628 -2.070871 -2.385634
-1.794255 -2.000383 -2.018351 -1.740208 1.799503
1.583637 1.731069 1.706978 2.085009 -1.651998
-2.018354
