1.920256 1.872094 1.679467 1.866274 1.202392
1.719036 1.830978 1.164589 1.657726 1.73419
1.193291 1.236529 1.992101 1.911441 1.643672
1.909885 1.771781 2.26497 1.470568 1.075463
1.978267 1.829107 1.57879 1.671964 1.445098
0.5482302 1.736276 1.769543 1.432813 1.473956
1.199483 1.924159 1.994266 1.528654 1.938877
1.526105 1.22384 2.109639 1.601382 2.015996
1.403713 1.437265 1.684082 1.559877 1.39496
1.665955 1.309816 1.937335 1.350018 1.44547
0.7888515 1.916964 1.359784 1.942434 2.089417
1.536641 1.872221 -0.2789502 -1.532076 1.657726
1.464126 -0.4902817 1.994326 1.816667 2.015996
-0.4457291 1.937335 0.4821451
