2.01554 2.161352 1.774183 1.580765 1.860866
1.365284 1.640789 -2.503328 1.162015 -2.816129
2.114039 1.874944 1.673991 2.061267 1.809085
1.895157 1.997769 1.84396 2.13747 1.67288
2.721058 1.130313 1.925584 2.044522 2.046724
1.757906 1.26416 1.965455 2.098091 1.900711
1.872943 1.788009 2.072942 1.723772 1.682031
1.801692 1.319286 -1.06521 -1.900602 1.98754
1.729941 -1.612592 1.203774 1.377885 1.69175
-0.1781396 1.130313 -0.1471031 -0.6299679 1.472428
-1.153269 -0.6498399 -2.129884 -0.5967884 -1.503882
-1.846079 -1.504644 1.132102 -1.270097 1.987773
