-3.456724 2.57675 2.196796 2.222213 1.769792
2.354796 1.634449 3.359901 2.172447 2.161382
-3.456724 2.533622 -1.245552 2.590455 -1.260318
1.824793 1.571083 1.759922 2.077513 0.8406969
2.283175 1.464505 2.395342 2.191779 1.456871
1.677772 2.207536 1.371858 1.744472 1.977229
1.776014 2.028691 1.300468 1.61634 1.427293
1.347875 2.592218 1.883684 1.185404 1.502302
1.431925 1.600671 1.511833 1.241592 2.393006
-1.281734 1.086736 -1.479042 -3.456724 1.426343
1.670479 2.533622 1.297982 -1.002952 -1.847397
2.589766 1.431925 -1.260318 1.418647 1.510551
2.175028 1.477724 1.337989 1.231077 1.94233
2.276249 2.12234 1.833203 2.252761
