1.48209 2.229246 1.666067 2.071836 2.905731
1.733493 2.877949 1.609984 1.564607 1.717731
1.663765 1.856697 1.989556 1.70808 1.639226
1.981565 1.560991 1.586683 2.315323 1.940466
1.597961 1.506799 2.536002 1.397455 1.723172
1.749067 1.743655 1.566259 1.991765 2.970486
1.612606 1.555183 2.491901 1.512612 1.717521
2.71143 1.363003 2.021893 1.859278 1.493834
1.849056 1.698438 1.533631 1.608673 1.874777
1.605003 1.583377 1.665827 1.426122 1.662437
1.570337 1.947705 1.468567 1.489268 1.918583
1.397157 1.951015 1.588812 1.815905 2.22209
2.310225 1.46628 1.302327 1.886857 1.866641
1.552205 1.492321 1.417108 -2.002647 -1.626982
1.403906 1.429108 2.970486 2.300442 -1.666067
1.540463 -1.618712 -2.405368 1.710474 -1.972273
-1.462168 2.127219 -1.547156 1.670824 -2.847735
1.824236 1.92332
