2.574788 2.685279 2.765913 -3.035585 2.263145
-2.913411 -2.851464 3.278422 -2.323924 2.765913
-2.701001 1.861541 -2.116314 -2.765748 -2.877231
-2.123042 2.448167 2.939772 1.922389 -2.520145
2.263283 2.309621 -2.341863 -2.722382 2.502224
1.97188 2.227286 1.859937 -2.971525 2.56063
2.375924 2.735382 2.453516 2.771499 2.750944
2.677861 2.635355 -2.308625 2.194034 2.850907
2.756022 2.164239 3.017264 2.54279 2.786756
-2.416288 2.688611 2.084118 -2.083742 2.63836
-2.448802 -2.899748 -3.02181 1.915571 1.918394
2.168152 -2.747055 -2.718244 2.529631 2.859578
2.570959 2.074972 -2.624493 2.476574 -2.34094
5.424631 -2.288902 2.529534 -2.835563 2.637673
2.456266 2.294363 2.846074 2.676932 2.293021
2.432556 -2.467867 -2.448167 -2.292264 -1.245637
-2.23655 2.13207 -2.653513 -3.019944 -0.9569892
-3.231674 -1.540406 -0.5441331 -0.720172 -1.094933
2.00063 -0.7630048 0.5325714 -2.272741 -1.477103
-1.824577 -1.897616 -0.3827328 -2.900681 2.365183
2.629087 -1.964764 -1.265525 -1.887015 2.132182
2.454452 -2.933787 -2.335917 2.379334 1.370953
-2.825849 -2.41156 1.785379 1.90889 -2.380544
-1.424615 1.101377 -2.163413 -2.854532 -2.954603
1.932585 1.932585 1.704954 -0.3617484 -2.620639
-1.114976 -2.337372 -1.858978 2.351279 -1.845722
-2.236286 -1.775632 -1.80216 -1.80216 -2.23789
1.225314 -1.705827 -1.564239 1.54955 -2.290874
-1.985213 -2.109156 -2.266399 -1.36474 -2.053195
2.350549 -3.040847 2.317432 1.730245 -2.085755
-0.7381942 2.534746 2.534746 1.916477
