1.597813 1.895036 1.90508 1.656303 1.558075
1.941837 1.893315 1.744179 1.556759 1.474579
1.931771 1.61544 1.900223 1.724576 1.658231
1.509166 1.622365 1.594006 1.687674 2.260629
1.941014 1.730741 -1.942588 1.603658 1.766329
1.646523 1.706558 1.473878 1.616417 1.641782
1.595466 -1.982358 1.675397 1.607289 1.880877
1.830093 1.743937 1.834392 1.825866 -1.760806
1.553934 1.553934 -1.72862 -2.176042 -0.4296368
1.84178 -1.464048 -1.698785 -0.6284737 -0.8848485
-1.232334 -0.8509529 1.991062 -1.379028 -0.1828191
-0.2326986 -1.480109 1.648892 -1.17684 -0.5785825
-1.896639
