1.141606 1.484073 0.9774951 0.9546923 0.7598861
1.131285 0.7426656 0.6142588 1.211128 0.6451501
1.351678 1.050908 0.8798961 0.9087642 -1.013702
1.259722 0.5499489 0.9024198 1.062982 1.234267
0.7251149 1.039324 -1.015754 1.112412 1.129882
0.7346524 0.8293194 1.249274 0.9774951 0.851804
1.010007 1.006873 -1.295522 0.7259929 -0.7259929
1.744863 1.861709 0.663296 -1.065493 1.050326
0.9322959 0.7308055 1.28931 0.8621723 0.8648094
0.8138458 1.271545 -1.328574 1.019719 0.8193474
0.7144301 0.8011782 0.7575063 1.551254 -1.78158
-1.240512 -2.264793 -1.568746 1.032104 1.211128
-1.386926 -1.782172 -0.7636841 -0.8424952 -0.7346524
-2.315261 1.035059 1.482865 -2.258533 -1.209007
1.271545 -1.243451 -1.648829 -1.648829 1.027139
