2.557053 2.532204 2.949475 2.513556 3.05533
2.6659 2.804908 2.605735 2.790255 3.43392
2.502748 2.680941 2.600595 2.725637 2.475329
2.572009 2.53632 2.932772 2.694554 2.695287
2.25637 2.59549 2.913126 2.845678 2.689065
-2.593573 -2.279061 2.412562 2.304182 2.757116
2.87063 2.022827 2.450685 2.704665 2.141722
2.152319 2.563659 2.557024 2.062751 2.222169
2.270124 2.248497 2.57779 2.033342 2.431927
2.970882 1.929825 2.264943 2.274737 4.716476
2.374488 2.486094 2.101382 2.250842 2.470091
2.776485 2.85438 2.666223 -2.267406 2.746954
2.518854 2.560123 2.662152 -2.583123 2.472816
