2.17216 -2.750304 1.588712 1.453021 1.766679
1.512737 2.274018 1.944964 2.611284 2.094307
1.978069 2.71752 -1.71756 1.936603 1.563296
1.94821 -1.663644 1.824902 -2.016156 -2.821116
-2.780793 1.982119 1.727186 1.707493 1.694307
1.579209 1.827414 1.723492 1.531936 1.696239
1.729272 2.003514 1.468953 1.761134 1.593857
1.466612 1.723075 2.182008 1.69587 1.770247
1.540911 1.508634 1.982437 1.526369 1.33235
1.590291 1.473781 1.68758 1.693056 2.57379
2.869456 1.697286 1.717457 1.666481 1.733082
2.320641 1.971965 1.550263 2.164024 -2.199452
2.15953 1.785945 -1.957442 1.522277 1.498215
1.820826 1.717564 1.441748 1.806166 1.980287
2.01046 1.592204 1.788753 2.525453 1.861621
1.532326 2.656777 2.054378 1.642523 1.613001
1.854595 1.707052 1.551965 1.905143 1.687313
1.597007 1.866896 1.718768 2.88966 1.710609
2.746338 1.81469 1.753407 1.735868 1.495779
1.895857 1.502682 1.86521 1.988426 1.588672
1.505867 1.469078 1.603548 1.852359 1.947589
2.691731 1.766127 2.435396 1.453891 1.893022
1.57038 1.320628 1.878752 2.06401 1.734221
1.62327 1.614409 1.722599 1.823925 2.923372
2.538746 1.449194 1.496423 1.926407 2.447274
1.624444 1.830825 2.074392 2.054108 1.673193
-2.094069 2.816116 -2.255753 1.824902 1.824902
2.404701 1.829499 1.740848 1.413764 -2.916074
-1.683633 1.843545 2.592542 2.875095 -1.837936
1.586444 1.733984 -1.62634 2.150941 1.807828
1.902006 2.949799 2.110867 1.999871 -1.71556
1.504811 2.217657 1.876167 1.863726 2.1625
2.114304 2.620451 1.793394 1.933383 1.647772
1.738218 1.781902 2.442783 2.381582 1.926333
2.165165 1.951405 1.978167 2.418175 2.200695
1.942657 1.565828 1.934132 2.180849 1.761217
2.121286 1.923672 2.007036 1.788598 2.034406
1.913575 2.054808 2.301642 2.268522 1.600753
1.915712 2.23272 2.003514 -1.897845 -1.790923
-2.940245 1.850614 2.055292 -2.238844 -2.298808
-2.14068 2.409244 1.673193
