2.926195 2.274152 2.584331 -2.875825 -2.707235
2.247284 2.343024 1.630176 1.517552 2.497548
2.48505 2.673181 2.109908 1.853605 2.28217
2.372839 2.04111 2.387155 1.825116 2.325998
1.723382 -1.722161 2.463707 -2.920633 2.028949
-2.369259 2.436238 2.605106 2.111622 2.497476
2.11345 2.438789 1.780225 2.453648 1.961636
2.3185 2.455611 -2.345391 1.840577 2.003793
-2.071684 2.476684 -3.267481 -2.813772 -2.987373
-3.516742 -1.83836 -2.172285 2.552285 -1.935928
-2.842004 1.987904 -2.423007 -1.495687 -1.636651
-2.429852 2.128268 1.228689 2.896891 -1.91486
-1.916583 1.661226 1.630986 1.097017 1.424844
1.214113 1.252191 1.937039 1.999692 1.828213
1.408929 1.544273 0.9772612 1.351975 1.961219
1.219934 1.066815 1.633174 1.382949 -1.364566
1.07586 3.047896 1.900382 -1.544562 1.476636
1.463841 1.00116 1.85964 0.964597 1.420355
1.146822 1.501385 1.906912 1.603394 1.148147
1.35743 1.316707 1.357147 1.420152 2.509894
1.262493 1.783355 2.320047 1.038103 1.462572
2.1345 1.089997 1.189278 -1.031187 1.576769
1.920067 1.602733 1.145748 1.290313 1.655404
1.425021 1.654524 1.727892 1.28362 1.481309
1.173934 -1.582127 1.687672 2.142163 1.453675
1.140648 1.773982 1.19371 -1.327994 1.394223
1.518566 1.272413 1.861238 1.137738 1.822557
1.112689 1.728943 1.815872 1.356982 1.557094
2.060622 1.814833 1.182365 1.682169 1.831565
1.290113 1.67601 1.34417 1.021448 1.042162
1.820273 2.47583 0.9172465 1.169551 1.698327
1.403402 2.349034 1.752978 2.630066 1.302285
1.732631 1.507975 1.293135 -2.279573 1.21883
1.578107 1.498775 1.988828 1.821434 1.430491
1.357016 1.872169 1.943058 0.9395163 1.339072
1.383772 1.290523 1.883783 1.453591 1.371002
1.816048 -1.661858 1.485849 1.349475 0.954097
-1.678251 -1.059148 1.059148 0.6706314 -2.290644
1.307924 2.176828 -1.065472 1.405775 -1.983987
1.336444 -1.472692 -1.683863 -2.211982 -1.387752
1.603394 -2.439199 -1.776068 2.509894 1.459811
-0.9590806 1.083167 -2.262465 -1.513488 -1.576769
-1.690291 -1.306408 1.670093 -2.451852 1.398662
-1.761362 1.494631 1.137738 1.822557 -1.728943
-1.815872 2.028949 -1.813844 -1.738481 1.319598
-1.67601 -1.726282 -1.643687 1.228689 -1.45906
-1.780225 1.094161 -2.896891 -2.896891 -1.806172
-1.936453 2.3185 -5.220966 -1.480033 -1.675358
1.280882 -1.379287 1.158312 0.9847595 1.037653
2.163954 1.070981 1.742222 1.003123 1.372699
1.616581 1.563338 0.7573197 1.820586 0.7189212
1.606639 1.713776 1.167586 1.183146 0.8219824
1.327063 1.449923 1.053084 1.090606 1.471154
1.760181 1.620112 1.408428 1.434232 1.950673
1.160457 1.561906 0.9798504 1.076801 0.7127959
1.248233 1.162757 1.784945 1.169972 1.245178
1.210309 1.198875 1.328349 2.324138 1.304535
1.043739 0.9922201 -1.408164 -2.198645 -2.476684
-1.047925 -1.364566 -1.391127 1.00116 1.306083
1.203544 1.672943 1.373874 1.494453 -1.311507
-0.9173521 -1.975155 -1.09542 -1.190588 1.623765
-1.469908 1.189278 -1.471237 -1.44855 1.28362
-1.744882 -1.388288 1.906571 -2.294065 -1.007505
1.494631 -0.8744812 0.8744812 -1.740751 1.822557
-1.738481 -1.377892 1.698327 -2.630066 -1.10874
1.278375 -1.094161 -1.021364 1.226832 1.414288
-1.877219 -1.719564 0.954097
