2.877002 2.836765 1.551548 2.821578 2.631223
2.606586 2.384972 2.535121 2.625836 2.401556
2.668322 2.239645 2.560133 -2.418946 2.954137
2.475647 2.267112 2.511288 2.649766 2.784933
2.202511 2.382847 2.535097 2.483157 2.443323
2.665468 2.744275 2.856388 2.654003 3.034153
2.75724 2.474646 2.278925 2.740959 2.918911
2.392017 2.48412 2.732854 2.591193 3.134716
2.857863 2.797631 2.590884 2.552247 2.705717
2.691044 2.742207 2.888448 2.464414 2.866893
2.692887 2.680185 3.179993 -0.5030559 -2.462918
-1.926655 -1.934091 -2.425319 2.616622 -1.847781
-2.489763 2.526318 0.2865733 -2.255889 -2.009174
-0.5756912 2.927123 2.399227 -1.359417 -2.674698
-5.544245 2.530294 2.964992 -1.880437 -2.223892
-3.205308 1.956657 -2.019775 -1.932041 -2.166551
2.206951 -0.9957025 2.674416 -2.417643 -2.414197
1.711671 2.39607 2.376735 1.847965 2.184384
2.184384 2.731016 -2.577434 -0.5392568 2.692887
2.485055
