2.858042 2.908059 2.586467 2.958399 2.810872
-1.600623 -2.451893 2.676769 2.675929 2.84725
5.115464 2.556553 2.938935 2.536974 2.889734
2.883448 2.895202 3.014845 2.692855 2.580587
2.686258 2.503621 2.503298 2.729061 2.716689
2.887822 2.985997 2.605122 2.704542 2.499991
-2.723057 2.493177 2.388432 2.758735 3.391169
2.558764 -3.050739 2.968051 2.840178 2.510105
2.553049 2.641223 2.747772 2.385607 2.723536
2.837643 3.020433 2.733999 1.967308 -3.038671
-2.643356 -2.180864 -2.064219 -2.594882 2.87574
2.785127 -1.860688 -2.770758 -0.4087864 -1.476421
-2.508737 -2.221354 -3.016264 2.721142 -1.345247
-2.919392 -2.121252 -1.934557 2.223497 -1.669231
2.972384 -1.324438 2.260931 -2.027338 2.491738
2.475206 2.447532 2.825767 5.570109 2.397188
2.43686 2.524085 2.510001 2.522779 2.491708
3.034697 2.774373 2.374938 2.522367 2.839553
2.702536 2.831789 2.751051 2.768204 3.079337
-2.378123 2.747626 2.81064 2.946126 2.528774
2.432555 2.795464 2.791923 3.041275 1.99821
2.64019 2.474147 3.010779 2.689652 2.636786
2.487778 2.721506 2.440299 2.556787 2.605941
2.592191 2.742247 2.583356 2.634504 2.654229
3.01641 2.707195 2.741617 2.735977 -2.676769
-1.500467 -1.500467 -1.953368 2.626398 2.889734
1.75767 -0.2632669 -2.629543 2.671966 5.329048
-2.304408 -2.181631 -0.8485476 -2.815889 -0.6371854
2.968051 -0.5110402 -0.5814107 -2.696356 -1.513005
-1.507092 2.833185 -2.081372 -2.311452 -2.021277
-2.405206 2.183101 1.460958
