2.904093 2.363421 1.878099 1.99062 1.824473
1.803523 2.475754 2.005155 2.39084 1.497232
2.412498 2.452576 1.491179 2.148924 2.597
2.242799 2.210234 2.11957 1.692875 2.568988
2.152645 2.686802 2.004575 2.054024 2.172003
2.116164 1.959783 2.137873 1.772834 2.041548
2.109756 2.472063 2.225157 2.090714 2.185137
2.033311 2.143677 1.473971 2.045506 1.868219
1.974942 2.311045 2.860199 2.6131 2.148924
-0.5145032 2.969081 1.978831 1.951976 1.598628
1.54323 1.901491 2.304276 1.876121 1.85376
1.919524 1.564346 1.80165 2.207919 1.651245
1.90524 1.833142 1.829756 2.089194 -1.369399
-0.3073838 -0.2507169
