1.11639 1.012194 1.275809 1.13302 1.426893
2.176659 1.451865 2.561428 1.296615 1.694339
4.140535 1.689254 1.798304 1.867479 1.050392
1.060854 2.063187 1.206324 1.580455 1.493281
1.217228 1.493836 1.807175 1.573217 1.358044
1.256269 1.167677 1.544193 1.82603 1.255994
1.420529 1.451883 1.436461 1.490707 1.286686
1.853308 0.9527742 1.591721 1.356862 2.736341
1.254535 1.649069 1.100887 1.392147 1.793139
1.58938 1.079133 2.868286 1.937059 1.21386
1.741618 1.390237 1.452979 1.184054 1.334984
1.300763 1.851546 1.96414 1.680279 1.12309
1.506948 1.219718 1.356208 1.418516 1.547897
1.692935 1.745073 1.409125 1.3069 1.023823
1.767319 1.810575 1.888174 1.267234 1.538422
1.274749 1.571407 1.661577 1.37619 1.235545
1.817585 1.488886 1.155167 1.572301 1.529734
1.8164 1.487469 1.559893 1.293404 1.375083
2.237841 1.333011 1.152114 1.333669 1.546027
2.214953 2.005132 1.007968 2.234242 1.231307
1.189032 1.590616 0.9217692 1.372676 2.515475
1.728049 1.578063 1.893889 1.507177 1.20284
1.482712 1.153432 1.370794 1.089351 1.168525
1.624081 1.548537 1.368411 1.420713 1.094001
1.050166 1.314186 1.467817 1.573048 1.377524
1.392419 1.579646 1.563845 1.511653 1.639905
1.057541 1.320645 1.232518 1.200718 2.21338
-2.046898 1.312893 1.298421 1.314501 2.005341
0.9810225 1.605319 1.372386 1.263021 0.7017607
1.1763 -2.447399 1.53622 1.335467 1.438
1.444591 1.580455 1.234992 2.056196 1.520021
2.340477 1.230574 0.9120713 -1.249939 1.249939
1.606965 1.116717 1.493474 1.364083 1.727735
1.399645 1.523118 1.25799 1.322987 1.290356
-1.352471 1.288211 1.731463 1.290582 -1.436664
-1.419551 1.327156 1.327156 1.669494 1.047708
1.047708 1.047708 1.331695 1.132514 1.11639
1.126943 2.198195 1.470482 1.602057 1.45641
1.642948 1.432595 -1.844259 -2.124402 -1.496543
1.350088 1.924475 1.274749 1.517122 0.9837877
1.222786 1.235545 -1.425301 1.269375 -1.557319
1.470261 1.196822 1.782111 1.482104 1.297047
1.297047 1.297047 1.507848 -1.923958 1.333669
1.518257 1.944071 1.80268 1.924861 -1.695954
0.9141804 0.9141804 1.425042 1.274701 1.161202
1.671625 -1.591041 1.27621 -1.8813 1.632984
1.330646 1.330646 1.330646 1.153432 1.823916
1.208044 1.403062 1.509917 1.091936 1.334091
1.118463 1.457476 1.403451 1.434878 1.498057
1.050166 1.388532 1.290931 1.290931 -1.413248
1.106526 1.417984 2.556306 1.154941 1.279659
1.860507 1.85622 2.085097 2.59278 2.170272
-1.773148 2.043682
