1.480913 1.01447 1.335311 1.510572 1.189919
1.605548 1.511772 1.085278 1.271458 1.590044
1.389433 2.119376 0.910752 1.54732 1.466855
1.636949 1.055303 1.102373 1.813461 1.257096
1.68149 1.362875 1.382199 1.438528 -0.9866069
1.457242 1.379612 0.8685785 1.79566 1.595263
-1.056248 1.57291 0.4162006 2.363438 -1.639977
-1.639977 0.8887873 -2.041217 -0.7740581 -0.7012349
-1.127664 -0.5966635 -0.5296264 -0.5310213 -0.3092692
1.497129 -0.5860383 1.893672 -1.210497 -2.932039
-1.609406 -1.139324 -0.8540814 -1.556034
