1.635757 1.568145 1.685645 1.698244 1.857183
1.684131 1.678982 1.228868 1.78777 1.432731
1.88271 1.459397 1.813246 1.986682 1.77936
1.908331 1.842253 1.308179 1.999381 2.013799
1.187888 1.902562 1.956468 1.894211 1.701228
1.205727 1.270623 1.864947 1.63567 1.481606
1.939014 1.924148 1.662489 1.70559 2.519008
2.14113 1.796094 2.101495 1.740851 1.258354
1.688002 1.84362 1.54205 1.725413 0.8584107
0.994116 1.883625 1.756959 1.616329 1.754396
1.748961 2.158019 1.58502 1.695742 1.470786
1.872325 1.848797 1.698244 2.158408 1.684131
0.9597135 1.592549 1.610814
