2.555766 2.153549 -2.531288 2.693167 2.517731
2.495887 2.3299 2.823094 2.439329 2.010743
3.135389 2.691215 2.502493 1.91336 2.673664
2.691215 1.243136 2.489051 1.9249 2.367846
2.081313 -1.650349 2.325556 1.379963 1.932938
1.990299 1.919317 2.098733 1.684468 -1.656637
-1.830715 -2.401686 1.91336 -1.984899 2.130672
1.574344 3.135389 -2.200502 -1.13798 -2.107895
2.238864 2.691215 -1.140568 -1.927524 2.228851
1.520505 -1.274392 2.591646 -2.591646 -1.891301
1.3949 2.27017 1.135855 1.612171 1.14941
1.063693 1.12534 -1.016144 1.91336 1.109939
1.388235 -1.851303 -1.414705 -2.283766 1.273954
2.591646 1.761869
