1.549664 1.738648 1.465418 2.235365 2.152194
-2.834764 4.359595 2.285084 1.568057 2.281925
-2.004961 -3.014797 -1.364597 -2.605314 -2.21415
-2.270204 1.213556 1.357415 1.339823 -1.083128
2.094129 1.694076 2.545878 1.215772 1.706537
1.859917 -2.387948 1.979745 1.551592 -2.050543
1.351767 2.425282 2.269032 1.050176 1.687869
1.413133 1.243198 1.234656 2.305998 1.743119
1.651807 2.291999 1.395381 1.95611 1.408863
1.773972 2.09966 1.176348 -2.605314 1.262952
-1.950406 2.534397 3.125348 1.591869 1.697766
1.984307 1.704743 2.295684 1.864167 2.053766
1.957627 1.310697 1.661646 2.306473 2.809004
1.669272 1.658091 1.379246 1.520334 2.420083
-1.498264 -1.083128 -2.673573 -1.465418 -1.076095
-3.380216 -0.9413429 2.152194 2.152194 -2.144889
-2.605314 -1.93805 -1.678762 -1.187158 -3.041613
1.356099 1.356099 -1.520334
