-1.385334 1.80825 2.064172 1.191703 1.172651
0.9640188 1.361408 0.8866987 0.9602584 1.736736
1.550655 0.7749167 0.7599529 1.337369 0.8934683
1.572352 1.081406 1.390373 1.026641 0.8980022
1.014975 1.113056 1.591987 2.239657 0.8180686
1.210863 1.299667 0.9276151 2.012083 0.9641385
1.026971 1.245587 1.403763 0.6500673 2.219964
1.568725 -1.336849 1.12863 -1.238635 -1.565015
-1.639245 -1.385334 1.984112 -1.977155 -2.005728
-1.67442 1.234567 -1.768062 1.534364 -1.240559
2.7809 1.264278 1.127145 1.921743 1.17993
0.9398588 1.546626 1.263168 -2.236452
