2.533387 2.856033 2.368628 1.743331 2.359729
1.648573 2.47939 2.717161 2.405812 2.614976
2.501147 2.47978 2.774328 2.508769 2.13294
2.413168 1.91867 2.211304 1.95817 2.692807
2.115192 2.282835 2.184522 2.822959 -0.3631878
-0.4989634 1.839145 -0.4266263 2.348554 -0.2787998
2.237047 2.939042 2.258157 2.401861 1.729114
1.970225 2.074458 1.84589 2.392143 1.65552
1.272696 1.749247 1.231513 1.171236 1.526229
1.847398 1.810583 1.641062 2.127901 1.488234
1.565231 1.638846 2.513627 2.172361 2.038581
-2.321671 1.454242 2.51588 -2.217337 1.906592
1.752071 -0.9897011 1.930015
