-3.125669 1.168417 1.643082 2.357758 1.741875
1.27448 1.709 1.871714 2.036695 1.601457
2.667763 1.939454 -1.592615 -2.022867 -1.498976
-2.801117 2.102588 -2.460515 -1.692146 1.455084
1.727926 1.133245 1.027932 1.561539 2.827944
1.288848 1.19625 1.685422 1.698728 1.450838
1.501433 1.109351 1.576752 2.368106 -1.646653
1.727926 -1.977982 -1.577131 -1.123591 -1.266042
-1.216542 1.016207 -1.942926 1.177154 -1.54476
-1.450023 -1.243468 -0.968901 -0.9326295 1.004119
-1.597986 1.124252 -1.797753 -1.690493 -1.971279
-1.777395 -2.899691 1.299225 1.556171 1.156076
1.416221 1.098679 1.279214 1.539914 -5.943163
1.150967 -1.338502 -2.087539
