2.67747 2.573286 2.764411 2.784089 2.671701
2.593487 2.391211 2.880383 2.286693 2.623769
2.779828 -1.492992 1.908618 1.332186 -1.369553
1.461662 1.937749 1.620613 1.246788 1.688736
1.291718 2.176818 2.042339 2.547858 2.120515
2.506246 2.427326 1.974273 1.680805 2.462285
1.43891 1.462409 2.89433 2.008165 1.563892
1.744202 1.574792 2.149358 2.526476 1.7123
1.745529 1.824707 1.887149 1.766577 1.742676
2.007224 1.836219 -1.84979 -1.975257 -1.519749
-2.229204 -2.91285 -1.923936 -1.92234 2.245016
1.652947 -2.016642 -2.044903 1.462594 1.767777
1.298808 1.311065 1.103015 -1.750912 1.11564
-1.139198 0.97952 1.531271 1.796164 1.181851
1.140357 -0.9298125 1.729807 1.429775 1.123191
1.114558 1.196062 0.9518823 1.605455 1.508644
1.220346 1.010143 1.262068 1.444821 1.113182
1.197685 1.973884 1.178391 1.088532 1.132559
1.915644 -1.910926 1.526216 0.9705705 1.284787
1.827599 1.036456 1.086087 -1.235769 1.755932
-1.271079 -1.750912 1.526183 -1.569581 1.266176
-0.9469634 -1.481785 -1.17287 -0.9333364 -1.034873
-1.611961 1.010143 -1.665208 -1.562726 -1.151675
-1.151675 1.461662 1.461662 -0.9769793 -1.192833
2.583219 -1.476134 -2.505849 -1.462594 -1.509812
1.435012 -1.91514 1.389634 1.773272 1.411318
1.215578 1.861182 1.550282 1.768483 1.065519
1.218306 -1.645413 -1.816109 -1.101822 -2.015034
1.611961 1.30999
