2.815119 2.328152 -2.750446 2.803528 2.796769
2.445646 3.00797 2.815965 2.668547 2.881986
2.93973 3.001468 -2.744692 2.601648 2.510606
-2.186467 2.815119 2.441103 -2.556791 -2.545948
2.562506 2.576188 2.710376 5.043865 2.835275
2.447124 2.838624 2.384199 2.816192 2.74836
2.660993 2.602276 2.466244 2.415204 2.639629
2.809644 2.521401 2.401111 -2.643707 2.415577
2.285933 2.664061 2.468258 2.921299 2.910399
2.726459 2.401103 2.639898 2.277095 2.622387
2.903792 2.446272 1.869689 -2.773198 -0.9992226
-2.701756 -2.473686 -2.445646 -2.66029 -2.690151
-2.599332 -2.04793 -2.173097 2.697381 2.847651
2.438601 2.411614 2.718551 -2.358535 -2.583858
2.907195 2.642248 2.21801 2.44456 2.713395
2.640321 2.968899 2.454711 2.281406 2.535017
2.700962 2.409902 2.358045 2.692485 2.695749
2.986215 1.913814 5.248954 2.532804 2.407429
2.858207 2.555047 2.552657 2.554201 2.653628
2.485297 2.528546 2.48697 2.697161 -2.621251
2.526404 2.945036 -2.692746 2.653722 -1.68345
-1.963508 2.582828 -0.2818057 -2.816192 -1.384302
-1.687 -2.289281 -2.414723 -5.291426 -2.186467
2.81236 -2.735848 -1.808909 -2.910399 -0.6270002
-2.742492 -1.86718
