2.870958 2.445211 2.311481 2.635185 1.124946
-2.632566 1.678581 2.615523 2.312745 2.250468
2.401559 2.112118 2.113813 2.285807 2.303663
2.244018 2.200292 2.394598 2.310808 1.682749
2.542775 2.314449 2.809493 2.226896 2.802314
2.183276 1.995433 2.126572 2.592852 2.506902
1.99509 2.43441 2.279443 2.106862 2.073164
2.722688 2.46634 2.434445 -2.310527 2.713502
2.284216 2.777149 2.564377 2.125134 2.301834
2.552108 2.596798 2.639542 2.4381 2.158194
2.216378 2.528901 2.173379 2.474154 3.955392
-2.470243 2.336967 2.460054 2.405547 2.741649
2.621883 2.579722 2.220836 2.312965 2.468261
2.438211 2.228678 2.070307 2.717459 2.299034
-1.791485 3.059769 2.311481 -2.320595 -1.531999
2.079609 -2.117503 3.123275 1.812133 2.679157
2.183805 -5.121457 2.386195 2.830793 -1.855544
-3.155153 -1.086274 2.485263 -1.385804 2.12244
2.600059 2.062938 2.205593 -2.300469 2.40623
2.78844 2.203526 1.564033 1.601 1.413139
1.556499 1.749098 1.732217 1.941447 -1.833222
1.551857 1.408409 1.603683 1.341262 1.839623
1.508578 1.746281 2.441744 1.665401 2.621666
1.493686 1.453376 1.502908 1.187196 1.257228
1.73091 -1.863228 1.691057 1.578808 1.343294
1.8107 1.549463 1.154678 1.615265 1.372914
1.686157 1.725325 1.683835 1.473086 1.994541
2.240104 1.546849 1.505151 1.495699 1.94165
1.831363 1.437142 1.821082 1.890022 1.615534
1.305847 -2.29318 1.734152 1.526749 3.136755
2.345525 2.567722 1.414188 1.75933 1.538584
2.105217 1.488198 1.813064 1.852558 2.440641
1.649877 -1.358424 -1.53594 -1.833222 -1.457321
-1.203086 -1.198076 1.641269 -1.107948 2.341523
1.621464 -1.220291 -2.47924 1.612075 -1.4532
-1.085744 -1.684183 -1.548185 -1.367844 1.774155
1.552865 -1.563902 1.96586 1.304586 -1.26591
-1.478515 -1.730102 2.004675 -1.354735 -1.464476
-1.311413 -1.254004 1.936962 1.591411 -1.412741
1.000282 -1.699296 1.838578 2.564889 -1.110931
-1.481685 1.69302 1.318722 1.424444 1.382154
1.360157 1.755047 1.573921 1.034767 -1.205962
-1.405235 1.523357
