0.91569 0.9261648 0.9162865 0.9383881 1.313834
1.16177 1.373192 1.038304 0.9408275 1.968546
0.8404853 1.109131 0.9058831 1.381691 1.102294
1.171509 1.516561 0.917906 1.077414 0.8047866
0.9653536 1.154106 1.22273 0.9109809 -2.228594
1.264477 -1.376405 1.87393 0.7017041 1.997384
-0.9353158 -1.213838 2.006947 -1.075505 -1.171509
1.986222 -1.240398 0.8202698 1.010307 0.9044697
1.643727 0.7428157 1.004685 0.9450777 0.5259725
0.5986697 0.8850015 0.7716766 0.6667682 0.8404329
0.9749312 1.149423 1.335585 0.9602876 0.6497694
1.002201 0.9201449 1.154775 1.563084 1.013429
1.015414 0.5844397 1.207673 0.743304 0.9893091
0.9448947 -1.832783 -0.7695824 -1.302219 -2.176445
0.9149116 1.198588 0.8784471 -1.398965 0.9201449
-1.885072 -1.934957 1.5251
