2.639897 2.181061 2.760587 2.393288 2.533427
2.312905 2.481413 2.241519 2.225596 2.641893
2.541802 -2.520134 2.505228 2.250766 2.355978
2.729421 2.417755 2.488855 2.763629 -2.62707
-1.900415 -2.663999 2.393288 -2.132886 2.1053
-2.165658 -2.314653 2.36613 4.565085 -2.655988
-2.323038 2.065097 2.215821 1.800714 2.178397
2.410687 2.364702 2.00837 2.123465 -2.208373
2.078615 -2.641921 -1.700216 -2.439854 2.123614
2.319154 2.358381 2.57661 2.26966 -3.403829
2.382687 2.305681 -1.997933 2.076714 -1.669361
5.096619 2.194005 2.21392 -1.990932 2.533158
2.28433 1.842086 2.140417 2.054724 2.277805
-2.395096 -2.185724 -2.301134 -2.123614 -1.766214
-1.471466 -2.302559 -2.728662 -2.313331 -4.408139
-1.155054 -2.031204 -2.171125 -2.560019 -2.595015
-2.213351 -2.075337 -1.49682 -1.377983 -2.039822
-1.413483 -1.93235 1.938676 2.382855 -2.855929
-1.801068 -8.317742 2.601303 1.695407 1.951625
2.327846 1.885617 2.12401 1.487908 -1.374908
1.928733 2.23599 1.825847 1.952062 1.945792
2.003907 2.002807 -2.936824 -2.415102 -1.358662
1.769267 -2.085897 -1.429178 -2.275462 -1.734079
-2.279637 -1.387545 -1.452901 2.822432 -1.221071
2.542854 1.925943 1.547585 1.524625 2.253445
2.323101 -2.123968 -2.862672 -2.09167 -1.880221
-1.891319 -2.068622 -1.583663 -2.22365 2.145632
2.502731 -2.349266 -2.450026 -2.089351 2.416954
-1.98321
