2.154768 2.642229 1.968807 2.272711 2.153962
2.143497 2.242664 2.655081 2.592783 2.146648
2.024341 2.677055 2.501059 2.255559 2.220561
2.656501 1.966816 2.487236 1.781939 2.217124
1.804465 2.026284 -2.217383 1.483333 1.633048
1.514786 1.90966 1.994248 1.714715 1.439816
1.844037 1.394937 1.706313 1.466156 1.905197
1.07934 1.269228 1.217175 1.665892 1.983417
1.924302 1.631879 1.792217 1.524641 1.963624
1.808147 2.18847 2.042258 1.663265 2.266065
2.426755 1.635913 1.637309 2.203736 2.12211
1.823124 2.071936 1.955132 0.8261627
