1.941357 2.04506 2.493983 1.9128 2.28256
2.329455 2.308183 2.917429 2.245171 2.655653
2.13778 2.009925 2.052539 2.128284 2.161085
-1.927733 2.76447 2.24879 2.055814 2.284681
2.986896 1.939385 2.875929 2.498446 2.357421
-2.483571 2.348262 2.089623 2.240626 2.173803
1.904747 -2.814303 -1.038503 1.790381 2.031824
2.359243 3.056487 3.056487 2.046379 1.730112
2.075959 1.813663 2.170392 1.854596 2.938011
1.87553 2.126027 1.881025 1.083456 1.751416
1.322617 1.851724 1.946392 1.863609 2.688545
1.624996 1.814594 2.389126 2.729897 2.623366
1.957696 2.192252 2.196497 2.133715 1.83889
1.85696 2.228063 1.804131 1.587415 1.288302
1.993047 2.193951 1.846001 1.725071 1.536153
2.147256 1.730919 1.549803 1.473634 2.100009
2.170062 2.082994 1.504572 1.618522 1.938648
1.555181 1.942871 1.767634 2.087464 1.344278
1.667725 1.802449 2.240626 2.240626 -0.3032281
1.835674 -2.211921 1.220314 1.268154 1.946392
-0.3256078 2.49262 2.186944 1.9128 1.9128
1.661475 1.875871 1.444046 2.128284 2.041971
2.041971 2.76447 2.31276 1.551688 -1.551688
1.768222 3.056487 1.804644 2.187023 2.862419
1.950474 2.080849 2.070343
