2.084678 1.940675 1.971316 2.06983 2.565025
2.099854 1.689532 1.744425 1.77584 1.893193
2.329237 2.675433 2.172286 1.031918 1.433808
1.686615 1.316186 1.250697 1.521093 1.517856
1.230276 1.76393 1.235427 1.369183 1.788785
2.023906 1.166614 1.21291 1.82971 1.240758
1.032323 1.908789 1.017293 1.908291 1.455961
1.113685 1.64615 1.999695 2.067466 1.724558
1.480445 2.157785 1.174041 1.340182 1.440617
1.775231 1.290911 1.488266 1.314343 1.239356
1.62769 1.145124 1.425071 1.36079 1.729844
1.541979 1.153546 0.9614153 1.381252 1.527851
1.434209 1.230612 0.8635547 1.460961 1.184847
1.278431 1.325116 1.170731 1.121975 1.358932
1.333057 1.152769 1.389813 1.490613 1.552745
1.826889 1.136089 1.883161 1.267963 1.07109
1.203159 1.134913 1.524956 1.500013 1.392461
1.191697 -1.662282 1.688756 1.165309 1.808828
1.194109 2.675433 1.540638 2.06983 1.17529
1.083058 1.362414 1.412386 1.312199 1.319749
1.260561 1.127044 1.236325 1.669416 1.155643
1.30668 1.052267 1.237874 1.306855 1.468428
