2.946956 2.907628 -2.631686 2.498267 1.946079
2.371945 -2.160925 1.949824 -1.936974 1.217909
1.624073 1.283035 1.736627 1.832444 1.18207
1.254216 0.9720285 1.293858 1.384006 2.133089
1.51967 1.11538 1.747518 1.216485 1.165558
-1.075319 0.9827623 -1.61376 1.703872 -1.949824
0.9713572 -2.020079 -1.377276 1.434385 2.060249
1.869725 1.162569 1.430884 1.341339 1.621414
1.621414 1.698923 2.13706 1.793299 1.711442
1.731892 1.705453 1.419732 1.635537 1.788156
1.869725 -1.453052 1.269341 -2.00237 -1.433391
1.706336
