1.827891 2.82882 1.651593 2.434829 1.86636
1.611178 -1.168831 2.05664 1.469324 1.584753
1.711443 1.67265 1.885262 1.893295 1.639028
1.590633 1.902933 -1.570197 1.78557 1.876013
1.762013 1.892445 1.783259 -1.539811 2.0827
1.427412 1.459277 1.982888 1.942643 1.614203
-1.300021 1.709006 1.805741 -1.674519 1.652452
-1.672687 2.02244 1.472402 -1.59193 1.894042
-1.723196 -1.359631 -0.3744802 -1.876472 -0.2070595
-0.2561013 -0.2682206 -1.826024 -0.353663 -0.8312414
-1.679439 -1.611616 -1.440919 -0.5591856 -1.101307
-2.005921 -1.168831 1.651593 1.775836 -1.192613
-1.215382 -0.7975697 2.010364 -0.7822224 1.653043
-1.992541 -1.803653 1.121303 0.9921329 -1.448595
-1.316911 -1.071664 -1.765045 -1.627563 -0.9424792
