2.822098 -2.84104 2.819144 -2.696575 2.52926
-3.011341 2.542058 -2.734027 1.919821 2.448337
2.380532 5.667802 2.415182 -2.459878 2.463477
2.457566 2.948209 -2.667491 2.789449 2.716927
2.645777 -2.20123 -2.324758 -2.694278 -2.920797
2.839636 2.702089 -2.717958 -5.234178 -2.472325
-2.431222 -2.267815 2.91872 2.58599 -2.411296
2.705785 -2.662835 -2.392313 2.53669 2.573874
2.676864 -2.631836 -1.436822 -1.873003 -2.329891
-2.545617 -0.9806166 -1.763355 2.598633 2.384311
-2.907836 -1.336596 -2.84104 -2.359779 -1.782306
-0.5583503 -0.6933635 -2.599476 2.631094 -1.621265
-2.843662 -2.848413 -1.399958 -2.503406 -2.696135
-1.919821 -2.922958 -2.525311 -1.950961 -2.620037
-0.3589817 2.768962 -1.855271 -2.326543 2.265093
2.671175 2.897789 2.44345 -2.386683 -2.49629
-2.631954 -2.808696 2.742034 2.635897 -2.49911
2.488828 2.46166 2.53004 -3.017483 -2.38499
-2.049871 -3.14966 2.668928 -2.694278 -1.612732
-2.335169 -2.551449 -1.803623 -0.4646788 -2.411296
-1.804215 -2.3436 -2.31609 -2.448432 -2.326141
