-2.888145 3.064102 3.115155 -3.054155 1.868966
-3.076055 2.671109 3.115155 2.715614 2.073533
2.610784 1.749478 2.89918 2.494119 2.508306
2.929669 1.997349 2.27698 2.815602 1.786038
1.1626 1.758136 2.067187 2.063066 2.142318
2.498177 2.289395 3.115155 1.868966 2.652388
2.509209 -1.855832 2.219822 1.630709 2.39196
2.151388 1.276232 1.199846 2.070419 2.240728
1.681381 1.399268 1.862267 1.752211 1.726989
1.742568 1.952729 1.833196 2.369153 1.704232
1.84756 2.898199 1.972954 2.151388 1.797673
3.115155 2.467214 2.089243 1.726989 2.277437
2.745023 1.572952 1.823089 1.886372 2.03216
1.866286 -2.227806 1.905393 1.972113 2.49731
1.680989 1.428392 1.935123 1.988542 1.343923
1.793309 1.760734 1.940656 1.951957 1.835624
1.555452 1.431543 1.644354 1.988543 1.878148
1.701612 1.458451 1.89316 2.051198 1.741027
1.892942 2.039455 1.652863 -1.008019 1.797673
1.887358 -2.227806 1.737233 1.834138 1.631382
1.584975 1.95521 2.1196 1.684569 2.397211
1.383065 1.930211 1.525924 1.43158 1.729147
1.666323 1.619831 2.106563 1.998571 2.186895
1.662134 1.802981 2.236149 2.171348 2.153193
1.465719 1.919289 1.452468 1.438893 2.09121
1.715005 1.863946 1.894174 1.915762 1.635559
1.730198 1.458743 1.86965 1.969845 1.844979
2.017262 1.496735 -2.275282 1.592538
