2.245084 1.58819 1.944729 2.094906 2.140089
-2.350323 1.417111 1.831797 -1.72414 -1.671022
-2.645776 3.185178 -1.791914 -1.638794 -2.800768
-2.458283 -1.895615 -2.770442 0.6936251 1.538543
0.9320451 0.6416593 1.00138 1.44606 1.005997
2.045761 0.829875 0.8667091 1.863663 1.863663
0.8456008 0.949308 1.159461 1.188916 0.6628024
1.488832 1.086232 1.30274 1.156822 1.339336
0.8222938 1.098752 1.986532 1.21982 1.124047
0.9825276 1.229872 1.053241 1.089195 1.086519
0.658905 0.8868611 1.262838 0.835996 0.9680716
1.142553 1.215795 1.313116 1.599453 0.6704054
1.397057 1.661659 1.307806 1.14474 0.916885
0.7482146 1.250581 1.254873 1.158979 1.130223
0.943202 1.380281 1.226674 1.021897 0.9420634
0.9420634 -2.12918 -1.725301 0.8073784 -2.105157
-1.334314 -1.29921 -1.866706 -1.66738 1.339336
-2.045659 2.242013 -2.53806 -1.012632 -1.517011
-1.501338 -1.742969 -1.734888 1.311818 1.317271
-2.773338 1.141606 1.081912 0.9635948 0.8179258
0.7856702 1.067564 1.916121 1.412243 0.8453243
0.7408507 1.309836 1.085233 1.082582 0.9640756
0.9350338 1.061271 0.9672171 1.021608 0.8609502
1.106472 0.9216954 1.121597 0.5886945 0.8854831
1.223418 0.6980955 0.8141993 1.403817 -1.547996
0.7823167 -1.786734 1.311818
