-2.792551 -2.6903 -3.125139 -2.642228 -2.359902
2.649236 -2.702613 -2.717704 -2.505939 -2.607973
2.691376 -2.781227 -2.916312 -2.493886 3.118081
-2.702613 2.751016 -2.449405 -2.66728 2.445372
-2.493886 -2.692553 -5.277192 -2.784912 -1.814163
-2.794522 -1.952074 2.413491 -2.635908 -2.36943
2.326911 -2.342255 -2.784912 -2.485586 2.75054
-2.768234 2.77899 2.346464 2.672257 -2.999894
-2.54735 -2.646634 3.118081 -2.36943 -2.757488
-2.810774 -2.810774 -2.784912 -2.440333 -2.449405
-2.166396 -2.691298 -2.016891 1.929545 -2.243875
-2.431162 2.032271 -2.130643 2.209211 -2.325761
2.031669 -2.134883 -2.32447 3.118081 -2.272523
2.021763 -2.624647 2.130924 -1.840161 -1.776776
-2.193885 -1.612524 -2.69257 2.91291 2.91291
-0.6210034 -2.377081 -1.263345
