-2.876981 -2.852913 -3.084312 2.948186 -2.792876
-2.701831 -2.598646 -2.160409 -1.872848 -2.478745
-2.8724 2.707506 -2.425199 2.587132 -3.330234
-2.657209 -2.18543 -3.100278 -2.97107 -3.165501
-2.93034 2.461678 -2.544672 -2.437276 -2.618668
-2.424576 -1.63111 -2.894794 -2.171911 -2.171911
-2.742776 -2.05801 -2.106845 2.700171 -2.442459
-2.42285 2.792248 -2.456703 -2.420496 -2.540022
2.564601 -2.593124 -2.575079 2.826911 -2.033057
-2.405762 -2.734535 -2.269805 -2.465384 2.88378
2.88378 -1.773975 2.495443 -2.948416 2.461678
-2.248415 -2.527027 -2.248361 -2.158867 -2.30854
1.967821 -2.046943 -2.255282 -2.0724 -2.046943
2.026529 1.86167 1.872265 -2.136913 -1.97677
-1.475208 -2.067059 -1.419316 -1.66303 -2.471341
2.850516 2.085811 2.371531 2.355309 -1.94903
-2.693445 2.053988 1.984631 2.168435 1.801539
2.430511 1.992948 -1.201924 -1.97677 2.097918
2.289569 -1.782764 1.707375 2.180608 1.540757
-2.241813 2.021841 2.15781 1.634691 2.091853
1.844068 2.466104 2.13508 -2.001714 2.355309
-1.94903 2.168435 -2.13866 -2.232414 1.151068
-1.844128 -1.754243
