-1.763158 -1.479444 1.65225 -1.105876 0.7180576
0.7759023 1.814086 0.5365155 0.6914981 1.239396
1.138287 1.636644 1.237874 1.815146 1.007532
0.9243947 0.9511576 -1.254361 0.5886945 1.188903
0.7593098 0.9277166 1.78384 -1.317486 1.894288
-0.9998633 1.651209 0.6201638 1.332157 -2.164228
1.472071 -1.199601 -1.455548 1.788126 1.293388
-1.445013 -1.324686 -1.580719 1.025572 1.086856
0.8556602 1.720821 0.8373894 -1.474332 1.495147
0.5576611 0.6282114 1.096051 1.236872 0.9689487
1.273569 1.084784 0.973372 1.235075 1.241811
1.996137 -1.365249 1.286779 1.663341 0.9989292
1.28817 1.709589 -1.404078 0.9703349 -1.652703
1.473613 1.337615 1.084709 1.079986 1.026364
-1.93962 -1.333525 -1.633766 -0.9076934 -2.019651
-1.235349 -1.594665 0.8450109 -1.465648 -1.138379
0.8078365 -1.79136 -0.9620707 -1.775864 -1.23198
-1.280119 -1.843498 -2.03585 1.237874 0.9486549
2.001888 1.303752 -0.8853236 -1.404794 -1.404794
-1.783118 -1.702886 1.352611 -1.763158 -2.284898
-0.9118281 -0.9560162 0.9560162 -1.964074 -1.337513
-1.411517 -1.425219 0.7138399 -1.443688 -1.407041
-1.677233 1.562217 -1.330926 -0.7405526 -1.727103
1.36576 -0.9998633 -1.393997 -1.398755 -1.472071
-1.319288 1.625267 1.625267 0.8425064 -2.009699
-1.885315 -1.2023 1.81575 0.5948992 -0.7765833
-1.479444 -1.433084 -1.183007 -2.146496 -1.771686
-1.618495 -1.806623 -1.36744 -1.474332 -1.186549
1.186549 -2.543114 1.096051 -1.90865 -1.180571
0.8501826 -1.812424 -1.247755 -2.052239 -1.508044
-1.902025 -2.542569 -1.65695 -1.228155 -1.584885
1.264918 -1.404078 -1.092133 -1.667639 1.667639
-1.028236 -1.400778 -2.211883 -1.697593 -1.652703
-1.468612 -0.9852952 -1.751357 -1.443128 -1.142571
-1.841542 -1.885952 -2.929571 -1.502457 -1.384106
0.9322959 0.9401564 1.071082 0.7007055 0.8351654
0.761583 1.308839 0.5039015 0.9504393 0.7310782
1.064534 0.8727865 1.069479 0.5264589 2.025655
0.9277001 1.467031 0.7577045 0.6106652 0.631212
1.328228 1.098331 0.4661092 0.7264236 0.9245711
0.9442085 0.9368755 0.6485261 0.9290881 1.021468
0.8918148 0.5762534 0.6674073 1.462683 1.128363
1.723612 0.9920664 0.7090357 1.097692 1.2611
0.8281736 1.167919 0.7471234 0.7447807 0.8529689
1.175726 1.493528 0.8743628 -5.713642 0.8078365
0.8078365 -1.99376 1.532862 -1.773441 0.6494245
-1.777136 -1.358585 -1.034412 0.8132715 -1.42293
-2.018302 -1.849506 -0.8095114 -1.203287 1.376446
-0.8040981 -0.785673 1.680805 1.056774
