-2.747567 2.454086 -2.776861 -2.927993 2.40451
2.588066 2.846344 2.624605 2.193252 2.267965
3.338911 -2.957254 -2.720071 2.473986 2.619879
2.732781 -2.655394 -2.662422 -2.486333 -2.660075
2.607747 -2.897329 -2.317089 2.736023 2.677865
-2.864523 -2.393956 2.462499 -2.221234 2.481824
-2.355192 2.665162 -2.46405 2.870876 2.566178
-2.679387 2.739555 -2.916481 1.854425 2.714145
-2.104811 2.152598 2.352299 2.107995 -2.461634
-2.327629 1.686914 2.541296 -2.282506 -2.396643
2.45695 2.359676 -2.832652 2.254542 -2.631689
-2.739555 1.879008 -2.934659 -2.138731 -3.085967
2.683846 -1.76622 -2.332716 -2.106703 -1.897147
1.897147 -2.169306
