2.465945 2.534021 2.411641 2.434304 -2.528139
1.949056 -2.806761 1.558857 -2.132581 2.057235
1.768263 2.241335 1.880419 1.873357 1.577204
1.406983 1.864856 1.755953 1.530781 1.611438
4.677593 1.354189 1.665567 1.669665 1.731465
2.489488 1.577138 1.558431 1.762983 1.906886
2.64021 1.414201 1.956817 1.880419 1.628946
2.25061 1.293611 1.535463 2.29315 1.27519
1.7731 1.408215 1.366827 2.707459 1.789722
1.666675 1.595299 1.772735 1.710311 1.451099
1.441959 2.203925 2.097699 2.295625 1.57546
1.617811 1.77302 1.906887 1.706084 1.901752
-2.550468 2.241335 1.146858 1.272435 -1.245487
-2.61338 -1.952269 -2.347184 2.302085 -2.622451
-2.223667 -1.254927
