1.924759 -1.829671 0.9077118 1.195624 1.533147
1.126909 1.28597 1.612588 1.145793 0.804094
1.158424 2.912267 0.7825135 1.605987 1.085602
0.9115897 1.092946 1.583858 1.554059 1.141507
1.23727 1.314764 1.419067 1.672078 0.6070662
-1.285434 0.7111601 0.6813724 -1.861537 -2.487506
1.561208 -2.235355 2.101046 -1.937242 -1.646626
-1.415083 1.073833 -1.682175 1.026819 -1.977828
-0.8186678 -1.318479 -1.847916 -1.487153 -1.806595
-1.279736 1.58711 1.242635 -2.488184 -1.266406
-1.5451 -1.812397 1.022902 -1.569834
