2.407325 1.00529 1.98661 1.727648 1.64611
1.642129 1.83496 1.690784 1.6734 1.419624
1.226517 1.54795 2.019495 1.194458 2.08212
2.000835 1.607135 1.636553 1.492037 1.753596
1.566192 1.580798 1.923318 1.794039 1.547188
1.667835 1.714578 1.868139 2.518231 1.944627
1.772265 2.317033 2.102192 2.02132 1.78479
2.224091 2.06578 2.533584 1.706843 1.535876
1.663173 1.940963 1.564732 1.55731 1.689453
1.864459 1.666238 2.326278 2.014958 -0.5974954
2.052011 1.667835 -2.00661 1.783947 2.232621
-1.595557 -0.2736564 2.747476 1.322368 1.844319
1.806338 1.601411 2.037278 1.864585 -2.279358
2.107206 1.804878 -2.194972 1.925262 1.716719
1.79864 2.109656 1.568968 1.511667 1.99858
1.809853 1.49193 1.718197 -2.059053 -2.069398
1.953874 -1.235916 1.729031 1.501147 1.934945
1.721006 1.783825 1.566513 1.891432 -0.9279129
1.522027 1.301981 1.852777 2.206981 1.966032
1.540586 1.822196 2.131806 1.851266 -1.916486
-1.959578 -0.5613723 -1.235916 -2.00661 -1.615316
1.349966 -1.211042 1.782273
