1.935452 1.728555 -1.84313 1.014246 1.660956
2.072403 -2.607405 1.685902 2.730616 1.444992
1.199415 1.960125 1.213802 -2.053601 1.201213
-1.747214 2.00661 1.646849 1.598819 -1.804905
2.520034 1.960638 2.026499 1.783767 2.052637
-2.570441 1.714021 1.624347 1.55322 1.662022
1.542242 1.895458 -0.6867685 -1.685549 -2.336911
2.308184 -1.707694 -3.103782 -1.296938 -1.460524
-1.122138 -2.037327 -1.819384 -1.313271 -1.151698
-0.1606965 -1.789075 -2.062393 -1.129893 -2.150263
-1.143784 -2.090643 -1.743353 1.532824 2.047333
1.873868 1.819891 1.834872 1.511647 1.476068
1.738487 -1.364878 1.488441 1.816658 1.814591
1.964598 1.558689 1.489055 2.044184 2.104814
-1.755999 2.187952 1.503853 1.54737 1.401495
1.312123 1.873271 2.207148 1.985004 1.167448
1.660221 1.584837 1.662482 1.5614 -1.92156
-0.1549352 -2.385287 -1.74872 -1.651021 -1.017526
-1.251813 -1.539833 -2.053601 -0.5649739 -1.5757
-1.776637 -1.578681 -0.3437333 -0.8084251 -2.062393
-1.682539 -1.677879 -1.419284 -0.9951782 -1.374044
-1.26844 -1.75787 -1.237381 -2.229157
