1.95456 1.099342 2.008244 1.76285 2.214141
1.700705 1.876126 -1.884527 1.769588 2.790548
1.525126 1.308484 1.328381 1.971629 1.587873
1.248647 2.079638 1.237181 1.262836 2.152186
1.784687 2.064629 1.662521 1.815533 1.84862
1.622621 1.633327 2.001164 1.837235 1.641653
2.049089 1.753783 1.935476 2.545223 1.676419
2.000716 1.842926 2.373269 2.192723 2.049308
2.269454 2.10928 2.073633 2.590227 1.76134
1.646659 1.61349 1.712069 1.610066 1.586621
2.464775 1.605275 2.137987 2.617301 1.912471
2.214141 2.355458 -1.368852 -0.5348394 2.075668
2.279117 -0.3164509 1.590554 1.751386 2.595879
1.927854 1.847191 1.73627 1.843252 1.524268
1.752818 1.419254 1.855648 1.857251 1.877933
1.770762 2.716716 1.599275 1.574405 1.845344
1.611477 2.384092 1.663226 1.30454 2.471949
1.98096 1.813621 1.560426 1.852495 1.621716
1.471449 1.78054 2.324437 2.208489 2.046136
1.90435 1.690032 1.641996 1.700984 1.377005
-0.2260416 -0.176517 -0.8339378 2.079638 -1.838589
-0.6374889 1.735967 -1.103449 -0.3118915 2.269454
-2.269454 -1.822979 -1.787514
