-2.616043 -2.305284 2.544927 2.159631 2.09317
2.181902 2.24962 2.284834 1.365765 2.269726
1.799515 2.018793 2.074378 -1.743431 2.074215
2.806756 1.747052 1.995517 2.267061 -2.952438
1.887023 -2.153123 -1.691984 1.215051 -1.871808
-2.256416 -1.637536 2.069662 -1.846304 1.882201
1.756215 2.091731 1.874048 -1.777798 1.994655
-2.40424 1.531739 2.017261 -2.078993 2.157447
2.093512 2.696821 2.298458 1.917346 2.448175
1.602048 -2.438207 2.014484 1.961536 2.44302
2.553789 2.174099 2.772555 1.844994 1.719493
2.052274 2.199539 -1.414956 2.249409 2.895936
-2.075864 -1.931005 2.269726 2.431102 2.030913
-2.250474 -1.50013 -1.593969 -2.038278 -2.952438
2.218046 -2.986573 1.415831 2.646897 2.720377
-2.151155 -1.38273 -2.922887 2.288659 2.017261
1.441351 2.298458 2.205913 -2.348632 -2.581844
2.253014 1.445675 -2.203142 -2.318138 -2.318138
2.089467 2.960913 1.382068 -1.961004 1.855166
1.904973 1.798877 1.792472 1.962667 -2.719746
1.985837 1.2625 -1.382363 1.895262 -1.627923
1.815223 2.082408 1.961512 2.607007 2.108227
-1.764884 -1.81116 1.980602 1.980901 2.119116
2.290659 2.122858 -1.325742 1.371174 -1.513199
2.047928 -1.804218 2.118273 1.229375 1.262377
1.833346 -1.489936 1.066922 1.999157 1.510571
1.982023 1.87484 2.370981 1.355451 2.540204
2.079951 1.871778 -1.312319 -1.107531 1.701261
2.132082 2.075768 -1.584851 1.743704 1.547033
1.962197 1.691331 2.113064 2.656797 1.835753
2.05402 -1.231036 1.790158 -1.475817 1.959607
1.110784 1.797235 1.73666 -1.559377 -2.00598
2.00486 -1.156758 -2.284834 1.365765 -1.678123
-2.067897 -2.166405 -1.679351 -2.039679 1.358813
-1.437873 -1.386042 -2.037842 2.952438 -1.325742
-1.737514 -2.256416 2.013871 -2.720377 -1.92461
-1.874048 -1.777798 -1.1428 1.922579 -1.267961
-1.258918 -1.084053 -1.786063 -1.780103 2.480959
1.755222 -1.444063 -1.793866 -1.712507 -1.744638
-1.540743 -1.498893 -1.913813 -1.449565 2.676446
1.251116 0.8126663 0.8985671 0.8799952 1.226904
0.9075654 -1.166588 -1.395957 -2.057772 1.682
1.977591 -1.601065 1.32753 1.063083 -1.308572
-1.334339 1.13338 0.8895908 1.693858 -1.369593
1.618732 -1.162534 0.9161651 1.212615 -1.006482
1.166766 1.368278 1.140378 -1.00595 1.390333
-1.157676 1.286705 1.076558 -1.049009 1.259971
1.831407 1.195491 0.9761539 -1.316399 1.002473
-1.67513 1.186359 1.182359 1.126506 1.099097
-2.658525 1.222628 1.314633 0.9592796 1.400175
1.261551 1.079432 1.146501 -1.734523 1.189502
1.191898 1.671159 1.31947 1.022339 1.145717
1.829204 1.394173 -2.158673 1.021178 -1.757983
0.9638035 1.311715 1.076023 -1.22374 1.088761
1.017561 1.450878 1.22196 1.36296 1.104676
1.018709 -1.444928 1.033826 1.068622 1.923169
1.260073 1.402121 0.9375532 1.803505 1.02389
-1.58438 -1.927437 -0.9885487 0.9885487 -1.501101
-0.9617838 -1.25464 -1.005629 -1.532456 -1.380915
-1.17412 -1.334339 -0.9999218 1.341211 -1.614403
-1.286705 0.9551442 -1.295094 -1.295094 1.541187
-1.834188 -1.468428 1.821204 -1.096999 -1.158603
-1.627549 -1.100581 -1.995914 -1.861913 1.36296
-1.031994 1.923169 -1.235667 1.093858 0.9646901
1.260073 -1.633126 1.547322 -1.31475 -1.31475
