2.742396 1.816361 2.306995 2.859487 2.436752
2.610357 1.986127 2.019326 2.422375 1.98957
2.135812 2.08436 2.427829 2.361037 2.274558
2.943508 2.26445 2.048169 2.089562 2.424232
2.767646 2.380185 2.054872 2.293647 2.332032
2.123667 2.724634 2.829815 2.558455 2.157804
1.945329 2.216004 2.337076 2.48006 2.297695
1.827392 2.188112 2.19468 2.132046 2.777941
2.243544 2.392132 2.432727 2.35111 2.609872
2.224977 2.046474 2.221934 2.050275 2.182454
2.671982 2.653033 2.406316 2.677677 1.892843
2.216298 2.702185 2.232942 2.080158 2.485549
2.587958 2.86157 2.044106 2.596927 3.981742
2.230549 2.455804 2.327401 2.301219 2.573366
2.654649 2.298913 1.82027 2.155399 2.200326
2.506432 2.586489 2.54968 2.253059 2.42585
2.50122 2.727141 2.061136 1.842393 1.993041
2.548597 2.073176 1.816579 2.392071 2.913985
-1.783897 2.08436 1.97851 2.960181 2.306995
2.306995 2.226639 1.793346 2.558455 2.216004
1.865629 -1.686971 -1.123483 2.119066 -2.549395
2.116363 -2.171763 2.722253 2.309374 1.647353
2.363429 2.2009 -1.84749 -1.840489 -0.4622512
2.230675 -2.086924 -0.8131364 2.047342 -2.141761
0.5288113 1.922034 2.50122 1.614916 2.610357
1.732641 -2.439654 2.439654 2.266873 -1.571325
2.194298 1.928364 2.037235 1.685464 2.259567
2.283346 2.117602 2.14517 2.285747 2.471002
2.070903 2.521816 2.568833 2.774216 2.52582
2.424114 2.104069 2.124518 2.079546 1.834522
2.439479 2.537883 2.351509 1.902822 2.215608
1.927724 1.928747 2.422202 2.040091 1.887543
2.667164 1.939996 2.396922 2.006383 2.690203
2.818784 1.649158 2.026884 2.048918 2.493353
2.448835 2.224382 1.998021 1.654232 1.803369
1.886681 2.137908 2.270694 2.160382 2.078172
2.401989 -1.793346 -2.194694 -2.108922 2.3827
-1.629157 2.132228 -0.9971431 2.119066 -2.124518
2.132046 -0.3333478 -2.171763 -1.862017 -0.4230313
-1.943485 -1.892843 1.498931 1.187676 2.080158
-2.142731 1.673011 1.791887 -2.086924 2.572779
2.047342 2.861494 2.061136
