2.558878 2.640284 2.165214 -2.530636 2.882416
2.043792 2.132514 2.340465 2.326898 2.429359
2.300421 2.605025 2.02213 2.070145 2.278333
1.755459 2.242995 2.037623 2.057928 1.919541
2.244882 2.086739 -1.017278 1.768668 -0.887595
-3.105397 -1.870353 -1.870353 -2.183923 -0.2369628
-2.932608 2.932608 -2.932608 1.615024 1.920567
1.465288 1.660849 2.626387 2.19868 1.498702
1.494652 1.791418 2.23584 2.784539 1.663629
1.988111 1.588722 1.179645 -2.099579 2.626387
2.060067 -0.705063 -2.731415 -1.421941 1.776304
2.331493 -2.027463 -1.804893 1.841256 2.719888
2.534339 1.877662 1.408469 1.800981 -1.772735
-1.933471 -1.791674 -2.133248 -1.892457 -1.68696
-1.421941 -1.864243
