2.388919 2.292764 1.732076 1.390337 -2.452096
2.268414 1.437232 2.075603 2.034549 2.652958
2.340918 2.229378 -1.547493 1.784371 1.593031
1.966479 1.259094 2.152439 2.642844 -1.958192
1.958192 1.701674 2.008408 -1.698078 -1.687058
1.179883 3.415822 -2.103359 2.346892 2.016756
1.087851 0.9191139 1.724364 1.75475 -1.325507
1.715651 -2.825711 1.481081 -2.713748 1.285552
1.201939 1.112404 1.774569 1.086041 0.6382637
1.139402 0.9130739 0.9289227 1.060446 0.8014103
1.044051 1.299039 1.840997 1.13091 1.409133
1.248332 0.8636642 1.256615 0.9416682 1.154645
0.9265626 0.9817437 1.383511 1.448948 2.2781
0.8999026 1.00585 1.501415 0.7817636 0.9318236
0.8252996 1.602107 0.72329 1.135479 2.38443
1.756791 0.8122796 1.157127 1.590754 1.337949
1.016737 2.479758 1.236833 2.271466 0.9229419
1.81057 2.380372 1.058619 1.093934 0.7901308
0.8371054 1.345828 2.703992 1.274188 1.040559
0.7619268 0.9562915 2.344372 1.256433 2.355637
1.508282 0.6089326 0.7896693 2.834257 1.047712
1.122742 1.632761 0.8021678 1.768951 1.071474
1.284236 0.8600132 0.5859933 0.8540159 1.174778
1.070533 0.961604 0.7702871 1.022643 1.028096
0.7860506 0.9911669 0.9887014 1.396994 1.371598
0.8549143 1.069814 1.063419 1.263338 1.596977
1.05933 1.621807 0.7231589 1.33765 0.6705967
0.7146256 0.9956272 1.261092 1.290578 1.468938
1.051844 1.088811 0.6250863 1.433869 0.86896
2.214071 1.696387 1.360757 1.607784 0.7901504
1.243359 1.291746 1.342522 1.478281 0.7463301
1.929293 0.8925912 1.412361 1.291707 1.440687
1.689275 1.411719 1.327566 2.035884 1.249024
2.245621 1.014103 1.020991 0.8165863 0.8869485
0.6688836 1.113924 1.327001 1.221111 2.482729
2.030584 0.8564972 1.173894 2.345913 0.8782464
1.291439 0.8665413 1.662315 1.332813 1.198709
1.212314 1.113222 0.8677441 0.8215368 1.395871
1.102351 0.699525 1.530541 0.728167 1.774769
0.9752476 1.821659 2.121543 1.111047 0.6805158
-1.216834 -1.048996 0.894749 1.550468 2.008408
2.008408 0.9198841 -2.026396 -1.195144 2.053728
0.8850831 0.7901308 2.703992 1.342941 1.206368
3.415822 -1.530697 1.052405 1.402419 1.969297
-1.602795 1.769989 0.9992278 1.366017 1.00385
-1.064706 1.517612 1.240095 1.245359 -2.089492
0.6804877 1.164521 0.8876488 -2.000362 1.177388
1.351826 1.25864 -1.850925 1.097827 1.100917
-1.571381 0.9191139 1.617124 1.479952 1.298937
1.05448 2.825711 2.825711 1.481081 1.481081
-1.271116 1.603393 0.6850713 1.620457 0.958519
1.215036 1.532021 1.739406 -1.263541
