2.856372 2.856372 2.254494 3.028544 2.279261
2.807792 -2.197239 -2.645825 -1.611376 1.770907
2.604344 2.153085 1.583415 2.024821 -1.705151
2.058889 -1.747013 2.604344 1.022063 1.995014
-1.84063 1.331162 -1.693196 1.392616 2.067323
2.274787 1.426569 1.605869 1.576078 -1.564949
1.916432 1.767102 1.603198 2.169153 1.548573
2.27025 2.109031 -1.590141 -0.9102163 2.197884
1.750611 -0.7887603 1.751266 -1.929121 -1.752792
2.046016 1.907955 1.709012 -1.828152 1.916586
2.195639 1.936706 1.630732 1.866946 1.827427
1.40958 1.787797 1.881481 2.048054 1.641086
1.729041 1.995125 1.91304 0.5356886 1.797132
1.77941 1.798736 1.829359 1.596567 2.001458
1.415075 1.606427 1.265963 2.243786 1.670409
1.371511 1.523875 1.489358 0.8253423 1.972445
1.99218 1.75943 1.908099 1.938022 -0.7460255
-1.936706 -1.497285 1.91304 -0.407322 -0.2331256
2.024226 -1.999612 -1.801392
