2.159418 1.891319 2.336202 2.166273 2.232452
2.19631 1.87022 2.075421 2.06415 2.125678
2.079304 2.566541 2.403708 -2.223011 -1.641702
-2.225392 -1.498495 -1.611991 -1.894424 -1.637295
-3.097723 -3.097723 -1.501986 -2.205152 -2.539587
-1.391056 -2.305219 -1.873748 -1.567052 1.213958
2.034091 1.318884 1.266903 1.49783 1.361701
1.33863 1.609132 1.474478 1.547723 1.678632
1.551572 2.49817 1.915894 2.022036 -1.766765
-2.227128 -1.331356 -1.353098 -2.228053 -1.702488
-1.319503 -1.414045 -2.116724 -1.399669 -2.031441
-1.776168 -1.947771 -1.371649 -1.992946 -1.865474
1.361701 -1.193633 1.874974 -1.410197 -1.405953
-1.993879 -1.699582 -1.52504 0.8828611 1.111726
1.766881 1.375079 2.114321 0.9925317 1.21742
0.7510432 1.024372 1.207593 0.8494302 1.102604
0.7506673 0.9389627 0.8083767 1.358217 1.251491
1.324287 0.9244569 1.5593 1.457373 0.881457
1.462846 1.24738 1.016736 1.565817 1.105969
0.9754229 0.8918082 1.089341 1.33215 1.028205
1.250077 0.9098813 1.056053 0.8958564 0.8876363
0.8507467 1.631275 1.025655 1.450258 -1.824394
0.6246568 -1.752311 -1.20777 -1.149398 1.135169
1.235418 -1.318884 -1.083148 -0.9005612 -1.319503
-1.338562 1.079133 -1.059724 -1.116601 -2.225652
-3.333908 -1.17521 -5.767213 -1.630911 -2.116724
-1.741762 -1.676497 -1.388527 -1.001109 -5.443923
-1.662435 -1.97144 -1.586631 -1.760772 -1.208252
-2.04096 -1.754074 -1.469185 -1.131475 -1.434494
-1.317532 -1.231112 -2.019991 -1.141984 -2.617547
-0.9906243 1.30242 -1.16995 -1.31235 -1.625532
-1.128081 -1.990076 1.55641 -1.054331 -1.13243
-1.36802 -1.123903 2.403708 0.9259582 -1.33995
