1.809679 -1.748051 1.515556 1.650063 1.751308
1.693441 2.483943 1.65652 -1.716082 -1.860148
2.059128 -1.322685 1.545733 1.921704 1.760448
1.268308 -1.944811 2.287228 1.931504 -0.9523071
1.294114 -2.207418 1.845646 -1.52786 -1.793737
-2.084686 1.582424 -1.619952 -2.417007 1.059044
2.543109 -1.804739 -2.662683 1.272537 -1.356973
1.356973 -1.923051 -2.135527 -2.218556 -1.415455
-0.844176 -1.927343 1.510733 -2.901251 -1.228518
-2.649766 1.896896 1.085002 -1.906823 -1.646759
-1.914259 -0.299259 2.328314 2.017259 1.755668
1.852494 1.777099 -2.092611 -2.020908 1.537742
2.156408 1.978719 -1.506521 -1.756754 -1.673799
1.739234 -0.8134077 -0.6991881 -2.047681 -1.715936
-1.732216 -1.890029 -1.672202 -2.195403 1.875739
-0.36701 -1.351796 1.981873 2.694233 -1.872894
1.81152 -0.8336624 -1.840984 -1.915396 -1.944414
