2.744386 -1.645845 1.82203 2.020139 2.789692
2.680878 -1.925665 1.743602 -2.754745 -2.484337
-2.142252 -2.550763 -3.337165 -1.924578 -3.083587
-2.295065 1.951049 -2.454567 -2.380838 2.259825
-3.200984 -2.078463 1.472076 1.484644 2.269412
1.880217 1.371953 1.298425 1.392928 1.888279
1.863854 -2.008727 1.421797 1.531203 1.672521
1.393828 1.512838 1.394948 1.388298 1.548708
0.9382365 1.425673 1.769516 1.422116 1.302677
1.338238 2.03132 1.651394 1.571702 1.194848
1.121291 2.019759 1.628806 2.177954 1.352725
-1.339351 -1.730173 -1.628001
