2.872335 -2.381045 -3.299862 -0.3015826 -2.749756
-2.714439 -2.82017 -2.513546 -2.578563 -2.155321
2.768773 -2.590493 2.724775 -2.737053 2.714516
2.55099 2.875888 -1.848392 -2.127423 -2.604128
-1.975064 -0.5860644 -2.23719 -2.872335 -2.513025
-2.516456 2.624527 -2.623107 -3.060481 -2.436624
-0.326869 -2.122778 -3.022881 -2.910803 -2.400413
-3.158973 -2.197625 -2.663591 -2.558685 -2.859782
-0.2158045 -0.8892625 -1.929483 -2.728191 -2.583955
2.378634 -0.7721704 -2.245198 -2.314382 -2.834565
-2.203394 -2.026138 -2.265847
