1.853031 1.833405 2.744308 2.332547 2.864386
2.369927 -1.683046 1.903088 1.986848 2.159667
-1.943573 2.627278 2.384562 2.096837 1.939282
2.030932 1.79887 2.727318 2.048968 2.397762
1.63285 2.15153 1.82083 1.884118 1.594154
1.469866 -2.914095 1.583749 2.433357 -1.072123
2.044802 2.807746 1.37991 -2.035728 2.746621
2.746621 2.15153 1.625804 2.246527 1.568497
0.9490389 1.07813 2.204683 1.008693 2.249628
1.242527 1.886628 0.9274401 1.239612 2.194904
1.363598 1.873704 1.390683 1.064973 1.334207
1.305603 1.230722 1.544439 1.441566 1.261332
1.270358 1.241984 1.633056 1.981642 1.57279
1.151631 1.3379 -1.92224 -1.105726 1.142531
-1.183222 1.199515 1.523967 1.38916 1.057335
1.251401 1.476277 1.82083 1.338456
