2.957049 1.944675 2.908305 2.909505 2.875238
2.040405 3.167745 2.237126 -2.94453 -2.94453
2.909505 -2.053076 -2.087583 -2.687259 -2.902293
2.985364 2.295203 2.511153 1.721219 2.571238
2.750568 3.042324 2.43532 2.110046 1.667647
1.941118 1.719683 2.927749 1.906517 1.899656
-2.347126 2.336655 2.693933 2.188522 -2.242578
-3.148743 2.650519 -2.771072 2.480524 -2.457813
1.860436 2.501018 -2.449556 3.167745 2.627163
1.944675 1.944675 -1.908466 -2.084719 2.192969
2.571389 -2.94453 1.895638 1.895638 -2.015285
1.877495 -1.686074 1.820544 -2.167084 1.78823
-2.411431 2.227722 2.272268 -2.843133 -2.371115
1.448277 -1.668663 -1.831472 2.035795 1.818271
1.834831 1.626312 -2.673095 2.429805 -1.366214
1.413599 -2.240368 1.461837 1.360998 1.742443
2.006165 1.763244 -1.771085 -1.750808 2.350398
-1.930932 1.822955 -1.302782 -2.015995 1.819484
-1.704283 -1.815309 -1.782147 -1.56736 -2.450027
-2.390463 -1.869801 -2.639684 2.520502 -0.5190207
1.424605 -1.915951 -2.182136 -1.254112 -2.16975
3.024595 -1.762045 -1.405653 -1.471952 2.851367
1.971714 1.814907 2.497305 2.275109 1.953118
1.957143 1.564508 1.895038 2.28529 1.663202
2.246188 1.86182 -1.651731 1.655261 1.963366
-1.66956 -0.2277916 -0.5393965 2.148762 2.137941
-0.3759435 -1.824506 1.544183 1.921995 -2.386554
-1.969769 -1.651731 -2.333917
