-2.342571 2.398804 2.814608 2.877077 2.224011
4.173455 2.127852 2.419074 2.220107 2.347823
2.404629 2.58935 2.451113 2.31669 2.724669
2.124047 2.958265 2.510365 2.127278 2.584492
2.155698 2.098229 2.620981 1.698939 1.89737
1.87215 2.17886 2.21011 2.200374 2.180601
2.174231 1.860059 2.364929 2.462795 2.842726
-1.251396 2.073907 2.171607 -0.2090582 1.899592
-2.079542 2.353428 2.398804 2.541679 -2.604864
-1.978006 -2.264244 2.980806 2.053583 1.934246
2.001435 2.050718 2.085626 1.831883 -1.866153
2.553805 2.116439 2.261146 2.031513 2.414003
2.135051 2.08846 -1.370906 1.670458 2.033469
2.123571 2.377499 2.933797 1.545588 1.81136
2.172943 -1.983223 -1.703337 -2.079542 2.644402
-0.7410417 -2.416755 -1.006844 -0.7277378 1.80643
-1.499316 -2.235521 -1.997874 1.698458 1.987822
