3.00804 2.817627 -2.216022 2.481771 2.384011
2.096804 2.540937 2.128953 2.571734 3.126406
2.839459 1.986351 2.352266 1.975777 2.566829
1.76738 1.969732 -1.955648 -1.637074 -1.166877
2.313366 2.111978 1.947815 1.63741 1.746355
1.917452 1.910925 1.953207 1.51087 2.017594
1.726723 1.470223 1.642102 1.645144 1.59497
1.741364 1.706671 1.786266 1.909176 1.517442
2.294439 1.835689 1.949875 1.855379 2.300348
1.62147 2.038205 1.507388 2.812314 1.696188
1.847652 2.257924 1.624041 1.588913 1.690683
1.938642 2.009981 1.325105 1.80847 1.89389
-1.939418 1.667026 2.489445 1.540177 1.58933
1.698559 1.702416 1.51421 1.690257 1.690887
1.680883 2.029202 1.693573 1.848374 1.95378
1.719921 1.811909 1.861634 1.940374 1.914953
-1.786729 1.541514 1.791992 1.723153 1.502532
2.319038 1.927473 1.754024 -2.242286 -1.927603
1.480928 -1.847309 -0.8840411 1.772628 1.416733
1.517442 2.057171 -1.166877 1.278393 1.318039
2.047419 0.7865671 -1.43782 1.568042 -1.778026
2.004826 1.5178 1.38949 1.388887 1.337367
-0.3672402 -1.353091 -1.028248 1.982103 2.118363
1.810118 2.280786 1.846112
