-1.86861 1.654146 0.9973452 1.008586 0.7946476
0.9536526 1.099218 1.229192 0.8261256 1.939644
1.386145 0.9224467 0.8087652 -0.9157025 1.026562
1.006296 1.39043 1.232851 0.8962185 1.89347
-1.353555 1.59876 1.853294 1.44738 0.8796215
1.432227 0.955108 0.979436 0.8886244 1.62265
1.464659 1.080649 0.7662233 -0.8570831 -1.359777
1.971692 -1.392217 1.230394 1.383969 1.498345
1.140133 1.37658 -1.925045 2.20813 -0.9275599
1.087692 0.7648025 -2.214595 1.998444 -1.675531
-1.37743 0.8567143 1.006296 1.489802 -1.868165
1.600372 1.495393 1.819563 -2.341113 1.656498
1.532015 1.636713 1.982284 -0.8745217 0.8796215
-0.9640188 2.478016 1.150698 -1.070663 -1.182654
1.212798 1.411999 0.7874679 1.664759 -1.802985
1.905054 -2.038012 1.924311 -1.635838 -1.328552
1.359777 2.343116 1.225055 -1.676189 2.149837
-1.099423 1.302229 0.9521086 1.414498 -1.46511
-1.338484
