3.243224 3.300968 3.213329 3.283006 3.300968
2.877327 3.294467 3.25126 3.23957 2.989751
-3.221239 3.160296 2.877327 3.107567 -2.802794
2.705818 -2.712127 -3.25126 2.201413 1.382902
1.814061 -2.839489 2.171563 -3.467618 -2.837891
2.48978 2.353798 1.725855 2.364479 -1.743992
-3.092765 2.387076 -2.402619 1.996005 2.780989
-2.607281 -3.029909 1.535185 1.206032 -1.052843
1.965522 1.605368 1.490566 1.167188 1.291116
1.563858 1.205282 1.805322 1.59542 1.185584
1.194425 1.71563 1.947392 2.091138 1.590288
1.158871 0.936618 2.154235 1.553488 1.777939
1.099837 0.9126451 1.372722 0.9606689 1.844576
1.47386 1.322716 1.115597 1.269723 1.821945
0.9523064 1.678486 1.518295 1.293311 1.577285
1.215324 -2.190198 1.016744 1.059256 -1.114428
1.337446 -1.716476 1.138579 -1.892452 -1.942318
-1.754624 1.680789 1.094947 0.951814 1.075896
1.112327 1.060594 1.055164 1.459611 1.4247
1.457236 0.8387528 1.059417 0.8626071 0.9157866
1.111454 1.1699 1.005543 1.006587 1.217405
1.249655 1.113692 0.8712224 1.107285 1.02342
1.207244 0.9738529 1.254078 1.012302 0.9984852
1.070743 1.064316 1.042664 0.90889 1.415827
0.9905331 0.645033 0.9573104 1.213099 1.447138
1.08014 1.149474 1.119996 1.368907 1.247671
1.155113 2.139522 0.88848 1.220394 1.669349
1.179572 1.151778 1.049315 1.062821 1.253229
1.224368 1.453291 1.734178 1.140252 1.304726
1.182809 0.9380354 1.630988 1.070856 1.15751
7.625419 1.166126 0.9623135 1.682377 1.517981
1.215324 1.096849 1.181137 1.265559 -1.301045
1.732162 1.194425 -1.200455 1.0967 1.734178
0.9646812 1.048987 1.086687 1.293311
