2.34907 2.428741 3.032346 2.634734 2.569634
2.746358 2.444705 2.555425 2.522319 -1.807584
2.279244 2.749403 2.591778 2.4283 3.028827
1.731063 1.579311 1.241362 1.552206 2.02847
0.8719951 1.87758 2.070163 2.441697 1.382288
2.485776 2.089551 1.423348 1.128115 1.601991
1.842713 1.946146 1.514925 1.00682 2.183234
2.274662 1.095617 1.379505 1.137445 1.762477
0.9801482 1.879766 0.8280529 1.971138 1.430825
1.090647 1.691872 1.103578 1.506782 1.905273
1.890266 1.358531 2.445838 1.259297 1.421529
1.328004 1.620949 1.289857 2.593758 1.269037
0.9574495 1.905436 2.023695 1.566155 1.624465
1.181018 1.780102 1.161059 1.429824 1.395837
2.18874 1.07424 1.623043 -1.264156 1.747784
-1.147038 2.302126 -1.868598 1.128115 1.375226
-1.912132 -1.288816 -2.032938 1.502701 -1.422484
1.281451 1.808835 -1.496993 -1.27928 1.589221
1.580026 1.450681 2.619311 1.492987 1.46748
1.49114 -1.311935 1.102325 1.620949
