2.39236 2.593252 2.515633 2.670666 2.750002
1.935583 2.549916 -3.117802 2.707456 2.804343
2.712464 -2.644571 -5.322038 -1.89709 2.975361
-2.685903 2.213246 2.429287 2.223802 2.4119
1.790467 2.231069 2.830837 2.67465 2.325738
2.27962 2.880617 2.448183 2.717209 2.186613
2.497172 2.346242 -2.769327 2.218591 2.085287
4.096217 -2.557036 2.470448 2.429788 2.703775
2.523406 2.2797 2.203227 3.065363 -2.482121
-2.223662 2.441146 -0.4461518 1.573802 2.385471
-2.523659 -1.681861 -2.006033 -1.797908 -1.892923
1.258375 -2.650479 -2.955241
