1.824282 1.873522 1.8661 2.036267 1.161886
1.318475 1.210462 1.44988 1.898453 -1.914919
1.804807 -1.979021 -1.742007 2.419939 -2.253058
-1.173816 -2.146766 -2.22155 -1.95159 0.7476218
1.280853 2.090192 2.086063 1.01953 1.740474
1.246091 1.249933 -1.439123 0.672485 1.465473
0.8083767 1.185459 1.333256 1.233908 1.416064
0.8117028 1.348677 0.8124748 0.912715 1.647378
1.090957 -0.7752644 0.6818586 1.286134 0.7185108
0.7777589 1.06996 -1.617589 1.30811 0.9641088
1.130139 1.289526 0.8564296 1.50215 0.9345353
1.213356 -0.942205 -1.168695 0.8152941 0.5795414
1.182168 -1.15694 -3.442219 1.347218 -1.549243
-0.7567616 -0.9916212 -1.420995 -1.131917 -0.7998652
-1.816476 -0.8577247 0.7023565 -0.7752644 0.7908018
0.7542423 -0.9509155 -0.8337883 -1.617794 -1.097014
-1.47563 -0.78707 1.283011
