3.308883 3.264287 2.941208 -8.332323 3.233307
2.138769 2.910752 2.829624 2.486768 2.615184
-2.997577 -2.66835 0.8414578 0.9411073 1.954646
1.759277 1.297933 1.630417 1.465647 1.340006
1.099239 1.671258 1.861464 1.780153 1.261503
1.002646 -1.821256 1.307478 1.832604 1.873009
1.97438 2.300656 1.370407 1.495426 1.741605
1.663978 2.342954 1.547018 1.633963 1.479178
1.700433 -1.939344 1.305369 1.519948 1.056612
1.283602 1.215551 1.799755 -2.684069 -1.498508
-1.263212 1.806631 -1.839036 -2.034681 -1.630417
-1.615275 1.465647 1.601226 -2.162284 -1.454367
1.733537 -1.630084 1.495551 -1.505517 1.355359
1.825559 -1.740163 1.231042 0.7448644 0.7346524
1.010934 1.212056 0.8983217 0.6021705 0.7468659
0.6863491 0.7404692 1.069496 0.6980229 0.7721119
0.8647137 0.8916183 1.286963 0.8459539 0.8517481
1.49312 1.716801 1.432568 0.894401 1.023303
0.9907976 0.8569264 1.093892 0.7233926 0.8825196
1.282205 1.20506 1.055784 1.355361 0.9255101
1.849279 0.6949518 0.6933682 0.8117771 0.5289714
0.7843162 0.7986716 0.8300669 1.276667 0.6108142
0.8009356 1.072254 2.313706 1.318144 0.5511019
1.718275 0.8267457 0.894497 0.7672206 0.6908711
0.9627157 0.7476673 1.276454 1.348588 0.6315729
0.9706202 0.951363 0.8353844 0.5688085 0.9066718
0.7304145 0.7370806 0.9208181 0.65601 1.32272
1.211734 0.698301 0.7363245 1.04933 1.155626
0.8310884 1.099441 0.5308108 0.9478199 0.7909995
0.9819017 1.125207 0.8732894 0.8732894 1.033561
0.6409659 0.9128807 0.5008903 1.723665 1.549642
0.8496065 0.7374393 4.079297 0.5774923 0.6932111
1.001785 0.8766363 -0.8278048 1.007992 1.312132
0.9799074 0.5715427 1.328185 0.9877129 1.046284
0.6586554 0.6751907 0.8027664 0.8813941 1.263009
0.7677479 1.355359 0.7534962 1.17587 0.6993397
0.780447 1.858478 0.7551953 1.5999 1.160836
0.7170114 0.8869836 0.8750338 1.519948 -0.5332311
0.5790562 1.208051 0.8814315 0.7504865 0.6456287
0.9826612 0.8658831 -0.8051866 1.063532 0.841205
0.6684187 1.076343 0.8617407 0.6723861 1.702028
0.8233748 1.020249 0.8688719 1.277041 -1.328849
-1.600306 -0.7346524 -1.230834 1.069666 1.069666
-1.611292 -1.399759 -1.156614 0.8650149 0.8094685
-1.675846 1.661822 -1.349754 0.9018206 2.44888
1.290956 0.9255595 -1.693792 -1.398237 0.8651009
-0.7740297 -1.284396 -1.250873 1.04636 1.466831
0.9390435 -2.023481 1.355359 -2.041959 0.8671743
1.649326 1.215551 -1.426513 -0.7795467 -1.952793
1.770946 0.7450556 -0.828969 -2.866188 0.5967256
