1.375235 2.261576 2.18391 2.161345 1.248517
1.224981 0.8591049 1.20677 1.074307 1.73807
0.9317325 1.189439 1.046391 0.9408055 1.25311
0.8563346 0.6244402 0.7098918 2.334049 1.04642
0.8900399 0.9377834 1.077415 0.9135725 1.045812
1.398292 1.293808 1.461656 1.181123 1.634491
0.7575692 0.9888809 1.205462 0.9096346 1.294266
1.481637 -1.205605 1.003452 1.426759 1.848636
1.696205 2.161345 2.161345 0.8677441 1.781422
1.952103 1.988573 1.46866 0.8900399 1.322856
0.879102 0.879102 1.078438 0.8268468 -1.342315
