2.58319 2.41017 -2.747085 2.881193 2.523324
2.887642 3.068462 2.961318 2.845211 2.767745
2.817383 2.878278 2.881839 -2.670021 2.820305
2.49905 2.830217 2.881839 2.789258 2.58319
-3.259351 -5.568897 2.532798 2.632427 1.324071
1.841329 2.661147 2.54946 2.195839 1.953273
1.058488 1.125765 1.227873 1.324795 1.639504
1.059113 0.7898558 1.400025 0.8687884 1.670218
0.9691414 1.21441 1.10714 0.927069 1.354114
1.030606 1.00259 1.254952 0.9527771 1.045568
1.233282 1.435689 1.532504 1.151643 0.9530957
0.9748062 1.091459 1.412942 0.9771408 1.134802
1.837756 0.8709345 0.9373601 1.323993 1.33632
1.264384 1.806184 1.557661 1.190435 1.452026
-1.33134 1.536364 -1.771975 1.192689 1.257369
0.8200512 1.053419 1.014619 1.172142 0.8890786
0.8687884
