2.484617 2.945332 2.713126 2.200597 2.768173
2.747282 2.641864 2.365279 2.389162 2.835897
2.502761 2.342721 2.247837 2.514664 2.358927
3.095982 2.453052 -2.476856 2.440687 -2.305417
2.392368 2.490035 2.857419 2.653446 2.425129
2.642034 2.705237 2.949225 3.022345 2.578596
2.806011 2.800054 2.479919 2.498949 2.668843
2.714244 -1.719062 2.717179 2.826272 -2.905542
2.204112 2.489589 2.641864 -2.073489 -2.069408
2.441461 -1.95819 -2.070761 -1.984965 -1.515672
-2.390394 -2.218336 2.408248 2.323343 2.6186
4.947191 2.502088 2.736069 2.905794 2.538006
2.798936 2.669249 2.168358 2.565432 2.37886
2.463695 2.391099 2.64852 2.617961 2.91172
2.459094 2.526338 2.352325 2.562828 2.510138
2.280739 2.285592 2.206641 2.771103 3.239009
2.360925 2.801507 2.836455 2.769786 2.765072
2.358392 2.417494 2.443049 2.283436 2.51612
2.552706 2.702512 2.526261 2.398986 1.89372
2.40163 2.177874 -2.448893 -2.077729 -2.743581
2.862555 2.411156 2.505241 -1.568855 2.924462
2.813071 -2.580201 2.314995 -1.529902 2.533419
2.282802 -1.583806 2.426964 2.672162 2.342987
5.407005 2.56894 2.175931 2.57361 2.968047
2.857305 1.955094 2.340152 2.581125 2.486629
2.333973 2.73295 2.571285 2.81936 2.514998
4.908185 2.786433 2.380767 2.483548 2.475394
2.43469 2.505602 2.602589 2.579047 2.653748
2.4476 2.600688 2.853209 2.805601 2.408248
-2.436419 2.481867 4.835858 -1.880156 2.853122
-2.092641 -1.768736 2.189421 2.688594 1.997214
2.08942 2.481538 2.140709 1.976334 2.185758
2.252189 2.287105 2.571908 2.485976 2.345066
2.886133 2.160187 2.12595 2.152664 2.366905
2.847973 2.332779 2.209914 2.195505 1.860107
2.408764 2.58294 2.272314 2.699607 2.650359
2.668078 2.213511 2.224556 2.599634 2.232895
2.409325 -2.710669 2.572347 2.397908 2.277862
2.086716 2.161527 2.135265 2.156497 2.668729
2.279355 2.472815 2.655186 2.528488 2.476782
2.526372 2.199552 2.161302 2.639345 2.036721
1.906517 2.599095 2.289734 2.771704 2.570742
2.752154 2.495402 2.540471 2.14867 2.259588
2.815765 2.055835 2.092705 2.227046 2.190272
2.41218 2.58882 2.193335 2.772137 2.112773
2.69756 2.8253 3.711836 2.284236 2.371894
2.304536 2.309123 2.617338 2.498646 2.324915
1.883481 1.91986 2.27323 2.758442 2.373731
2.584436 2.63457 2.552624 2.244698 2.586963
2.598833 2.409312 2.697764 2.295745 2.0637
2.097798 2.054301 2.790257 2.134225 2.11409
2.568246 2.426964 1.898039 2.185758 1.966789
2.721237 2.403421 2.403421 2.402138 2.090273
-5.618845 2.102577 2.150922 -2.862555 2.668078
3.371916 2.232895 1.918392 2.081915 -2.227475
2.055315 -1.860426 2.621905 2.201538 2.617961
2.410341 2.378701 -4.835858 2.463156 2.571285
-2.204112 -2.755281 1.909715 -2.033057 -1.715028
-1.47113 8.068228 1.519897 -2.18483 2.771704
1.709533 -1.489063 2.373722 -2.666581 2.475394
-1.825428 2.274366 2.005206 2.045298 2.009471
2.495869 2.462229 -2.243206 -1.449603 2.095298
-2.213371 2.022432 2.409312 2.653748 2.4476
2.182925 2.182925 2.45839 1.964264 2.134225
-2.221199 2.568246 1.887484 2.215163 2.524129
2.025529 2.08386 2.532707 2.39138 1.791564
1.802376 1.558088 2.200606 2.367189 2.46407
1.435282 2.530852 1.488278 2.269054 2.254972
2.146175 2.505969 2.216212 2.699876 1.689851
2.85458 2.567098 2.17563 1.896309 2.409736
2.22717 2.434817 2.364545 1.999813 2.235784
2.719571 2.549049 2.683009 2.64891 2.77905
1.981148 2.612695 2.064563 1.8782 2.076391
2.321111 3.005535 2.480164 2.097726 2.426995
1.769459 2.323866 1.884743 1.759326 1.721505
2.193369 1.540963 2.194712 2.180898 2.417494
2.124202 1.974784 2.104245 2.15021 2.038587
1.950508 2.348143 2.136997 1.684007 4.784308
2.222248 2.246358 2.591909 1.557574 2.260441
2.285687 2.183469 2.673393 2.281224 -2.133636
2.215163 2.084428 2.052209 1.987659 -2.065468
1.853885 1.425317 -1.742521 2.209914 -2.017188
1.974907 1.911574 2.090273 2.102577 2.512237
2.254972 -1.457923 3.371916 2.510161 -2.277862
-2.277862 1.538142 1.493853 2.168344 -2.034617
2.359898 -2.621905 1.846166 2.201538 -2.617961
-1.537255 -2.179959 1.935066 1.935066 -2.156497
-1.614897 2.489589 -2.755281 2.041841 2.033407
-2.81936 -1.47113 2.308406 2.308406 -1.95819
1.822516 -2.220803 -1.67426 -1.499314 -1.639994
-1.586126 -1.898638 -2.335598 -2.109117 1.801397
1.703573 2.695075 2.848199 2.848199 2.848199
-1.755759 1.766615 2.0637 -1.74029 -1.866555
1.964264 1.700777 1.878791 -1.65708 2.041375
1.605447 1.328944 1.058169 1.463091 0.9597562
2.03281 1.844905 1.286544 1.282662 1.868345
1.57687 1.729352 1.640389 1.521022 1.521022
1.518484 1.31699 1.000187 1.402487 1.458661
2.101771 1.243071 1.252523 1.519707 1.332843
2.265903 1.283627 1.927585 1.100037 2.59367
1.460994 2.074323 1.843927 1.816177 1.540202
1.720668 1.276707 1.286352 2.02917 2.570465
1.694578 1.858944 1.395176 2.267511 1.612098
1.307394 1.171752 1.521191 1.644629 2.507992
1.396568 1.657481 1.211519 2.354772 1.57472
1.176028 1.847862 2.430834 1.55643 2.325881
1.470877 1.644308 2.281735 1.0831 2.069647
1.270932 1.996527 1.083456 1.661863 1.194303
1.747334 -1.191049 1.595878 1.727941 1.68092
1.404296 1.549141 1.492638 1.352863 1.513991
1.814154 2.45157 1.459345 1.675202 1.105874
1.445159 1.292484 1.507784 1.49796 1.484088
1.458991 1.517927 1.705843 2.112468 1.679971
1.298148 1.212307 1.716792 1.536384 1.481453
1.426663 1.112651 1.406517 1.616923 1.160171
1.053182 1.569079 1.81164 1.378935 1.830059
1.506418 1.619644 2.218036 1.378024 1.740444
1.470863 1.291217 1.740937 1.607786 1.304994
1.40667 1.148039 1.641014 1.484873 1.261608
1.580301 2.260336 1.672222 1.369012 1.905722
1.190101 1.89102 1.734549 1.347362 1.453444
1.534965 1.381501 1.319283 2.216669 2.257994
1.844609 1.302066 1.586472 1.519915 1.683967
1.193872 1.519696 1.927201 1.4354 1.516024
2.309851 1.553273 1.829808 1.834589 2.724095
1.832972 1.913317 1.367298 1.717544 1.153577
2.364258 1.838946 1.340871 1.802148 1.387135
1.639114 -1.909205 1.629208 1.531637 1.649853
1.783507 1.424426 1.18213 1.28448 1.808655
1.648849 1.452152 1.981405 1.050902 1.233636
1.548994 -1.907695 2.101771 1.810678 -1.891279
2.077071 -1.72951 2.191351 -1.666999 -1.666999
-1.860121 1.608703 -1.300546 1.419982 -2.241315
-1.549502 -2.209914 1.536312 -1.266684 -1.953946
-1.953946 -1.930419 -1.35701 1.377847 -3.371916
-1.701843 -1.593613 -1.418078 -2.146175 -2.430834
-1.077079 -1.47428 -1.787921 -1.421367 -2.10624
-1.415317 -2.141768 1.896309 -2.013655 -2.124086
-2.124086 1.646319 2.041246 -1.549141 -1.677586
-1.993838 -1.314663 1.445159 -1.712316 -1.376863
-1.828557 -1.811923 -1.577998 1.415142 1.352328
1.352328 1.500081 1.390217 -1.761858 -1.680199
-2.180411 1.426663 -1.97104 1.637384 -1.703684
1.160171 -1.518001 -1.374671 1.968343 -1.692587
1.141887 1.607786 -1.149048 -1.697427 -1.946133
-1.616809 1.963856 1.639994 2.603073 1.98218
-1.311032 1.534965 -2.109117 -1.930809 1.191442
1.519696 1.84476 -1.264 -2.119738 -1.199229
-1.528347 -1.627461 -1.551787 -1.791695 1.643446
1.643446 1.838946 1.838946 -2.089784 1.341502
2.673393 1.479598 1.367973 -2.025091 -1.244504
1.600519 -1.994056 -1.448919 -2.245007 -1.385351
1.190573 1.502479 1.555888 1.142913 1.355967
1.044718 1.521022 -1.791564 1.479328 -1.611443
-1.683967 -1.849886
