2.549507 4.724918 2.823886 2.537072 2.423254
2.406527 2.271923 2.631523 2.183375 -2.428482
1.936957 2.293453 2.303891 1.748542 2.091296
2.573047 2.139956 1.879572 1.907705 1.696938
2.399086 2.538896 2.210893 1.86466 2.526985
2.224614 2.178789 2.359548 1.960556 1.99392
1.804616 1.744181 1.519807 2.027973 2.332732
2.050772 1.781318 2.039465 2.5044 1.950485
2.550371 2.008273 1.588851 2.580429 1.836424
2.571911 3.673193 2.112955 2.511166 2.425108
1.87259 1.477943 1.880094 1.6302 1.795724
-2.210893 2.032563 1.987289 -1.56947 2.075321
1.566674 -5.364361 2.631523 1.534046 1.69629
1.533149 1.33482 1.628936 2.215762 2.017876
1.424992 2.466809 1.523272 1.60563 1.422205
2.141868 1.778849 2.417223 2.096114 2.018319
1.526784 2.009793 1.145838 1.820066 1.594574
2.294495 1.705684 1.608706 2.132465 1.85177
2.330515 1.813235 1.925338 1.937082 2.215557
1.346565 2.111665 1.488724 2.106637 1.839161
2.065569 2.066542 2.053339 1.523552 1.564838
2.413024 2.334772 1.746238 1.311496 2.079034
1.774611 2.314738 1.648581 2.285071 1.426833
1.734356 1.78809 1.519283 2.538856 1.889007
2.423154 1.593211 1.957458 2.305342 1.177601
1.406771 2.456804 1.125851 1.608244 1.836424
-1.508828 1.324868 1.482233 2.385793 1.743571
1.352335 2.537072 1.462067 1.660782 1.920685
1.383664 2.480075 1.198994 1.461943 1.721375
1.784239 4.581938 1.365456 1.628436 1.660763
1.51754 1.151673 2.318221 1.250677 1.637574
1.294845 2.978512 1.859932 1.640911 -2.501951
1.69629 1.505773 1.533149 1.226965 -1.770877
-1.34179 -2.843411 -1.41542 1.879572 -2.317819
-2.675415 1.147545 1.766942 2.73851 2.210893
-1.563644 -1.579349 -3.331925 1.498776 1.205054
1.113547 -1.625168 2.032563 -2.024658 -2.202988
2.011618 1.540882 -1.666925 1.859854 -1.176526
1.406771 -1.623186 -1.38285 1.319644 -1.781318
-2.352277 -1.374488 -1.950485 -1.965419 -1.607837
-1.770578 -2.138735 -1.0458 1.365456 2.564876
-2.564876 1.423039 1.51754 -1.071969 -0.9944233
-2.424104 1.561614 1.640877 1.568029 -1.568029
-1.052561
