2.858798 3.190894 2.872239 2.776256 2.698416
3.009283 3.032821 2.704118 2.331734 2.593871
3.034473 3.266628 2.666811 2.607036 -2.387525
2.574267 2.658425 2.440518 2.456124 2.904662
2.866575 2.700174 2.692719 2.625955 2.423547
2.422591 2.562445 2.910627 2.973552 2.734447
2.128995 2.128957 2.604533 -2.373139 2.732656
2.515992 2.413527 2.415364 2.393697 4.853166
2.374975 2.665615 2.598604 2.37811 2.638668
2.821836 2.344928 2.259123 2.279285 2.453288
2.861155 2.719677 2.454707 2.166839 2.484287
2.803068 2.469062 2.596169 2.535474 2.456124
1.285925 2.230136 2.298979 2.306041 2.410765
1.956762 2.828807 2.443094 2.249903 2.562102
2.086009 2.100838 2.34506 2.198975 2.339647
1.680431 2.244361 2.810014 2.405568 2.382271
2.180178 2.492685 2.582341 2.430146 2.60848
2.315913 2.446457 2.518502 1.488961 -2.537506
-2.639263 2.471022 2.512046 1.785129 -2.34456
2.460906 1.98333 2.179107 2.042471 2.01866
-2.231962 2.078336 2.13913 2.038942 2.415702
2.243906 2.376815 1.77336 -2.654091 2.982937
2.00717 2.70641 2.125646 1.813226 2.635676
2.139841 -2.485604 2.526665 2.246655 2.12364
2.237178 2.518256 2.398773 2.278407 2.244757
2.521127 2.434963 2.129633 2.104106 2.306619
2.368805 2.234797 2.639263 2.072024 2.020419
2.671052 2.527358 2.223405 2.373079 2.420589
2.281549 2.684055 2.573014 2.626946 2.264807
2.304548 2.345797 2.372019 2.2784 2.732792
2.043665 2.317354 2.791607 2.230136 -1.845286
-2.1567 -2.234642 1.942391 -2.021102 -1.955552
2.804414 2.169475 -1.434292 2.179941 -5.09434
2.07408 2.345788 2.339647 -2.867148 -1.8447
-1.087172 2.180178 -2.133699 1.969793 -1.330199
-1.70753 2.016734 2.114416 -2.110734 2.317354
2.53403 2.507382 2.156842 1.973839 2.274598
2.191513 2.69162 2.02628 2.163948 -1.986312
2.049411 2.223746 2.304837 2.02624 2.871988
1.844427 1.858365 1.51956 1.434347 1.568629
1.489414 1.359407 1.303982 1.293761 -2.093394
1.59308 2.391561 1.300466 1.372833 1.405521
1.306917 1.246097 1.350312 1.339249 1.369867
1.413869 1.313649 1.313649 1.226432 1.344055
1.460321 1.678572 1.09482 1.197211 1.219082
1.514429 1.527143 1.260765 1.464789 1.489414
1.36217 1.222811 1.232271 1.232271 1.327197
1.462688 -1.548833 1.459318 1.459318 1.458407
