2.985585 2.994842 2.968734 2.839115 3.050502
3.224636 3.115246 2.994842 2.73245 2.728052
2.866198 5.211171 2.92792 2.957895 2.888047
2.790712 2.927822 2.639803 2.748928 2.523361
2.750028 3.038831 2.663419 2.757575 2.517151
2.577236 2.437092 2.745093 2.621804 3.082042
3.035373 2.545641 2.572473 2.765304 2.787309
2.826291 -1.493879 2.762261 2.631548 -2.142515
2.705667 2.280308 -1.664146 3.021631 2.503174
2.840085 2.98483 2.731056 2.408148 2.5778
2.868207 2.241857 2.831299 2.773292 1.991203
2.663747 -2.960143 2.681776 2.507003 2.739788
2.531463 2.629177 2.693813 3.045954 2.759954
2.728052 -2.490062 -1.197868 2.693133 -2.808657
1.922285 1.944715 2.48082 -2.718448 2.854312
2.750028
