1.382867 1.559955 1.495789 1.826344 1.47269
1.691849 1.557096 2.242713 1.403476 0.9847595
1.087537 1.315344 1.807658 1.535296 1.284502
0.9721867 1.386007 0.7758461 0.8917442 1.407677
1.787719 1.070216 1.529246 1.050381 0.774633
1.091495 1.490399 1.065493 0.8596146 1.666429
1.003847 1.361266 0.8408571 0.9918929 -2.222311
-1.575223 -1.438619 1.312492 -1.719994 1.243895
-1.179456 1.691849 -1.006665 -2.695044 -1.134542
-1.272813 -0.9544852 2.264361 -2.302398 -1.893343
2.147101 1.456499 -5.375615 -2.172029 -1.911636
-2.076237 -2.260333 -1.314291 1.498434 -1.166135
-0.9895806 1.526577 0.7386035 -2.01227 -2.240379
-2.012264 1.144576 -2.089702 -2.058166 1.167076
-2.689903 -1.536936 -1.536936 1.771541 -1.176349
1.642943 -1.304674 -1.256587 1.491404 -1.534904
-1.609111 1.092704 -1.63862 2.618503 -1.84402
