2.802987 2.146123 2.741774 2.435491 2.365618
2.46875 2.341933 2.778618 2.267529 2.741774
2.286065 1.724532 2.324971 2.402387 2.22441
2.250101 2.538707 2.760649 1.830579 2.214669
2.141462 2.020353 1.620763 2.227937 2.232448
2.206865 2.470394 2.017208 2.566967 2.037902
2.385498 2.813873 2.269186 2.22441 2.053069
2.604779 2.409763 2.332933 1.868969 2.365618
1.512627 2.287118 1.988098 1.863694 1.465836
2.997682 1.724532 1.975179 2.012981 2.003909
1.689872 2.092531 1.776978 1.870296 1.684275
1.845626 2.259118 1.935307 1.690668 2.006139
1.649865 2.108445 1.680643 2.097771 2.383287
2.730944 1.991 2.19578 2.050939 1.735837
-1.985841 2.262375 1.722374 2.146123 2.146123
2.09312 -0.7138751 1.812902 -0.717195 1.572665
1.988098 1.110141 1.674744 1.706969
