2.769301 -2.285914 -3.114924 -2.277678 1.694639
1.642185 -1.917706 1.581405 1.980284 1.759836
1.625043 -2.107766 -0.7081723 -2.026274 -2.024733
-1.190888 -1.868434 1.787642 1.580197 1.842702
1.955855 2.257853 1.690693 -1.893744 2.231711
1.786754 1.781909 1.867441 1.859884 1.708485
2.022467 1.955483 1.217974 1.783612 2.430652
1.81746 1.456062 2.037365 1.85535 2.304866
1.50984 1.951948 1.851861 1.64919 -1.958389
-0.6630359 -1.365545 -1.79453 -2.575297 -1.105878
-1.505896 -2.445523 -1.876902 -1.531954 2.024733
-1.64463 -1.979364 -1.413918 -0.1925118 1.797213
2.207174 -1.328553 -0.7865325 -1.761279 1.587657
-1.394832
