2.270231 1.578802 1.602235 1.505732 1.872175
1.660012 1.713291 1.119974 1.483149 1.64069
1.942217 1.913925 1.369606 1.745432 1.481495
1.246958 1.772468 1.307421 1.651229 1.444759
1.571059 1.674878 2.201894 2.614904 2.295257
1.730036 1.294014 1.019506 1.702949 1.884854
-2.205973 1.273568 1.252859 1.5255 1.682676
2.634422 1.316561 1.316561 2.566915 2.00234
1.79275 3.087721 1.335288 1.648876 1.654588
1.808096 1.689274 1.921385 1.901246 1.930314
2.01432 1.358491 1.698695 1.796653 1.288605
1.977732 1.935137 1.005105 1.629954 1.765191
1.510734 1.637233 1.804641 1.514036 1.646719
2.255889 1.689134 1.624883 1.519863 1.237158
2.132443 1.634759 1.841514 1.487855 1.572946
1.479837 1.412201 2.846075 2.421449 2.774688
1.602061 1.885358 1.610539 1.925509 0.9456469
1.946667 2.200104 1.275621 1.649844 1.80767
-1.578802 1.570276 -1.643126 -2.335142 -1.1675
-1.168988 -2.321736 0.4563767 1.755988 1.660461
-1.338135 1.788316 1.831866 0.5194966 2.443954
-1.770388 -1.770388 -1.165057 1.808096 -0.2563409
1.985615 1.567187 -1.565502 -0.2411391 1.202141
-0.2962306 -1.389846 1.073381 1.604244 1.88331
-0.9518027 -1.939146 1.965991 1.243059 -0.6313573
-0.5529247 -1.340282 -1.839844 -0.8803016 -0.874391
