2.301604 1.658545 1.955956 -1.955956 1.99901
1.366282 1.737138 2.666432 2.395077 1.768107
1.533662 1.949065 1.34331 2.021764 2.615848
1.325091 1.29939 1.401774 1.802513 2.045213
1.719344 2.016534 1.600559 1.331595 1.741442
2.055786 1.801771 2.054407 1.859333 2.305002
1.697235 -2.312417 2.089358 2.610251 1.79948
2.299289 1.496687 1.754887 1.99516 1.641415
2.028984 2.274341 1.268927 1.78227 1.951204
-0.4940268 2.362192 -1.781854 -1.756889 -3.166214
1.343254 1.496816 2.246507 -1.324003 0.5437069
-1.904647 -2.036531 -1.614511 1.244823 -1.816521
2.129295 1.741442 -1.958187 0.7672954 1.889964
1.038203
