2.260504 2.389089 1.064146 1.990565 1.71094
1.671377 1.92314 1.690314 1.891239 2.768852
1.33039 1.584624 1.234287 0.9896676 1.301455
2.126194 1.642313 1.646119 1.55487 1.819164
1.391716 1.615022 1.595743 1.991598 1.979617
1.917216 1.743102 2.016914 1.740968 1.902523
2.549828 1.646777 1.979363 1.815858 2.164008
2.036639 2.261134 2.113637 1.63228 1.693726
1.603302 1.581379 1.585002 1.697005 2.142454
2.617551 1.704356 2.050986 1.675355 -1.494633
-0.4459898 2.290775 1.65118 2.777681 -0.7596997
1.8963 1.929812 1.831331 1.712328 1.83819
1.556351 1.770978 1.36442
