1.669761 1.769858 1.753404 1.659772 1.974917
1.825138 1.591214 1.977068 1.600582 1.53175
2.391193 2.146182 1.575114 1.767438 1.385128
1.805837 2.414204 1.991609 1.420449 1.896637
1.904271 1.374587 2.061856 1.90389 1.777308
1.950731 1.400504 1.085075 1.770264 2.129039
2.131365 1.878998 1.394535 1.632235 1.722401
1.749748 2.361027 2.141539 1.139454 2.148571
1.464773 1.438229 1.626562 2.151239 1.966829
1.214927 2.278047 1.716946 1.759056 1.884781
1.523792 1.57306 2.534024 2.215996 2.872269
1.683807 2.00276 2.047165 2.05609 2.314498
1.362963 1.884348 1.669761 1.705898 1.733406
1.28942 1.763202 1.884356 2.225301 2.225301
1.79613 -2.181482 1.805837 -1.427129 2.526622
2.104013 1.865225 1.550529 2.073377 -0.1856479
-0.4074842 1.676438 1.262754 1.842719 -0.2590518
-0.4021136 1.614957 1.997922 -1.460273 1.96794
0.9660599 -0.9787512
