1.652672 1.520387 1.977476 1.526931 0.9490101
1.772714 2.340587 1.83103 1.257352 1.174064
-2.237267 1.349686 1.905439 1.5663 2.602408
2.088687 1.904828 3.011503 1.798967 1.242235
1.805448 1.916994 1.36598 1.746478 2.025317
2.047208 1.647971 -1.892745 1.573623 1.365705
1.56782 -2.104876 -2.082817 1.89856 1.56669
1.53775 -0.9750127 2.041723 1.878112 1.99196
1.477142 1.769421 -1.773467 0.3857763 -1.195001
-0.6726506 -1.851677 -2.022076 -1.432587 2.192846
-0.3417875 -1.257913 -0.5711383 -1.401803 1.145704
-0.5064698 1.622884 1.935049 -0.542251 -2.115517
1.99865 -1.413287 -0.9674698
