2.799879 2.819768 2.780417 2.76558 2.881821
2.3019 2.166158 0.8227162 1.078442 1.145613
1.700521 1.56539 2.032707 1.779534 1.52012
1.788765 1.027968 2.263084 2.57917 1.073047
1.037164 1.078255 0.9784925 0.8180878 1.139931
1.177456 1.177456 0.8420749 1.307206 1.347007
1.815648 0.8499592 1.042686 0.8169764 1.005976
1.080026 1.138913 0.9549746 1.693966 0.8720416
1.057107 1.163195 1.363874 1.085524 1.585351
0.9823681 0.8340529 0.7578334 1.111675 1.599384
0.9848684 0.9250766 0.8227162 1.04293 0.7270064
