-2.996703 2.414907 2.19323 2.202327 2.483881
2.308396 2.627491 -2.399903 -1.858228 -2.368282
-1.937063 -2.04663 -0.7453505 -1.909512 -1.909512
1.710187 -2.215666 -1.495635 -0.6011699 -2.19572
-2.330555 2.978971 2.978971 -1.711894 2.842026
2.384288 2.590678 2.539478 1.267393 2.551143
1.528423 1.834247 1.498752 1.722273 -2.316537
-1.625449 -2.198067 -1.81257 -2.588018 -0.3897801
-0.4121364 -1.091001 -1.90518 -1.20251 1.903597
2.484526 1.920246 1.993231 2.415985 1.807211
1.572719 1.602981 1.868097 1.830635 1.894518
2.832061 -1.847628 1.707929 -1.792465 1.728399
2.097367 -2.182027 -1.959739 1.828659 1.734539
1.85944 1.825074 2.06324 2.115567 1.668959
1.569801 -1.81257 -1.650555 -2.590678 -0.3373169
-0.8759888 -0.9124785 -2.102035 -1.881032 -0.2012211
2.059514 -1.403299 -2.588018 -2.774112 -0.4121364
-0.315298 -1.422464 -0.2881781 -1.911999 -2.316537
-1.442863 -1.442863 -1.442863 -1.755019 -1.81674
-0.9317858 -0.7224602 -1.357789 -1.884242 1.938601
1.643822
