0.6601319 1.135568 1.120342 1.436909 -1.476533
-1.094654 0.6391175 1.664878 0.7277379 -0.7631686
1.103757 0.760671 -0.8245446 0.6200537 0.7296036
0.9501098 1.254783 0.871078 1.612446 1.128129
0.9499706 0.9304943 1.452627 1.064241 1.506946
0.7371133 1.0642 0.7317601 1.386034 1.241909
1.162976 1.340368 1.211425 0.9701338 0.6877173
0.7922396 1.144807 0.757813 0.9344386 1.400426
0.8915479 0.6487055 1.367878 0.8445347 1.381668
0.8627859 1.012784 -0.8702243 0.7101888 1.023964
-1.476533 0.8232256 0.9443212 -0.8575658 -1.211368
0.7607688 0.7513919 -1.678222 -1.163031 0.8620044
0.9281656 0.6601319 -0.618175 -1.073347 -1.555577
-1.241909 -1.318614 -0.7904791 -1.435354 1.656798
1.656798 1.062582 1.291515 1.107982 0.6522319
-1.530556 0.8060562 0.5794247 -1.431869 -1.037073
