2.870343 2.810886 2.727714 3.293923 2.860268
2.550671 3.390356 2.012778 1.120972 1.92089
1.368517 1.644056 2.515911 1.944928 2.289796
1.954474 1.622032 1.247433 1.551987 0.9708375
1.753554 1.507516 2.553416 1.783842 1.635235
2.222877 2.515911 -2.024502 1.898557 2.311237
-2.754455 2.729144 -1.304949 0.780052 1.345814
2.274921 0.6146954 1.032323 0.6952259 1.139139
0.8486753 1.28353 0.9252949 1.241096 0.9276595
0.7667922 1.387741 1.197717 1.199151 1.879819
1.471187 0.9925417 0.8109526 0.8869675 0.8308961
1.038702 1.598294 1.017231 1.284795 1.29461
1.265823 1.082973 2.419374 0.9899184 1.591348
0.8111261 0.7953026 0.937727 1.092989 0.8929798
0.6788914 0.8999519 0.9491325 1.176674 1.376155
1.021416 1.13951 1.597706 1.132118 1.068206
0.7734793 1.03097 0.9716509 0.9757727 1.265053
1.605852 1.032632 1.594169 1.341808 1.410746
0.919166 -1.042698 0.9540623 1.193279 1.040817
1.811266 1.14126 1.010702 0.6654978 1.120628
1.066818 1.203642 0.9985748 0.6581835
