1.718414 1.528528 2.511955 2.197974 2.282319
1.797736 1.986717 2.418084 2.553805 2.69109
2.042777 1.508755 2.039035 1.85765 2.450843
2.578999 2.213072 1.739767 2.254554 1.735204
2.691003 2.349455 2.881558 1.721746 1.82718
2.075567 2.041149 2.113841 2.040662 1.73837
1.857427 2.006254 2.418113 2.150712 1.909918
2.390828 2.862034 1.699792 1.754984 1.775137
2.327679 1.974806 1.732904 0.9374216 1.836735
1.72836 2.103961 1.896664 1.844687 2.000485
3.072926 2.088899 2.086989 -2.677124 2.464481
0 1.807337 2.918296 2.266068 3.673374
2.130052 2.232554 1.924043 2.347293 2.434244
2.423309 2.350268 2.238103 2.175409 1.978212
2.540439 2.168195 1.708897 1.916867 3.097903
1.917245 2.068375 1.632327 2.441198 1.51596
1.779389 2.970533 2.308561 2.009181 1.525812
1.797736 2.52778 2.427448 1.986717 -2.122748
3.244219 2.159717 2.193668 2.193668 2.319197
-2.089247 2.318918 1.605113 3.783821 1.82718
1.631604 2.532866 -1.890481 1.404631 -2.585421
1.486856 2.041682 2.457473 -2.948598 1.466991
1.854408 1.699324 -2.578445 1.978919 1.72836
2.022152 -3.072926 2.199892 2.035431 2.592518
1.841677 2.039249 2.122247 2.143871 3.163485
1.549068 2.664629 2.364138 3.037653 1.477183
-2.022755 1.947294 1.947294 -1.720274 1.838112
1.668786 1.51596 -2.650509 2.752285 2.108868
1.668786
