2.588467 -2.423636 2.70537 -2.692172 -2.834879
-2.37436 -0.2354308 -2.925326 -0.2683369 -2.656546
-1.571093 -2.213102 -2.202037 2.31292 2.675913
2.645412 2.675052 2.440748 2.787638 2.484558
2.242537 2.639921 2.31362 2.621711 2.375753
2.517256 2.517256 2.583463 2.794709 -0.573835
-1.779987 -1.228751 -1.611314 2.598106 -0.3260041
-2.474245 -2.441707 2.120069 -1.183564 -1.899886
-1.794969 2.563363 -0.6000838 -1.420654 -0.6350839
2.610085 2.622675 2.826434 -2.412915 -2.770223
-0.239427 2.4322 -1.822831 2.051907 1.72209
