2.764531 2.473749 2.653818 2.456312 2.881752
-2.56325 2.142432 2.522383 2.334909 2.423423
1.902969 2.714623 2.935213 3.043647 2.56325
-1.912268 1.577723 1.615483 2.409084 1.880084
0.8911884 0.9762006 -1.26574 2.444048 0.9672171
0.9794603 1.387208 1.812089 1.090374 1.925615
2.148279 1.38231 1.054954 1.455419 1.171048
1.078824 2.022006 1.17512 1.148717 1.15273
1.027506 -1.38114 0.9040713 1.078565 1.380423
1.216795 1.893538 -1.26574 1.070055 1.58643
-2.323924 -1.545635 -1.380423 1.196192 1.214276
0.9544269 1.078505 0.931114 1.656249 1.116247
0.9770906 1.558707 0.949484 1.061272 0.7399634
1.014765 1.197327 1.228429 0.9701575 1.2943
1.064558 1.123718 0.9618798 1.277545 1.365472
4.096113 1.084796 1.985109 1.035279 1.289117
0.9399131 0.9257436 1.110735 1.63262 1.216795
0.9416164 1.387387 1.027506 -1.243691
