3.072137 2.393804 1.82987 2.202986 1.915183
2.481364 1.837552 2.728382 1.835238 2.43988
2.471717 2.471717 -1.619223 -2.220333 1.852867
1.659673 1.882879 2.117182 1.973389 1.422832
1.901351 2.124834 2.374245 2.228326 1.812749
-1.725932 1.784124 1.09393 1.464087 1.690152
2.524006 2.032007 1.57856 1.607177 1.670021
1.838344 1.256243 2.846065 1.915183 -1.34271
1.901351 3.053928 1.155683 1.246061 1.938198
-1.065062 -1.240854 1.814731 -1.244927 1.067155
1.705907 1.429151 1.212553 1.840865 1.660335
1.173527 1.018818 1.278775 1.668913 1.689316
1.02872 1.305882 0.9955627 2.287234 2.180498
1.430497 1.275383 1.368173 1.22372 1.634255
1.069094 1.526509 1.070078 2.728382 0.8455021
-0.8992122 1.094008 1.61425 2.507944 2.127482
1.449919 -1.058546 1.915183 -1.915183 2.180498
2.012829 1.088798 0.9998481 -1.489873 1.690152
-1.816335 1.038648 1.51251
