2.893618 -2.330575 3.012463 2.772274 -2.652877
-2.135918 2.72454 2.804945 2.492778 2.698289
-0.7307301 5.055292 2.812632 2.433337 2.748763
-2.790623 -2.91804 2.276951 2.452815 2.347111
2.583518 2.881331 2.505115 2.617614 2.545455
2.612696 2.717343 -1.970808 -2.106205 -1.491971
2.332169 2.861238 2.693471 2.579886 2.601844
2.342885 2.490869 2.50338 2.595999 2.527329
2.898745 2.605646 2.46822 -0.2310654 -2.464206
-2.715372 -2.509466 -1.612293 -1.951373 -1.048443
-2.164558 -1.73077 2.539408 2.330734 2.327329
2.153905 2.168806 -2.662422 2.442235 2.964476
2.821997 2.430039 -2.683447 2.390959 -0.4776918
-2.163369 -1.969812 1.87044 -2.579052 -2.219925
2.750078 -2.104711 1.934881 -2.187165
