2.886771 2.627789 2.607333 2.770272 5.12352
2.884855 2.492844 2.891465 2.867595 2.81185
2.700944 2.831937 2.957129 2.29909 2.654668
2.532282 2.659681 2.45184 2.46116 2.675408
2.668824 2.860248 2.449194 2.688698 2.440107
2.345277 2.808092 -2.708083 2.513903 2.830591
2.953251 2.770078 2.453527 2.677112 2.740123
2.687918 1.91085 2.62176 -1.591301 2.815478
2.740576 2.511763 2.515179 2.541676 2.588493
2.705848 2.861114 -2.317465 -2.099207 2.589179
2.198511 -1.278465 2.657056 2.627789 2.588493
5.339199 2.953251
