2.747482 2.470764 2.576721 2.662982 2.804679
-2.510098 2.576504 2.629649 2.410764 2.542751
2.710846 3.035767 2.481559 2.253249 2.443628
2.798991 2.81252 2.561107 -2.686748 2.603518
2.613139 2.129592 1.704076 -1.220499 -2.286032
2.009359 1.396916 1.763975 2.337218 2.282868
1.862518 2.250169 2.468882 1.926257 1.179966
1.75709 1.740665 1.741157 1.596739 -1.45557
-2.700381 3.035767 -2.320671 -1.928928 -2.174706
1.339116 1.613883 1.245974 2.062082 1.520264
1.978248 1.222295 1.336408 1.154689 1.318219
1.532014 1.161729 1.505436 -1.23144 1.19243
1.047113 1.041825 1.543099 1.043935 -1.349048
-1.768038 -1.950327 1.396916 2.385805 1.70668
-1.309542 -1.518006
