3.122327 -1.896422 2.63197 2.428476 1.879129
2.242075 2.038241 2.701464 2.168169 2.402725
2.366618 2.832825 2.227166 2.438383 2.765564
2.446941 2.315271 2.452699 2.73054 2.329076
2.559405 2.219671 2.736626 2.085718 3.091516
2.088498 2.045007 2.812983 2.823402 2.955405
2.545769 1.969469 2.28841 2.437284 2.272045
2.390343 2.208347 2.416466 2.091221 -0.3050445
2.043708 2.63197 0.5206373 2.352685 2.533438
2.336731 3.122327 0.1768199 2.374022 2.337966
2.337765 -0.3529176 2.475602 1.753558 1.848771
2.052301 2.083537 1.659523 1.705434 -2.13969
1.639023 2.01111 2.017707 2.038241
