3.158882 -2.8923 -2.909157 2.670644 -2.960456
-3.15774 -3.126764 -3.443708 3.158882 2.598421
2.868661 -2.768501 2.820981 -1.702173 2.597226
2.556489 2.539576 1.767427 1.770258 -2.252
-2.252 1.665173 2.166605 1.571976 1.455593
1.300749 1.628835 1.653776 1.766928 1.758564
2.227102 1.656056 1.464685 1.851998 1.895683
2.334326 1.378845 1.767593 1.824126 2.059883
1.741047 2.868661 -2.252 1.732611 1.877159
2.088548 1.523967 -2.637036 1.767593 2.213088
1.569129 1.535083 1.483372 1.382147 1.544942
1.314328 1.803103 1.671567 1.282886 1.523799
1.358752 -1.64527 1.723529 1.632202 1.220533
1.621557 1.523967 1.462381 1.58643 1.3952
1.247613 1.484945 1.440174 1.68311 2.239009
1.548101 1.470401 1.387876 1.246078 1.536173
1.455593 1.257073 1.550532 1.471913 1.915727
0.9239801 1.472896
