1.349209 1.82948 2.010466 1.99555 1.165985
1.888164 1.30339 0.929565 1.676919 0.928519
1.445757 1.21305 0.9453899 -2.403609 1.878945
1.020674 0.9164126 4.005775 0.9694308 1.008598
1.317247 1.451887 0.984898 1.042601 0.6381402
1.263049 0.9516695 1.863765 0.9040979 1.776665
1.08991 0.7897267 0.7963129 0.912459 1.394405
0.772144 1.450028 0.774966 1.113191 0.6252177
0.7837189 1.023791 1.291959 0.8758854 0.8452751
1.246636 0.9919894 0.9905186 1.543842 0.9575517
1.071551 0.8222268 0.8902105 1.049867 1.308048
1.042649 1.82983 0.771358 1.055002 2.583978
0.8622526 1.262754 1.217665 2.46372 1.413762
0.9641933 0.8471411 -0.936369 1.240351 1.439962
1.007519 1.03483 -2.374996 0.8285162 0.8878839
0.8846497 0.8385121 1.041005 -1.095892 1.363457
0.9885661 0.957793 0.8639999 0.8303647 0.9843766
1.377575 0.7493378 1.284673 1.583856 0.7906386
1.340745 1.165659 1.314161 1.380798 1.284416
1.264154 -1.940335 0.8534629 1.161739 1.331131
1.219529 1.283915 0.7993457 0.7650601 1.439344
1.657513 0.8308361 0.8714412 1.20353 1.373585
1.002165 0.758733 1.0782 1.026372 0.8218047
1.755431 1.11669 0.7585264 1.153443 1.027299
1.026778 0.7741806 1.253252 0.7532207 0.9300367
1.325948 1.762459 1.320127 0.9009021 1.110018
1.120524 0.8477133 0.8694845 0.8500711 1.495243
0.8776849 0.9737274 1.298839 1.105375 0.9927466
1.297556 1.506802 1.254678 0.9745998 1.114242
0.9592253 0.810736 0.9055274 1.084884 0.8962783
1.047041 0.7032532 1.556189 1.355948 1.262376
0.8721584 1.10601 1.610989 -1.153825 1.026919
1.248814 -1.424847 0.964096 1.523558 -1.348254
-0.9583559 1.043917 -0.8453613 1.530007 1.002681
-0.9615277 -2.120557 -0.9377925 -1.46005 0.8749728
0.8150113 -2.339227 -0.7466044 0.6794883 1.252934
0.8044841 1.226333 -1.522578 -1.150936 1.130599
-0.8087643 -0.9471258 1.032909 -1.731004 1.346264
0.866466 -0.936369 -0.9158425 1.0199 0.9217884
-1.102362 0.838841 1.171451 1.171451 -1.403524
-1.67035 -1.207768 0.7716913 0.8057331 -0.9890185
-1.001086 -1.105382 -0.9889053 -0.9106375 1.854337
0.7952116 0.7952116 -2.455731 1.643567 1.825016
-2.059109 -0.9299572 -1.199751 -0.774677 1.368271
-1.037366 -0.8054736 -1.139475 -0.717587 1.746875
1.529753 1.477645 -0.8035486 -1.258853 -1.342923
-1.303194 2.398797 -1.148082 -0.7477401 -1.164457
-0.8550836 0.8481881 -1.232705 1.076433 -0.973556
0.9291122 0.9291122 -1.198406 -1.058391 -0.8936868
0.6857716 -0.9946387 -0.9960033 -0.7593587 -0.8881834
-1.10601 -0.8844056 -1.596137 2.462843 -0.9887644
-0.8607942 1.026106 1.569263 1.107116 1.703158
1.461808 1.738822 1.440751 1.664537 2.051826
1.284602 1.436206 1.063096 1.185561 1.123754
1.544814 1.909169 1.790206 1.784622 1.703418
1.372219 1.117751 1.489204 1.166493 1.420682
1.4675 1.30956 1.756036 1.738404 -1.457791
1.321334 1.161727 1.214796 1.280333 1.298865
1.437126
