2.875955 2.659959 2.225688 2.508599 2.470103
2.628522 -2.6595 2.619452 2.678347 2.404644
2.753056 2.710081 2.695461 2.708209 2.43537
2.686622 2.445521 2.692134 2.854338 2.807301
2.369967 2.727016 2.449484 2.598551 2.612778
2.461827 2.531037 2.408298 2.722324 2.564864
2.678945 2.304267 2.605668 2.933857 2.790699
2.301734 2.155792 2.282296 2.576298 2.37851
2.663013 2.587319 2.681189 2.228032 2.575287
5.011042 2.087095 2.243837 2.284406 2.591094
2.180818 2.103116 1.997008 2.457364 2.265236
2.404813 2.51514 2.533998 2.486354 3.444513
2.268981 2.637637 2.900418 2.183707 2.630413
2.408314 2.162199 2.210986 2.625778 2.486115
2.472438 2.443825 2.834522 1.954194 2.509358
2.284766 2.471614 2.263756 2.342148 2.248557
2.213042 2.356128 2.337595 2.642792 2.282053
2.392628 2.355997 2.602602 2.412232 2.705573
2.663493 2.125547 2.197218 2.749888 2.024727
2.492035 2.36276 2.225688 2.268775 2.289612
2.51957 2.03468 1.961672 2.129458 2.513191
1.848538 2.297308 2.710326 2.129769 2.422107
2.558427 2.275024 2.604931 2.651852 2.371091
2.485602 2.325718 2.188911 2.070914 1.918392
2.654699 1.890871 1.995866 2.254794 2.611998
2.352269 2.084686 2.106172 2.919152 1.88592
1.947846 2.6942 1.942051 3.64312 2.264446
2.348287 2.151367 2.420896 1.922484 2.747847
2.566394 1.979971 2.213487 2.499971 2.02477
2.306677 1.998636 1.876885 1.946621 2.200675
2.94217 1.997008 1.997008 -2.184122 1.928672
3.444513 2.005541 2.52381 2.605668 2.625778
2.599153 -2.182749 -2.241712 2.323667 2.602602
2.203803 2.375877 1.854098 2.45501 1.825768
1.842159 1.753539 1.148936 1.378802 1.877648
1.304595 1.890969 2.006928 2.041637 2.778761
1.673144 2.191994 1.824075 1.765345 1.373171
2.101443 1.821204 2.012527 1.145348 1.845102
2.308767 1.999675 1.59419 1.950399 1.499364
1.734297 2.280452 2.261767 1.932391 2.456046
2.059904 1.308463 2.441778 1.978434 1.98083
1.851449 1.375335 2.166078 2.244414 2.423719
2.317997 1.54527 2.630809 1.753242 2.35435
1.746636 1.923683 1.533361 1.469613 1.89075
2.062218 1.456756 2.132517 2.06097 1.774973
1.343161 1.909005 2.018491 1.873004 1.070814
2.147934 2.471614 1.26397 1.368139 1.432734
1.475699 1.715174 1.699064 1.710477 1.51302
2.532659 1.744246 2.16025 1.388674 1.56245
1.667441 2.039868 2.144847 1.472032 1.506037
-1.695319 2.820374 1.65874 2.27047 2.275512
1.851614 1.992953 1.551026 1.697984 1.757711
4.645482 1.944407 1.901454 1.93394 1.781502
2.195328 1.704945 2.882222 2.255486 1.787444
2.127147 1.232748 1.854098 1.648533 2.442115
2.94217 1.125868 1.940064 -1.147895 1.70192
-2.217313 1.594659 -1.597166 1.207775 2.345672
-2.854138 -1.297668 2.371091 3.444513 1.986582
-1.532899 -1.96495 1.454283 1.918392 -2.625778
1.465627 1.788092 1.689214 2.027955 -1.277977
1.778207 1.946373 -2.676674 -2.676674 1.781502
-1.387871 1.803046 1.399561 1.652874 1.482809
1.026932 1.571381 1.455771 1.096634 1.283254
1.681107 1.242696 1.301219 1.106714 1.795913
1.873546 1.622902 1.497611 1.463841 1.573218
1.904928 1.224604 2.156236 2.018362 1.687138
1.225026 1.1398 2.566521 2.353771 1.430663
1.287294 2.025216 1.231713 1.519571 1.76036
-2.614537 1.478897 1.848236 1.121964 1.355491
1.110535 1.710675 2.376513 1.678723 1.98343
1.432228 1.279112 2.751848 1.474336 1.866879
1.296174 1.33739 1.374221 1.144642 1.293281
1.047659 -1.709706 -1.537626 1.273154 1.727431
1.254375 1.515012 1.719122 1.635723 1.252956
0.9524795 1.07745 1.752219 1.594883 2.684326
1.785539 1.74136 1.299823 1.409767 1.855454
1.647096 1.20977 1.684716 1.58759 1.188115
2.53484 1.38969 1.292679 1.403654 1.35561
1.35332 1.696419 1.511793 1.361812 1.170508
2.147878 1.810617 1.534076 1.82108 1.73349
1.206223 1.429443 1.655386 -1.33596 1.246945
-1.940064 1.255996 1.302094 -2.614537 1.50455
1.27032 1.661322 -1.510704 1.088046 1.254375
1.449746 1.788092 1.368139 1.3578 1.80322
1.361712 1.526436 1.105872 -2.602602 -1.363741
1.704945 -1.106566 1.660512 1.803046 1.343209
