1.911573 -2.247586 2.787656 2.32618 -2.064468
-2.710491 2.159622 -2.347406 2.199828 2.765567
2.441561 2.477363 2.334337 2.087986 2.652527
2.445697 2.257052 -1.964151 -2.313248 -2.540261
-2.187208 -2.316416 -2.742691 -1.848289 2.469488
-2.880916 1.688505 1.620374 1.649606 1.931995
1.859923 1.737102 1.147392 1.611812 -1.631921
1.635873 1.79149 1.687113 1.578549 1.389145
1.641919 2.008342 -1.15193 1.602078 1.440451
1.289429 1.661583 1.712316 -1.886183 1.386854
1.709308 1.838668 1.283115 1.911875 1.732232
1.59794 1.420704 -1.760406 1.411193 -0.9914971
1.53716 -0.5819076 -2.351049 -0.9367712 2.546935
-0.8452082 -0.2209013 1.678378 -0.9147119 -0.427756
0.1547467 -2.285184 -1.902529 1.027853 -1.421878
2.952476 1.956273 -1.170379 -2.709669 -2.709669
1.83022
