2.969057 2.867119 1.739998 2.289117 2.378935
1.924212 2.395582 0.8929071 0.7700347 1.06802
1.085827 1.940925 1.437239 0.9015951 0.8309787
1.259615 0.9888507 1.025825 1.435242 0.8681545
1.41561 1.370873 1.466558 1.092885 0.9975625
0.7827071 2.313243 1.139647 2.038337 2.315984
1.03364 1.266753 0.8150925 0.8088263 2.230547
1.331347 0.6492543 1.693339 0.8193762 1.128994
0.9656438 1.00369 0.7585364 1.215682 1.435035
-0.8098183 0.8955938 1.055174 1.192575 0.8350574
1.074233 1.166453 0.9322759 0.6392459 1.296377
1.037246 0.9080481 1.334194 -1.307779 1.024298
1.565559 1.232372 2.230076 0.8247488 1.289651
1.087384 0.9676189 1.427735 0.8601942 0.7711426
1.261162 1.076777 1.799263 1.279869 2.413432
0.969165 1.038391 1.148235 1.103498 1.006135
0.9984908 -1.537712 0.9164522 1.450106 -1.730517
-0.9266691 -2.343768 -1.192755 1.778095 -2.163231
1.525205 -1.261951 -1.586034 -0.8098183 1.532045
-1.679807
