2.836555 2.463198 2.649383 -2.535848 2.106733
2.176038 -2.673249 2.695834 2.400865 2.62754
2.455912 2.731214 2.468049 2.392044 2.458416
2.664302 2.795997 1.325299 0.8793163 2.704103
1.887648 1.780874 2.612211 2.15929 2.078855
2.564226 2.271853 -2.706668 2.02963 2.465678
2.15929 2.055834 2.463662 1.682678 2.448472
1.949163 2.264867 1.634542 2.088045 1.49978
1.698981 2.043584 1.875114 2.392305 2.189732
2.262637 2.332152 1.874428 1.65186 2.285642
2.743429 1.857002 1.703998 2.606235 2.858199
2.858199 1.856833 1.830969 1.51679 1.673918
1.730071 1.302604 1.228244 2.852642 1.440232
2.69637
