3.001205 2.84525 2.832977 3.07199 2.41053
-2.945259 2.891756 2.971331 2.624631 2.801033
5.569331 2.63023 2.763385 3.13791 2.678586
2.517839 3.033878 2.726671 2.490449 2.759492
2.666447 2.734618 2.600495 3.038564 2.746493
2.743774 2.538355 2.344274 2.491152 2.496956
2.627582 2.158659 2.724298 2.41938 2.788231
1.959853 2.650336 2.460212 2.653725 2.840753
2.301523 2.788903 2.26547 2.61772 2.756765
2.507773 2.626486 2.798992 2.516178 2.344274
2.399486 -0.2031293 -3.13791 2.41938 -2.326979
-2.746493 2.840753 -0.7332686 2.510005 -2.976121
2.26213 -2.985965 2.137689 2.759492 2.09887
1.216109 1.874452 2.380096 2.211159 1.878382
2.413266 2.387535 2.319446 2.497632 2.308829
2.401758 1.96146 5.353368 2.732889 2.368566
2.796551 2.334394 3.13791 2.22715 1.935488
1.935488 -1.473632 -2.171266 1.307747 -1.734507
1.413697 2.09887 1.856534 1.696511 2.038968
1.357423 1.725634 1.80511 1.672674 2.916082
1.467976 2.109068 2.277663 1.894674 1.785474
1.298407 2.07487 1.508107 1.38889 2.308305
1.882919 1.579749 2.025306 1.868561 2.253768
2.127983 1.943717 2.956306 2.80681 1.756303
1.619278 2.058432 1.724823 2.028379 1.626238
-2.03062 -2.289383 -1.620629 2.158659 1.803535
1.85673
