2.987951 3.277242 2.960109 2.969794 2.704738
2.624262 2.859548 3.073741 2.858822 2.778329
2.957174 3.065251 2.848883 2.882435 2.825152
3.097636 3.056885 2.57147 3.097619 2.505157
2.443378 2.550021 3.054066 3.166436 2.743324
2.714348 2.769897 2.95668 2.548902 2.976837
3.055506 3.1507 3.012555 3.037378 -2.757601
2.892879 -3.232561 2.798117 2.7731 2.842191
2.753623 3.170273 -2.874642 -2.797547 -3.090005
2.912935 2.717239 -2.741197 2.895223 -2.755633
3.313033 -3.262812 -2.835137 3.055506 2.640633
2.368049 2.798117 2.842191 2.701625 2.630565
2.833091 2.447219 3.025306 2.453674 2.837574
2.1218 2.830667 2.955941 2.815184 2.534689
2.786547 2.371578 2.423137 2.544871 -2.490536
2.139147 2.756461 2.489998 2.823401 2.684681
2.592176 2.591261 2.390217 2.709466 2.749518
-2.36924 2.723101 2.528458 -2.497835 -2.641574
1.554746 2.683939 -1.895216 1.826003 -2.486119
2.176949 2.109577 -1.991722 -2.275174 2.941381
2.300885 1.734934 1.901798 -2.314943 2.851099
2.640494 2.160838 2.765431 -2.193884 2.525893
2.415523 2.513963 2.347598 1.979819 2.456991
2.361101 -2.114405 -2.474466 1.62821 3.33198
2.62781 -1.963019 2.238951 2.424423 2.508505
3.183804 2.173402 1.932898 2.345677 2.717561
-2.015595 -1.550073 2.754515 2.765431 -3.055506
-2.758348 -2.321796 1.562683 -2.521243 1.760275
2.361101 2.062718 2.173402 -2.602319 -2.01696
-2.990776 1.590771 2.27847 -2.641176 1.403313
1.789943 1.210684 1.530347 -1.126225 1.670487
1.868032 1.801343 1.519485 2.355422 1.948924
1.443927 1.816176 1.699421 1.483438 1.810438
1.930651 1.399191 1.6561 1.623746 0.9029024
2.132271 1.615331 1.779389 2.138756 1.56183
1.855267 -1.743623 1.792235 1.407348 1.64426
1.754242 1.687116 2.069859 2.123827 1.946066
1.610228 1.281936 2.2534 -1.679115 1.181131
1.487371 1.567798 1.846346 -1.404732 1.338211
-2.004387 -1.86088 -0.9903175 2.849745 -1.835323
-1.381654 -1.386649 -1.273627 -3.055506 2.415523
-1.407383 -1.181901 2.138756 1.696739 1.520866
1.539289 -1.746817 -1.233413 -1.902521 -1.313657
-1.193479 -1.081978 1.287385 1.129785 0.8334682
0.7539686 0.8681432 1.168271 0.8238936 1.165279
0.8577437 1.249372 0.8162592 1.15818 0.7285876
0.7800028 1.835323 1.086337 1.144017 1.718235
-1.130055 0.8246099 0.9533003 0.9217829 1.028826
1.443876 0.9127917 0.9993205 0.9587312 0.919477
1.617072 2.019461 1.225922 1.884458 1.224368
1.059442 0.5970959 -1.336265 0.9885558 1.502314
1.94827 0.8090134 1.123062 0.9203896 1.006628
1.419995 0.7401964 1.179605 1.015976 1.078442
0.7389197 1.358238 0.8586211 1.196824 1.030966
1.620557 0.9225821 1.148692 0.8645322 1.15696
1.293164 1.433571 1.21582 1.151249 1.905226
-1.236774 0.9617822 1.607593 0.6984055 1.182209
0.978721 0.8428871 1.044349 0.8437477 1.382309
0.8764422 0.877785 1.365239 1.366759 1.144174
-0.7539686 -0.8916235 -0.8697322 -0.7419802 -0.9634424
1.044596 -1.048496 -1.483438 -2.010286 -1.399191
-1.294976 -1.058986 -0.9846292 -0.9116834 1.182209
-0.7088691 0.759664 1.487371 1.051626
