2.520329 2.402092 2.606949 2.574494 2.561439
2.575928 2.677786 2.326672 2.449899 2.505826
2.307399 2.272592 2.276084 5.456979 2.362881
2.483422 2.318486 2.847303 2.221147 2.699106
2.534634 2.588987 2.961222 2.375412 -2.230907
2.447479 2.787457 2.618382 2.371216 2.225361
2.519903 5.215364 2.312475 2.152942 2.859969
2.482569 2.433736 2.294945 2.556181 2.251195
2.367774 2.315966 2.587729 -2.63538 2.407601
2.430847 2.486968 2.872827 2.584657 2.323358
-0.2969173 2.764371 -2.611734 2.640582 2.561439
-2.557863 2.698003 -0.3910831 -2.789944 -2.458998
1.990003 2.705883 -0.2774014 -2.409852 -0.3134837
2.315132 2.661508 2.584711 2.27807 -2.076033
2.191258 2.133762 2.657315 2.168245 2.95357
2.207386 2.705883 -2.409947 -2.441797 2.678642
2.672192 2.277513 2.341047 2.18717 2.218456
2.366871 2.289038 2.102326 1.828829 -2.560438
2.574494 -1.443445 -1.852607 2.294945 -2.064891
-2.132312
