-1.971863 -2.001208 -2.002507 1.636354 -2.513374
1.479222 2.005286 -1.839642 1.483264 1.717678
-2.160938 1.596007 1.222761 1.726675 1.672386
1.606896 1.711753 1.793513 1.797326 1.520955
1.953851 -1.700087 1.268292 -1.268292 1.5059
-1.135857 1.70044 1.517775 1.127795 1.751232
1.683566 1.857412 1.58413 1.612555 -1.386013
1.449926 2.781458 1.286381 -1.768749 -1.802385
-1.614924 1.725686 1.445269 1.448192 1.369818
-1.918474 1.418369 1.604116 1.587977 2.121037
1.710825 -1.327849 1.865947 -1.700478 -1.610949
-0.6316199 -0.5169344 -1.775163 -1.414917 -1.764853
-1.539559 -2.288036
