3.357431 2.683124 -1.511674 2.47759 -2.772237
1.839395 1.875768 2.181442 -3.357431 1.540533
1.276386 1.755675 0.9292515 0.9164165 1.180473
1.542579 1.237585 1.307613 -1.783352 1.038223
-0.7803236 1.495849 1.518578 1.265517 2.56896
0.8337723 1.010143 1.423137 0.9130209 2.206767
2.148756 0.943265 1.713235 0.6966255 1.109868
2.07279 1.413414 1.249129 1.538483 0.8165493
0.963344 1.334948 0.8637951 -1.813176 1.203397
0.9122926 0.9968676 1.445607 1.507994 1.180481
0.8030189 1.019375 1.519145 1.369849 0.9953893
0.7153432 0.8913263 1.094044 1.212351 1.463349
1.353505 0.7067702 0.9845672 1.420391 1.610069
1.432086 1.143094 1.776541 1.66966 1.42822
1.390375 1.03192 1.113396 1.352331 1.336486
1.347639 1.242472 1.160171 1.464242 -1.276386
1.684422 -0.7138952 -1.783352 1.488888 1.739996
-2.066888 1.353267 -1.099936 -1.342179 1.523952
-1.8446 -3.357431 -2.213045 -1.749137 1.22055
-1.335862 -1.176088 1.67396 -1.345626 -1.403276
1.87358 -1.741159 1.277075 1.277075 -1.395558
-2.381711 -0.8065781 1.431765 2.743943 1.487562
-1.219519 -1.567011 1.260496 1.276712 0.942219
1.382708 1.359776 0.6400658 1.32479 -1.433316
1.120719 -0.92598 1.041265 0.8149444 1.542579
-1.874113 -1.739229 -1.211255 -1.819195 -1.191391
1.347002 -1.086887 -1.784285 -1.015068 -1.108257
-5.821315 -1.220357 -1.713235 -1.109868 -2.07279
-2.235685 0.8637951 -1.712863 -0.8674017 1.598766
-1.067062 -1.664148 -1.296872 -1.160535 -1.68582
-1.589755 -1.829688 -1.424896 -1.178548 -1.137698
-0.9849806 1.582619 -1.180502 -0.8065781 -1.715027
-1.17959 -1.751812 -1.459231 -0.8035097 1.140034
