2.85701 2.805443 2.746044 2.470087 2.924082
2.39333 2.927115 2.761981 3.29004 2.240895
2.56271 2.623558 2.515656 1.87677 1.920727
1.879339 2.400883 2.262337 2.211092 2.162926
2.184643 2.015425 2.805938 2.039841 2.48062
1.794562 1.987771 1.978656 2.264255 2.056079
2.202529 1.855977 2.323108 2.141008 2.519022
2.065525 1.977973 1.858599 2.39333 -2.518715
2.307112 2.064702 2.403115 2.566204 2.312742
-2.76501 1.783346 1.756055 -2.648579 1.746359
1.788407 1.806956 2.466959 1.795028 1.601021
1.163443 2.030667 2.063538 2.024138 1.130988
2.074764 2.109988 1.832827 0.7571076 1.950654
1.98244 1.841929 1.863892 2.221921 1.741059
2.41314 2.234266 2.254543 1.220333 1.610433
2.183531 1.810019 1.313675 1.715005 1.012583
1.495542 2.469781 2.308706 1.782107 2.423945
1.332014 1.732658 1.942855 1.53636 2.778872
2.461934 1.151699 1.689375 1.71039 1.337772
1.814441 1.228651 1.836114 1.529151 1.208812
1.480225 2.009801 1.454936 1.435707 1.60119
1.746923 1.595752 1.931009 1.769578 1.871892
1.214904 1.248566 1.041451 1.720339 1.573295
2.673888 1.606975 1.806956 1.479614 0.9319978
1.270984 -1.008909 1.879339 1.411102 1.902085
1.413911 2.13693 2.984827 1.841929 3.29004
1.591078 2.064702 1.448919 1.345433 1.152864
1.455462 2.648579 2.648579 2.648579 -1.118229
1.788407 1.0066 1.180017 1.875703 1.875703
1.884041 0.9628601 1.038383 0.8317304 0.9736532
0.6905945 1.834407 1.841066 1.554487 1.156497
1.548413 0.9888507 1.691595 1.211398 1.424335
1.126961 1.678083 1.147833 2.03217 1.235639
1.147048 1.108272 1.631514 0.9674831 1.098829
0.7256668 0.9925358 0.9397496 2.44424 1.59664
1.470717 1.019997 0.9033626 2.15327 2.118627
1.49536 1.191775 1.56789 1.263562 0.7480722
1.651922 0.746006 1.184962 1.3686 1.008236
1.63565 0.931586 1.141463 0.7816821 1.165599
0.8042674 1.452039 1.209522 1.097442 1.134751
1.405148 1.228034 1.038223 0.8474718 1.128858
1.126843 1.670949 1.265273 1.239027 1.32606
1.16708 0.8127699 0.9704726 1.310057 1.119511
1.595883 1.04796 1.451052 0.6967742 2.155538
2.464026 1.055305 0.8669645 1.305841 1.608618
1.374564 1.40884 1.106204 1.284758 1.170357
1.610857 1.085774 1.155612 0.9628601 -1.963112
-1.70273 -1.520125 2.19197 -1.453238 -0.9850181
0.6631213 0.6631213 1.920535 1.413911 -1.500751
2.175773 -1.926104 -1.954466 1.432629 1.055969
1.277511 0.9562037 1.038223 0.7445871 1.337772
1.32859 -1.751973 1.152864 1.152864 1.396954
0.8864444 1.294903 1.004462 -1.899724 1.720339
-5.242908 0.8606818 -1.859536 -0.9468481 1.308163
1.000421 1.796636 1.354924 1.34493 1.219934
1.088883 1.583118 1.480824 1.515928 1.582535
1.274067 1.585404 1.49021 -1.36211 0.9559843
-0.9539398
