2.851752 2.859933 2.315054 -2.732804 2.663299
2.001461 2.678793 2.572377 2.385056 2.326064
1.850873 2.503658 2.613565 2.141902 -2.031084
-2.375857 2.419859 -2.45345 2.327691 2.256652
-2.050755 2.397717 2.106489 2.457527 1.946747
2.602106 2.445949 2.344041 2.47004 2.193882
1.68603 1.814967 2.567918 2.397792 2.592856
2.340986 2.04737 -1.812013 2.151676 2.421202
1.871291 -1.691292 -1.496209 1.852663 1.59124
-1.740082 -2.955399 -2.039992 -2.436527 1.244531
-1.709573 -1.979374 1.789135 2.105464 2.281829
2.510486 1.770255 2.51396 1.950826 2.083927
2.338315 2.032004 1.827182 1.684322 1.509736
1.342461 2.006636 2.290644 2.206009 2.026093
1.692654 2.06302 1.375527 2.041169 1.60341
1.436024 1.608959 1.867894 2.884257 2.216543
2.538856 1.720342 1.839096 2.045816 2.280357
1.512513 1.590681 1.481766 -1.613951 1.409154
-1.78025 2.471954 2.591919 1.852332 1.946747
-1.583846 -1.919039 1.892335 2.080868 -2.101996
1.805943 2.039992 1.441246 -2.128499 -1.901313
-1.654454 -1.445608 1.839096 1.396373 1.316765
-1.86767 2.224515 1.762478 2.352757 2.264497
-1.789135 1.626672 -1.892335 4.150021
