3.387881 3.211017 2.843456 3.123632 3.161548
3.171677 3.083691 3.152506 3.323468 2.998405
3.292302 2.983513 2.957565 2.802412 3.521233
3.067708 2.818469 3.143061 3.140787 3.054779
3.049511 2.861884 3.180766 3.116525 3.395337
2.963638 3.378051 3.42309 2.496959 2.86786
3.249484 2.978026 3.495156 3.054779 3.010047
3.003597 2.80483 2.941044 3.237115 2.6874
2.803465 2.713015 2.686911 2.939332 2.947097
2.905485 2.776703 2.989092 2.701113 2.568871
2.879389 3.919973 3.02671 3.246744 2.838911
2.949147 2.778916 3.053084 3.098994 3.235864
3.096298 2.837391 2.982294 2.984774 2.527077
2.845486 2.900615 2.869711 2.883354 3.283615
3.249484 3.003433 2.53998 2.321121 2.949147
5.219796 2.81085 2.642427 2.614795 3.066508
5.226583 1.943634 2.699184 2.879389 3.246744
2.452976 2.749499 1.66431 2.228112 2.202228
1.426533 1.920884 1.777012 2.067549 2.381983
2.326301 2.271837 1.963641 2.681585 2.071171
1.930719 1.657711 2.386197 2.177999 2.877533
2.372425 1.911496 1.920884 2.016506 3.031835
2.385112 1.940929 2.441591 1.532405 2.521044
1.688956 1.74125 1.205592 2.690427 1.313396
1.313396 0.9583601 1.906039 1.252145 1.615148
1.643921 2.138686 1.404172 1.194024 1.207351
1.218768 1.055677 1.252115 2.448515 1.919819
1.529732 1.375311 1.313116 1.347327 1.851666
1.909914 1.381584 1.794463 1.090248 1.086102
1.197434 1.470831 1.040013 1.514365 1.637047
1.384799 1.247588 1.563925 1.165225 1.407363
1.236178 1.336407 1.355241 1.935256 2.82169
1.308533 1.377132 1.257534 1.339876 1.251812
1.656515 1.160989 1.334451 1.55589 1.461941
1.348791 1.162564 1.556654 1.401546 1.719891
1.930933 1.385895 1.644823 1.323311 1.742924
1.859362 1.281573 1.53961 1.573613 1.667883
1.271295 1.197925 1.478456 1.4544 1.347713
2.417304 1.124402 1.39756 0.9693037 1.170829
1.489113 1.553435 1.297459 1.359048 1.386868
1.517126 1.772019 1.207247 1.456247 1.414565
1.377293 1.397785 1.346902 1.304473 1.45203
1.278659 1.640475 1.48077 1.433999 1.524544
1.894715 1.239168 1.259592 1.478751 1.29203
1.126442 1.383564 1.324043 1.063401 1.523581
1.098733 1.720414 1.413777 1.475679 1.685706
0.9339433 0.9702119 1.476496 1.840074 1.235938
1.400693 1.635864 1.635864 -1.288067 1.309045
1.410348 1.588653 1.530593 1.643921 -1.229055
1.218768 1.438695 1.190832 -1.208437 1.007252
-1.477721 1.579417 1.962533 1.305474 -1.364524
1.930719 -1.761573 1.628011 1.628011 1.436239
1.135979 1.859362 1.168745 1.238847 1.738425
1.108722 2.0277 1.456247 1.758015 1.490398
1.490398 1.823235 1.515575 1.532405 1.259592
-1.648405 2.057304 1.711204 1.531219 1.628532
1.56457 1.684567 1.231296 -1.068203 2.804258
-1.586525 1.586525 -1.887931 1.269915 1.772478
1.772478 1.250383 1.205855 1.090595 0.9666998
1.292546 1.138501 1.441922 0.9241211 1.235589
1.863107 1.126749 1.122936 1.483952 1.079329
1.391897 1.268182 1.48751 1.191849 1.117615
1.243849 1.112174 1.675644 1.407977 1.677433
1.112827 0.979029 1.544949 1.051834 0.9560711
1.052342 1.120936 1.46199 1.08019 -1.435992
1.273887 1.287634 1.243421 1.14654 1.029331
1.375647 2.341051 1.508656 1.654736 1.297141
1.285743 0.9859034 1.186812 -1.140081 1.36347
1.626186 1.682095 1.714984 1.105041 0.967965
0.9023939 1.225104 0.9792929 1.376016 1.268456
1.374585 1.180919 1.158615 1.010752 1.194205
1.242322 1.436239 1.253024 1.07907 1.083135
-2.515779 1.200801 1.087678 1.095822 1.267387
1.141616 1.455443 1.490815 1.2921 1.062389
1.66431 1.168825 1.513162 0.9821649 0.9706818
2.073489 3.960892 1.174159 1.120759 1.292976
1.193929 1.171128 1.921733 1.109905 1.135869
1.430007 1.163476 1.241433 0.9901026 2.010727
1.032634 1.736546 1.145037 1.1604 1.490398
1.557058 1.162265 1.510959 1.570093 1.154021
1.265369 1.524544 -1.622621 0.9587662 1.229678
1.544503 1.064063 1.224054 1.502272 0.8392529
0.9243838 1.185458 -1.06872 1.029052 1.113866
1.227282 1.085557 1.41676 1.764568 1.475679
1.064981 1.450411 1.290239 0.9231432 1.787347
1.648762 5.967273 -1.74125 -1.16362 1.410348
-1.091051 -1.404381 -1.274321 -1.392811 -1.458419
-1.197434 -1.563604 1.165225 2.516136 1.336407
-1.446067 -1.097763 -1.143788 -1.13714 1.66944
-1.228219 -1.371704 1.096865 1.490398 1.488324
1.071902 1.515575 1.187931 -1.057499 -1.06872
0.9633921 1.330484 1.479073 -1.101314 -1.142686
