3.108097 1.936267 2.030809 1.979765 2.625658
1.330196 0.7155063 1.180953 0.964027 0.7372511
0.6958369 0.8573647 0.7833509 1.082405 0.7790749
1.337714 1.420134 2.847826 0.8259466 1.782489
0.8150448 0.7930643 0.862193 1.641291 1.159689
1.507512 1.262689 0.82404 1.298367 1.088973
1.050134 1.100522 1.236178 0.9105048 1.309451
1.247925 1.330675 1.246865 1.096028 0.8364839
1.079874 1.317901 1.240389 1.304995 0.724863
1.378117 1.607044 0.9303438 1.037879 0.8438394
0.9236834 1.530796 1.128814 0.8624391 1.009487
1.134983 1.981397 1.059862
