2.867452 2.987506 2.69071 2.68932 2.84698
2.934522 2.569313 2.953572 2.902431 2.891391
2.72318 2.907406 3.053393 2.348805 2.719466
2.507665 2.501386 2.748897 2.892739 3.005694
2.615822 2.515494 2.726193 2.300561 2.52684
2.417833 2.74612 3.063533 2.839548 2.504884
2.581299 2.752248 2.859081 2.768322 1.999442
3.053422 -0.8831922 2.113688 2.906409 2.766502
2.62005 2.576524 3.022809 2.759613 2.945281
2.830143 2.371895 2.159818 2.154256 2.666445
2.256357 2.476999 5.678718 2.526452 2.532896
3.104423 2.55222 2.631742 2.544178 2.429832
5.309369 2.489359 2.327103 2.563709 2.606474
2.798524 2.756558 2.589961 2.507686 2.675126
2.492405 2.216934 -2.098955
