2.385224 -2.656742 2.656573 2.865587 2.66445
-2.692789 2.708955 2.689021 5.029347 2.690601
2.912564 2.625379 2.877299 2.706577 2.74805
2.272668 2.8265 2.686782 3.024063 2.795839
3.227405 1.35763 -2.508187 -2.174965 -1.513912
-2.851328 1.931296 1.584677 2.696122 2.643504
2.445008 2.168701 1.717167 2.296586 1.750455
1.028026 1.444452 1.241181 1.631742 1.468075
0.8356197 1.143506 1.49751 0.9765975 -1.694909
1.302166 1.405755 0.9662009 1.190573 1.587662
1.344092 -1.131293 0.9973997 -1.864628 -1.988515
-1.216945 1.37419 1.342213 1.49751 1.770359
2.421702 0.9924464 1.62864 1.142987 1.46089
1.407537 1.686615 1.463694 1.022686 0.9939985
0.7768506 1.441257 1.259671 1.226951 1.187665
1.557584 2.036328 2.029569 1.228591 1.376777
1.121331 1.499538 1.484521 -1.923984 1.497531
1.689145 1.689145 -0.8865531 -1.010762 1.434523
