2.755272 3.120953 2.56851 2.540844 2.9109
2.533274 2.848505 2.447489 1.897671 1.969525
2.451226 1.576425 2.142108 2.659272 2.1703
1.518585 2.174316 1.870944 2.625496 2.118982
2.167688 -2.364303 1.89132 1.948248 1.713818
2.364049 -2.495812 1.464297 2.326791 -1.777367
2.099254 -2.451438 2.848505 2.012099 1.774776
2.107154 1.630491 1.824882 1.591539 1.533561
1.934548 1.855803 1.570858 2.249975 1.801031
1.699503 1.898393 2.334869 1.905886 1.957231
1.628344 1.462406 1.668809 2.417825 1.785702
1.850675 1.652739 1.880743 1.742334 1.913525
1.710549 1.900762 1.771899 2.042108 1.447499
1.943785 1.967024 1.259035 1.88603 1.828838
1.662698 1.990092 2.11814 1.629976 2.204188
1.689915 1.913832 2.26314 1.901314 1.728137
1.595601 1.692691 1.879962 1.933817 1.99776
1.517457 1.836398 1.631335 1.902562 1.913702
1.664596 2.086915 1.446114 1.634808 1.97604
1.659513 1.811011 1.82523 1.89821 1.805723
1.801132 1.766734 1.767395 1.876128 1.851526
1.812684 2.316323 1.532388 1.548657 1.875759
1.648404 2.296207 1.984471 1.775183 1.707412
1.851557 1.712329 1.754162 2.021295 -1.384432
-0.7610202 1.767241 -2.233373 -1.470641 1.689869
-1.640711 -0.7919382 -2.361104 -1.882886 1.882886
-1.691762 -1.870032 -0.7868037 -1.844328 -1.844328
-0.6230878 2.069032 -2.364303 -1.829944 -1.921531
1.958378 1.410885 1.967919 1.614091 1.284471
1.865665 2.23039 2.093874 1.765937 1.86313
1.676859 2.017364 1.656508 1.802227 1.658694
2.158728 1.322804 1.672598 1.963084 1.43423
1.874802 1.950214 2.140367 1.815522 2.304326
1.472747 2.057604 1.614924 1.745537 1.864919
2.062171 1.580983 1.727003 1.95394 1.76488
2.02579 1.920254 2.057461 1.686319 1.664858
1.804609 1.683866 1.789569 1.813448 1.849225
1.841638 1.502633 1.601966 1.62451 2.037637
1.580749 1.708125 2.069032 2.061267 2.198798
1.571412 1.709616 1.517877 0.8594991 1.875484
1.877594 1.937874 1.937874 1.861596 -0.2052553
-0.670067 1.319886 1.500155 -0.5477677 2.06426
1.865508 2.069032 2.005951 1.602976 1.935676
