2.744352 -2.779831 2.58761 2.540651 2.523209
2.525245 2.282969 2.871277 2.635276 -2.446293
-2.865555 2.504844 2.39096 3.176963 2.5519
-2.910778 -1.881085 2.514411 -2.330809 2.12743
2.396894 -0.813208 -2.444495 2.782024 2.331872
2.660255 1.683398 2.223052 2.092468 2.150901
2.210739 -2.355951 2.173701 1.539974 2.83351
1.793175 1.767367 1.673295 1.932181 1.914733
2.138181 2.246556 2.232603 1.83668 2.170055
2.254392 2.195753 1.983296 1.492328 1.805897
1.974234 1.914164 2.210739 2.687852 -3.176963
1.530996 2.760102 2.083723
