-2.724321 2.606652 -2.556641 2.491403 -1.779103
-2.570601 -2.201809 2.538152 2.936706 -3.171476
-1.19312 -2.56116 -0.5644709 -1.360759 1.83455
1.680128 1.075949 1.715589 1.918125 1.58619
1.286714 1.925849 2.618254 2.370955 1.267167
2.014269 1.507739 1.89596 2.29749 3.13587
2.204424 1.95187 1.113032 2.87562 2.299313
1.192728 2.065542 2.694202 -1.67672 1.947594
1.329415 -1.94743 1.197464 -0.9557862 -1.753527
-0.4126606 2.132634 -0.1768734 -0.706437 -0.322288
-0.1891963 -2.403995 -2.376777 -1.388069 -2.79198
-0.5644709 -0.3606017 -1.532955 -0.7053794 -2.15723
-2.302681
