2.337573 2.051993 5.010154 2.057945 1.850654
1.887157 3.321211 1.735892 1.916628 2.28867
2.083289 2.037806 1.951134 2.052068 2.129944
2.08734 1.875613 2.217288 2.266315 2.332347
-2.093967 -1.892321 2.386256 -1.813103 -2.342433
2.337573 1.827391 -1.980085 2.339123 2.377165
1.482503 1.660552 1.561297 1.948002 2.100907
2.024375 2.637091 1.985769 1.584181 2.221683
2.032503 1.878125 -2.013351 2.328094 2.248776
2.12913 1.747906 1.771125 2.253267 1.880207
1.587008 1.856837 2.181988 1.757048 1.819756
1.901517 1.722816 1.55114 2.652582 2.228202
1.582661 1.372338 2.50553 2.403187 1.273943
1.530957 2.070573 2.271466 1.746688 2.604106
1.72702 -2.312287 1.977496 2.181656 1.66481
2.444134 3.642932 1.884244 2.192667 1.516726
2.312961 1.714268 2.594795 1.775411 1.68
2.218805 2.045206 1.900203 2.301272 1.70384
1.191929 -1.212219 -1.903152 -1.177866 -1.333038
-1.509623 -2.20383 3.321211 -1.000368 -2.340752
-1.864381 -1.956946 1.637791 -2.466332 -2.466332
-1.466445 -2.67797 8.212678 -1.398919 -1.902498
-2.499017 -1.325182 -1.30207 -1.772847 -1.313586
-1.452103 1.140397 -2.301272 -1.759417 -1.236102
-2.082249 -1.783058 -1.170442 1.70916 1.259533
1.143938 2.334994 1.421288 1.481772 1.071315
1.978668 1.251133 1.906324 1.49035 2.176452
1.703573 1.058582 2.506736 1.973933 1.359524
1.182352 2.023545 1.031627 1.870898 1.874518
0.9367505 1.831095 1.767516 1.249638 1.114034
1.68082 2.006088 1.599797 0.8145551 1.847452
1.926229 1.92992 2.037094 1.459671 1.639587
1.159987 1.804472 1.54296 2.23379 1.38902
2.013761 2.237997 1.677673 1.260281 1.28429
0.8646762 2.230034 1.94599 2.09109 1.45154
1.350644 2.068577 2.126863 2.18045 2.173514
-1.038268 1.441918 1.896178 1.243292 1.326479
1.739644 1.455637 0.7729371 1.313864 2.317229
2.024139 1.552297 2.034626 2.314138 1.360999
2.137658 2.438886 2.194596 2.124997 0.7622195
1.461524 1.488809 1.361226 1.600229 1.713667
1.314153 1.118825 1.190474 2.551533 2.009171
1.853727 1.580958 0.9729903 1.144669 1.801306
2.066194 1.123269 2.020906 0.9856967 1.506417
1.035734 2.587709 1.042805 1.653125 1.223884
0.9638054 1.44025 1.806495 1.66481 1.379067
1.537788 1.444051 2.464972 1.532199 1.327366
1.736479 1.446477 1.960144 1.234063 2.43284
1.349857 1.808078 1.452321 0.9678725 1.334306
1.285476 2.536442 2.259187 1.443948 2.495664
1.9295 1.194056 1.929414 1.144357 1.774356
1.540303 1.359391 1.478513 1.583578 0.9809528
0.9178294 1.830565 0.9077926 1.564848 1.385116
2.092604 2.780652 2.063112 1.438147 1.671493
1.223713 2.20345 1.189607 -1.211882 -1.692427
-1.483938 1.153027 -2.217884 -1.187204 1.758251
1.050982 1.162139 -1.700601 -1.604079 -0.8982824
-0.8823874 2.20383 -1.639587 -3.321211 1.595839
1.774364 -0.8831357 -2.01094 -1.019043 1.647783
1.621889 -1.051936 1.711673 2.466332 1.376583
-1.791208 -1.802864 -1.409499 2.222863 1.129244
-1.412471 1.53421 -1.094775 -1.094775 1.020917
-1.945108 -1.72702 1.977496 -0.8921282 1.402466
-1.280116 1.640225 -0.8691392 -1.686079 -1.452103
1.478513 2.479471 2.479471 1.193305 1.596055
-1.236102 -1.70449 -1.170442 1.257335 -1.336813
1.418991 -1.487509 1.647398 1.006163 1.69339
1.099586 1.659044 1.932943 1.336399 1.752044
1.247918 1.618597 1.147508 1.078068 1.060505
1.379781 1.278256 1.762415 1.740113 1.728601
1.729651 1.721243 1.664987 1.02966 1.464874
1.279264 1.634668 1.579469 1.534106 1.345345
1.356121 0.9332259 2.051701 1.411813 1.003626
1.778342 0.8297974 1.004927 1.03963 1.43093
2.714922 2.312905 2.42366 1.763024 1.895419
1.254996 1.413403 1.255274 1.774079 1.506968
1.180447 1.262287 1.054579 1.774647 1.565401
1.391622 1.310396 -1.079633 1.058582 1.758251
-1.566587 -1.79211 -1.564075 1.45154 -1.213643
-1.2878 1.357026 1.802864 -1.380619 -1.273138
-1.593771 2.464972 1.808078 -1.194056 -0.8691392
2.429538 0.9426187 1.87836 -1.555927
