2.390785 -2.773854 1.771809 2.446752 1.621514
2.0117 2.008842 -2.332709 -0.8408763 -1.850825
-2.04818 1.703893 1.918427 1.982964 1.615051
2.243686 -1.428487 2.235825 1.305999 1.70882
2.599102 -1.57195 1.829691 -2.224607 1.74483
1.785663 1.684128 1.348312 1.977285 1.821788
1.337284 -1.958322 1.677622 1.786046 1.680976
2.255029 -1.526501 2.129008 1.483634 1.444562
1.680348 1.673837 1.740646 -0.3057049 -1.767609
-1.367365 -0.39214 -2.423034 -0.7046155 -0.2836469
-2.224607 2.167121 -2.046617 -0.4942879 -0.5415583
-0.8627774 -2.78394 1.425891 1.425891 -1.168049
-1.823207 -0.6258996 -0.5896281 -2.314789 -0.5596323
-1.797213 1.969344 2.065058 -1.71647 1.939136
1.821632 1.89761 1.632891 2.577544 2.038156
1.724454 2.563048 1.542726 1.743136 2.016541
2.716962 1.889573 -1.761994 2.096318 1.590439
-1.090655 1.958444 1.963179 1.552029 1.980374
2.033505 1.837599 1.869229 2.110186 2.193157
1.380144 2.540896 1.816455 1.964327 2.213139
1.998882 -1.549268 2.272297 1.649849 1.844024
1.700885 1.833948 1.374872 1.733349 -2.167937
1.765969 2.033484 1.91004 2.079383 1.525937
1.22553 1.555325 1.94197 1.905914 -1.78066
-1.824711 -0.804111 -2.382016 1.329137 1.701422
1.863575 -1.579423 -1.735874 -0.4770152 -6.650205
1.339248 1.57195 -0.943606 -2.069905 -2.210696
-2.224607 -1.090655 -1.831658 -1.84394 -0.4659527
-2.07647 -1.667285 -0.3861855 -2.610323 -0.715245
-0.3320596 -1.902646 -2.590984 0.9156949 -2.11577
2.193157 1.77921 -0.2885988 -1.083324 -1.823117
-1.476995 -1.075076 -1.549268 -0.4548169 -0.9205907
-2.053756 -1.83691 -1.393087 -1.086518 1.425891
1.425891 -1.072392 -1.816805 -1.850771 1.794431
-0.7971977 -0.7106777 1.429403 -1.00978 -0.3268283
-2.749865 -1.611222
