1.95154 1.585302 1.595832 1.680005 1.686761
1.184828 1.854531 1.566292 1.501011 1.931213
1.72777 1.100279 1.856462 1.383534 1.987229
1.590962 1.722677 1.321219 1.760665 2.788267
1.735318 1.981488 1.81939 1.43156 1.480246
1.680066 1.717588 1.700318 2.24619 1.799577
1.304121 1.198764 1.236479 1.079032 1.759948
2.826655 1.519362 2.227619 1.617104 2.359059
1.1447 2.24824 1.339147 1.622537 1.695804
1.886195 1.800647 1.551414 1.512587 1.605504
1.728076 2.655572 2.04159 1.828584 1.709471
1.709697 1.759318 2.247904 1.733675 1.747457
1.389329 2.364668 1.201743 -1.725113 1.714862
1.869278 1.468494 1.35132 1.534113 1.718994
1.985997 1.497271 1.956033 1.329393 1.592291
1.988858 1.320444 2.097716 1.3728 1.612355
1.764822 1.883871 1.426232 1.500282 -1.50325
2.794604 1.544837 2.068558 1.43871 1.939916
1.564479 2.098186 1.847874 1.964009 -1.355306
1.555677 1.592139 1.777136 1.801283 1.600112
1.542714 1.083055 1.568359 1.9999 1.347053
1.496832 1.288366 2.136266 1.431314 1.485154
1.55882 1.903081 2.102372 -1.824482 1.18652
1.49426 1.630601 1.459998 1.861683 1.350817
1.892685 2.486127 2.12131 1.769268 1.643089
1.519942 1.9751 1.988096 1.664309 1.787643
-1.833612 1.448734 1.745776 -1.226522 1.903194
-0.6074095 1.597869 1.642665 1.712576 1.079291
-2.029699 1.215796 -1.809223 2.622704 0.9458377
0.6032359 2.470072 -1.772773 1.772773 1.772773
1.059629 2.15886 1.199441 1.89404 1.363996
0.3159804 1.578596 -0.5347126 1.918579 1.446555
-1.263048 0.3861275 1.932564 -1.152944 2.929937
2.929937 1.630807 2.674247 1.942797 1.755993
1.755993 0.9093873
