1.988408 1.93768 1.762824 1.673013 1.991316
1.610295 2.077604 1.751882 2.518047 2.298493
2.077438 1.600385 1.972291 1.895734 2.113741
1.24861 1.394328 1.470304 1.776168 1.483199
1.831021 2.43278 2.128683 1.682257 1.470215
1.662013 1.723248 2.576251 2.136535 1.769951
1.563448 1.891392 1.499789 1.893996 2.040791
2.438168 1.834968 2.201037 1.676238 2.078249
2.430965 1.777651 1.241004 2.610251 1.217557
1.93451 1.956552 1.992219 1.678553 1.429831
1.602725 2.007062 1.651827 1.876719 -1.993868
1.687754 1.386034 1.675826 2.029646 2.200666
2.136284 2.209043 1.419218 1.427965 1.56873
1.270142 1.839469 1.690166 1.485 1.608827
2.201506 1.239612 1.226421 2.214877 -2.01173
-1.374398 1.863732 -0.1607039 -0.5293369 2.175706
-0.426524 -1.168631 2.140576 1.862112 -0.3187139
-0.4481987 1.587379 1.799071 -0.807534 -0.6523119
2.061801 2.720284 2.245454 1.501095 1.694693
1.893054 2.350203
