1.390309 1.411087 1.275387 1.363322 1.113701
1.786077 2.071392 1.883312 1.848415 1.771323
2.413412 1.365529 2.106745 1.463874 2.570717
2.313049 1.768638 1.719085 1.445043 1.756969
1.764515 1.578249 1.257319 1.508464 1.403523
2.296758 2.073751 1.357381 1.876713 1.616383
1.57446 1.875061 1.946807 -1.582491 2.386878
1.468881 2.421038 1.728436 -1.484306 1.140727
-1.104505 1.493945 -1.417988 -1.417988 -1.166402
1.441292 1.308481 0.7778766 0 1.199522
1.690123 1.189639 0.9753607 1.699566 0.8007074
-1.582491 2.084088 1.589898 0.9007444 1.336509
1.236779
