2.779947 3.093605 -2.573999 2.552183 2.808034
-2.127035 2.627515 2.465548 -2.557497 2.980399
2.577213 2.528282 2.616422 2.972421 1.866988
2.636 2.218364 2.831913 -2.057975 2.743426
1.847458 2.356996 2.877536 2.630089 2.517365
2.184472 2.671242 2.364258 2.533596 2.766091
2.412788 2.309089 2.787834 2.497662 2.271454
2.35047 2.218364 2.382257 1.972993 -2.436893
-2.211777 2.367172 -2.286457 2.262052 2.15515
2.639974 1.991895 2.140751 1.702727 1.757672
1.158465 1.706356 1.711479 2.347081 2.091253
2.022432 1.40129 1.398835 1.795846 1.582842
1.925313 1.835605 2.014902 2.466682 -1.87059
-2.496418 -1.595723 -0.3822174 1.503096 1.970159
