2.991952 3.050771 2.831328 2.862206 2.99976
3.052889 2.689089 2.686113 2.566978 2.113893
2.756698 2.705925 2.549049 2.993414 2.557901
2.679167 2.987728 2.499803 3.078147 2.782529
1.768361 2.561572 2.658401 2.068755 2.500523
2.667803 2.607617 2.6342 2.551159 2.596814
2.713527 2.476808 -2.687025 2.815499 2.6222
2.403452 2.605296 2.424335 2.68335 2.252728
2.294681 2.660904 2.638966 2.723776 2.476231
2.519803 2.843205 2.551355 2.139214 1.528285
1.111339 2.386206 2.307885 2.366677 2.567182
2.227522 2.180449 2.354462 2.42009 2.880645
2.642755 2.254918 2.468361 2.745548 2.600512
2.677747 -3.121647 2.658423 2.661558 2.758188
2.138508 2.323814 2.624076 2.739272 2.629216
2.411151 2.857904 2.435553 2.338982 2.440463
2.770253 2.571546 2.760457 2.692109 3.014846
1.883239 2.447874 2.428504 -2.842616 2.564385
2.5662 2.50543 2.382594 2.568628 2.649566
2.430574 2.285799 2.393334 2.512775 2.527249
2.56854 2.938888 2.702465 2.622582 0.2353865
-1.855175 2.386206 -2.507987 2.587685 2.366677
2.803315 2.569449 2.42009 1.181004 2.852063
1.708496 0.3528647 2.605296 2.553881 -5.27616
1.49596 2.780172 0.2858077 -2.804878 0.3664813
-2.738131 2.384866 2.570529 2.660904 1.682662
2.024163 1.853384 2.924917 2.599881 1.216083
2.665409 -2.072618 1.418271 -2.750268 1.968935
-2.188222 2.567689 2.60818 2.346149 2.337331
2.349424 2.147737 2.281909 2.346961 2.200026
2.706648 2.658975 1.913988 2.260512 2.230813
2.451127 2.966048 2.819259 2.516017 2.500244
2.440784 2.088106 2.255186 2.201243 2.466199
-2.500136 2.683899 2.692327 2.328404 2.412557
2.521735 2.196125 2.276825 2.438814 -2.944815
0.3748749 -1.617079 2.353077 -2.192727 2.68192
1.895489 2.639454 -2.629216 1.044274 2.411151
2.360785 2.252864 -2.770253 -3.014846 0.5466659
2.382594 1.709049 1.704079 -2.137149 2.314711
2.134832 0.9576746 -2.170232 -2.158846 1.935816
2.198895
