2.993935 2.5695 3.032731 2.829731 2.718091
2.544923 2.674474 2.7277 2.066997 4.958957
2.63839 2.823737 2.383632 2.400049 2.221673
2.638526 2.377063 2.487461 2.903636 2.725691
2.868222 2.376068 2.3456 2.298612 2.298624
2.367755 2.387024 2.403101 2.720339 2.57192
3.150656 2.613761 2.642314 2.987009 2.411868
2.266016 2.613651 2.828302 2.780088 2.585116
2.682126 1.884568 2.509448 2.214851 2.339556
2.574724 2.656328 2.423015 2.382337 2.460943
2.647236 2.486576 2.905979 2.59531 2.649293
1.806289 -2.481057 2.298624 2.798711 2.387024
2.387024 2.541548 2.734225 -2.834806 2.544349
2.638526 -2.316971 -2.577134 2.003464 2.728286
2.161586 2.357271 2.138931 2.383743 2.100823
2.156647 2.404663 2.096401 2.401589 2.61358
2.652803 1.994076 2.677101 2.322928 2.415191
2.672874 2.485521 2.112704 2.209972 2.233304
2.339699 2.432605 2.409619 2.329156 2.3748
2.810693 2.301771 2.046597 2.668269 2.244709
2.762189 2.133574 2.183984 2.460825 2.655691
2.878845 2.455711 2.343263 2.739261 2.375659
2.954311 1.940028 2.588217 2.660997 2.278898
2.480571 2.808727 2.572589 2.428615 2.376068
-2.523486 2.304845 3.037047 -2.247564 2.148261
2.295073 2.321308 1.905987 3.150656 2.322928
1.500601 2.735665 1.203365 2.613651 2.107085
2.14008 2.376267 2.423742 2.780088 2.780088
1.908069 8.891606 2.762189 1.713743 2.264305
2.122512 1.936929 2.427977 2.146014 2.148847
2.930257 1.998981 -1.630457 2.639867 2.647236
1.944098 2.502255 2.300256 2.168248 2.161586
2.428615 2.303312 2.72475 2.100236 2.280046
2.119095 2.396165 1.807025 2.319753 2.048836
2.280988 2.812582 2.160273 2.570738 2.238351
2.231064 1.682521 1.777443 2.36377 2.443012
2.925244 2.294916 2.614435 2.196466 2.5934
2.370254 2.720284 2.29273 2.909036 2.094778
2.527097 2.20786 2.247699 2.175899 2.475454
2.620188 2.169732 2.347776 2.535992 2.194174
2.049773 1.531484 2.244779 2.176829 2.868214
2.486913 1.72741 2.162082 -1.917742 2.039425
2.159236 1.85443 2.542694 2.337064 2.487461
2.341334 2.132235 2.483677 2.514107 1.994862
2.237392 2.15946 2.290336 5.199688 2.144536
2.443186 2.244999 2.261172 2.187201 2.850258
2.119734 2.377085 2.349687 2.303312 2.045745
2.100236 2.041093 2.450068 3.037047 2.122672
1.873765 2.321308 2.513314 -2.652803 3.150656
2.282751 1.960429 1.820899 2.233304 2.00657
2.00657 -1.944282 1.380537 2.230042 -2.068885
2.102606 1.663969 -2.102269 2.133574 1.460682
1.827177 2.122726 1.360923 2.719864 -2.148847
2.930257 2.930257 -2.127428 -1.630457 2.244999
2.118233 1.958486 -1.954961 1.89385 2.362377
2.362377
