2.084024 1.524094 1.716682 1.335889 2.177253
1.335371 1.882973 -1.219967 2.215874 1.353873
1.941822 1.239047 2.132092 -1.755851 2.100404
1.136549 1.284237 1.960422 1.354696 1.558124
1.271012 1.773536 1.244592 2.150857 1.615484
-1.846496 1.66046 2.477206 1.521388 0.8812554
1.619668 1.521367 2.130864 1.73678 2.098388
1.339228 2.258066 2.112219 2.272545 0.9657675
1.342917 1.463107 -2.216686 1.274506 1.321816
-2.015693 1.213644 1.255416 2.016372 1.73318
1.575585 2.483196 1.420389 1.736861 2.434538
1.092393 1.237734 2.556502 2.079376 1.251065
1.144138 1.791314 1.563147 1.56553 1.967785
2.243516 0.9419588 2.500018 1.36182 2.100364
1.872682 1.64917 2.342748 1.912115 3.173008
1.672715 1.473261 1.859264 2.008044 2.127007
1.858546 2.314984 1.590555 2.007537 2.151501
1.955815 1.06017 1.324996 2.278508 2.594923
1.124694 1.357487 2.010961 1.035775 1.772088
1.170699 -1.830043 2.31749 -2.56854 -1.712092
-0.8977739 -7.514666 1.244592 1.989805 -1.760791
1.760791 -2.017217 1.043334 -1.368462 2.719634
1.621804 1.579549 -0.8146031 -1.154569 -1.190354
-1.774222 -1.056824 1.277942 1.622663 0.9138467
-2.084024 -3.162497 1.342917 -0.8387325 0.8623901
-0.8287572 1.919105 1.72475 1.165591 -1.165591
-0.9112616 0.9112616 1.941822 -1.55025 1.160393
-4.493014 1.329119 1.117147 1.335889 2.354972
2.354972 -1.794134 -1.914748 0.8383012 -2.276492
0.9282241 0.864034 1.94235 -1.55634 -8.125854
-1.453501 -1.638157 -1.403689 2.500018 1.554013
1.983547 -1.671787 -1.715619 -1.525963 -1.217709
1.051645 1.403097 1.022716 1.794599 1.634137
-2.013344 -0.9565627 -1.048894 1.005458 -1.325524
1.405603 -2.718599 -1.469229 -2.807216 -0.9821794
-1.42715 -1.604402 1.942734 1.10903 1.10903
1.321086 1.383508 -1.501333 -0.9882619 -0.8349441
1.170699 -2.075865 2.121492 1.389355 -1.20736
0.8131728 1.215068 -1.104033 -0.8349441
