3.21336 -2.490297 -2.38862 2.52817 2.523399
2.403839 2.373061 2.766221 2.5927 2.748246
-2.879165 2.347888 2.348753 2.440034 2.579844
2.342311 2.573689 3.241215 -2.902207 2.810855
2.347845 2.425992 2.677296 2.584578 2.742529
2.651157 2.427893 2.487625 2.232822 2.4896
-2.078121 -1.495727 2.33695 2.346265 -2.524781
2.162525 2.354981 2.569955 2.695884 3.068653
2.635901 2.396807 2.098203 2.234861 2.604173
2.655025 2.562794 2.655828 2.653817 2.380264
2.339041 2.864879 2.527905 2.486065 2.529042
2.603902 2.399537 2.27324 2.334675 2.636136
2.590839 2.454876 2.901795 2.62898 2.608781
2.52817 -1.307895 2.496818 2.354981 2.766221
2.252464 1.62286 -0.3891906 2.553554 5.205831
0.8012936 2.75165 2.799864 -2.394798 2.027928
-2.683879 1.67962 2.409876 2.572884 2.150381
1.774263 2.810855 -1.838548 2.532957 2.131156
2.676392 2.676392 1.752335 2.216207 2.356341
2.339212 2.393962 1.785834 2.570048 2.319641
2.216638 2.26632 2.462594 2.365203 2.557229
2.433465 2.371548 1.888735 2.462024 2.471001
2.2189 2.251492 2.439115 2.898203 2.994108
-1.785834 -1.721899 1.90918 2.572867 2.579844
2.336384 5.205831 -1.607441 1.67962 -1.723568
2.038078 2.203751 1.841634 1.947265 2.439115
1.947265
