-2.158925 2.091695 -1.316739 2.262334 1.530429
1.848193 1.615636 2.351307 1.917811 1.389531
1.645908 1.224536 -1.901645 -1.730039 2.765403
2.334159 -1.047588 1.26107 -1.765873 2.0965
1.61204 2.03543 1.664907 1.861923 1.928864
-1.457521 1.739606 -1.938732 1.2392 -1.789029
1.52211 -2.625455 -1.089572 2.140118 2.678584
2.485604 -1.565593 -1.775977 1.727096 1.942726
-1.795179 1.799742 -1.595113 -1.643377 -1.650891
-1.054614 -1.765873 -1.873385 -2.451499 2.034129
-1.744977 -1.744977 1.182595 -1.111747 -1.358513
0.361718 -1.877751 -1.920599 1.93046 -2.319227
1.71285 -1.774521 -1.882902 -1.865507 -2.779302
