Time
72.0876848698
66.845140934
66.9653670788
67.2259840965
67.8260581493
67.7605929375
67.7205889225
67.396707058
66.9314830303
67.2219250202
67.4649400711
67.6274909973
67.7802429199
67.0398881435
67.2256340981
67.4987831116
67.6387419701
67.7815561295
67.5259070396
67.4647669792
67.0515580177
66.9839088917
67.6172299385
67.1466119289
67.1284160614
67.1755108833
66.9957869053
66.9573469162
66.6232409477
66.5052900314
66.8506700993
66.6561300755
66.2077579498
66.5515260696
66.3757839203
67.5751259327
67.3928761482
67.7710740566
67.3591501713
67.0521118641
67.2417430878
67.3591768742
67.2580120564
67.4754149914
67.0482769012
67.2235867977
67.2116780281
67.3856158257
67.4492709637
67.8348400593
67.6732831001
67.4325370789
67.12748909
67.6327750683
67.3552010059
67.5902199745
68.0276818275
67.2860851288
67.6000640392
66.8464560509
67.0200669765
67.0000920296
67.0335469246
66.7429609299
66.7669758797
66.9499909878
66.9397339821
67.6450929642
67.5167529583
67.1025061607
67.7417159081
67.6288719177
67.6660530567
67.5092749596
67.6511881351
67.8002610207
67.5271229744
67.5693190098
67.3850779533
67.4090051651
67.4948379993
67.4437890053
67.3875260353
67.399353981
67.5826749802
67.0186431408
66.8045179844
67.8471689224
67.4675700665
67.3416030407
67.6101307869
67.4612591267
67.5687530041
67.4885561466
67.7368159294
66.8562440872
67.3412799835
67.7228009701
67.0877559185
67.3989269733
67.290017128
67.6433069706
67.3271958828
67.4562449455
67.005833149
67.513343811
67.274739027
67.2406499386
67.324600935
67.5198669434
67.3955221176
68.0006711483
67.3831532001
67.1404519081
67.4727840424
68.0190629959
67.4989109039
67.4904980659
67.0198450089
67.5926480293
67.4064390659
67.7245810032
67.8999071121
67.2772829533
67.4450209141
67.588340044
67.2150228024
67.1913409233
67.3287410736
67.1102499962
67.5951287746
67.4851608276
67.2914700508
67.4887740612
67.4037778378
67.4724030495
67.8445780277
67.4390761852
67.0147058964
67.0875029564
66.7511200905
67.4169120789
67.5783500671
67.5631961823
67.6965839863
67.2819869518
67.2283349037
67.6699290276
67.6830618382
67.7032899857
67.1855008602
67.2885789871
67.6774451733
67.5823359489
66.9739038944
67.4827561378
67.6007511616
67.2364070415
67.359828949
67.206319809
67.1161940098
67.3475670815
66.9692850113
67.8992350101
67.7180860043
67.1116890907
67.0413498878
67.7222049236
67.4707200527
67.1851849556
67.7577421665
67.8999438286
67.4338121414
67.4858100414
67.5059380531
67.2983150482
67.5014109612
67.330286026
67.1265318394
66.782148838
66.9012210369
67.3956408501
66.7539927959
66.4473998547
67.0380499363
66.8528599739
66.6235101223
67.3908569813
67.2719790936
67.4715189934
67.4926569462
67.5016980171
67.3434100151
67.6076200008
67.8244259357
67.811054945
67.1624360085
68.0651490688
68.0918319225
67.8320398331
67.6635479927
67.3401091099
66.8581981659
67.394906044
66.6909649372
66.9092822075
67.3724730015
66.8647079468
66.8500261307
66.6873910427
66.959872961
66.8573458195
67.0640318394
68.2034060955
67.0920548439
67.6063630581
67.3322768211
67.0464930534
67.2814688683
67.6570439339
67.3924729824
67.33852005
66.9753661156
67.2973928452
67.2785561085
67.1534969807
67.1674358845
67.3214149475
67.3989310265
67.1540820599
67.6140418053
67.8125481606
67.6864190102
68.319619894
67.8013520241
67.5666780472
67.8232748508
68.0053200722
66.9220819473
67.1642050743
67.1217410564
67.7939379215
67.6837790012
67.4420011044
67.5729758739
67.7079951763
67.470263958
66.711616993
67.5245640278
67.3232181072
67.6405761242
67.5498621464
67.3834159374
67.4373400211
67.1451659203
67.3437550068
67.1197328568
67.4039690495
66.7443709373
67.0108611584
67.4154939651
67.2683968544
67.3229010105
67.0685110092
67.3218140602
67.9396169186
66.8868730068
67.3828999996
67.8150219917
67.5205638409
66.9704501629
67.3307540417
67.0482821465
67.6245880127
67.1795120239
67.1999158859
67.7875561714
67.9291388988
67.275331974
67.0578370094
66.7937159538
66.7021050453
67.8475768566
67.573251009
67.1861338615
67.0069651604
67.4064760208
67.3524081707
67.3464097977
67.8823988438
67.369248867
66.7957420349
67.2448220253
67.394329071
66.8600628376
67.2094378471
67.3326919079
67.3218200207
67.1145589352
67.1271569729
67.4427270889
67.0820848942
67.1670341492
66.8866119385
67.7588829994
67.3050301075
67.2145318985
67.6002070904
67.5196990967
67.8975541592
67.5032091141
67.2296440601
67.5619840622
67.5383710861
67.5423240662
67.7065479755
67.420044899
67.5267100334
67.6454799175
67.562363863
67.5850441456
67.2838189602
67.4082269669
68.0250980854
67.4691159725
67.2752361298
67.3672599792
68.0257880688
67.8207080364
67.6598300934
67.3352789879
67.321655035
67.0968389511
67.8614559174
67.2604210377
67.6007399559
67.3610961437
67.4473559856
67.1136679649
66.994820118
67.5360779762
67.5791990757
66.8242788315
67.4685521126
67.3347530365
67.272521019
67.2583580017
67.1137261391
67.0927569866
67.1449010372
67.8030691147
67.549669981
67.5871591568
67.5791251659
67.2366271019
68.0694489479
67.4938349724
67.2042691708
67.7961030006
67.6482768059
67.7888000011
67.701031208
67.2445960045
67.444163084
67.0909590721
67.5493600368
67.702737093
68.1611468792
67.9511120319
67.5881528854
67.5312879086
67.9795529842
68.2509119511
67.1796209812
67.4913048744
67.5465102196
67.5508959293
67.5556240082
67.5227301121
67.758133173
67.4746141434
67.2879340649
67.3532319069
67.583165884
67.3903779984
67.7168250084
67.0935900211
67.6173090935
67.7046880722
67.221159935
67.3212320805
67.9744040966
67.7858159542
67.2904949188
67.706209898
68.0600869656
67.8881099224
67.539591074
67.300590992
67.770583868
66.9681451321
67.2001321316
67.5758280754
67.3397529125
67.0416710377
67.8735129833
67.6801309586
67.5716781616
67.8723320961
68.0502419472
67.6922590733
67.4962720871
67.1326110363
67.0615119934
67.3840670586
67.508024931
66.8789429665
66.9759511948
67.3127338886
67.3614740372
67.2603328228
67.4539430141
67.3546040058
67.4618871212
67.3828110695
67.3327050209
67.562951088
67.5888140202
67.6211810112
67.0417881012
67.0329639912
66.7237548828
67.3960239887
67.6678631306
67.01390481
67.7019369602
67.5049948692
67.9457569122
67.9309301376
67.9944810867
67.9351291656
67.5815689564
67.3774578571
67.4804468155
67.3144888878
67.5628480911
68.0541291237
67.9899981022
67.1167368889
67.4987847805
66.8311190605
67.1627919674
67.6673429012
67.4879231453
66.8756489754
67.4156930447
67.7099969387
67.3525099754
66.9375879765
67.528856039
67.3037228584
67.4814498425
67.7048590183
67.153785944
67.5676410198
67.488284111
67.642539978
67.3788361549
67.7173202038
67.6325809956
67.6323540211
67.6863260269
67.7281489372
67.6466178894
67.5174539089
67.3911180496
67.3746190071
67.0399160385
66.7365920544
66.9024348259
67.0336761475
66.6678760052
67.3840911388
67.2104389668
67.2121770382
67.0624499321
67.0074081421
67.1313900948
67.3688950539
66.8740949631
66.8734948635
67.2374310493
67.0232110023
35.4876420498
34.0231440067
34.366065979
33.6383490562
33.4529671669
33.6862928867
33.7095410824
33.7173831463
33.6646111012
34.0687661171
33.8309800625
33.74933815
33.4548311234
33.5957589149
33.6972858906
33.6265120506
33.5269670486
33.9487411976
33.8696219921
33.6641361713
33.7755060196
33.6626369953
33.6240429878
33.6644878387
33.6038849354
33.6479279995
33.7133479118
33.9117889404
33.6885201931
33.8244349957
33.7341189384
33.3490362167
33.4620420933
33.3983478546
33.7038340569
33.6652650833
33.6688277721
33.875194788
33.754019022
33.4567871094
33.2859950066
33.4468450546
33.9319059849
33.8103151321
33.5982961655
33.4173030853
33.6806190014
33.5978929996
33.725632906
33.4528040886
33.5924949646
33.6587738991
33.814893961
33.7036578655
33.7384719849
33.7212851048
33.9574668407
33.4130280018
33.8171551228
33.7085790634
33.6685960293
33.7265820503
33.5949709415
33.8193089962
33.7958440781
33.8198099136
33.8352549076
33.7563381195
33.4581000805
33.7094819546
33.7977631092
33.5879938602
33.6916351318
33.7014658451
33.5981879234
33.7324039936
33.7038600445
33.9511888027
33.6038970947
33.9055771828
33.6782889366
33.4528119564
33.6673030853
33.5854899883
33.4876339436
33.6541500092
33.3047289848
33.2863581181
33.9243750572
33.7090148926
33.7856898308
33.4717400074
33.5512340069
33.6501550674
33.4970240593
33.749505043
33.4933969975
33.9720859528
33.872811079
33.7881069183
33.9493658543
33.6046710014
33.6385629177
33.4660539627
33.8234980106
33.6773049831
33.6129338741
33.6181480885
33.7311739922
33.398088932
33.6276140213
33.8612649441
33.7658751011
33.646780014
33.6804487705
33.3640642166
33.5356030464
33.6066260338
33.6129260063
33.9363429546
33.6155841351
33.3847010136
33.3526079655
33.423058033
33.5588281155
33.6833999157
33.8365769386
33.8016021252
33.6698138714
33.3401129246
33.4263589382
33.5247821808
33.7787740231
33.7232041359
33.7866001129
33.8122320175
33.5223801136
33.6972560883
33.8134670258
33.6011970043
33.8976950645
33.6892859936
33.5490550995
33.7278211117
33.7070140839
33.4667088985
33.7149899006
33.6355969906
33.5354220867
33.5556368828
33.7570672035
33.6481029987
33.301625967
33.7274718285
33.4257540703
33.4926989079
33.7132530212
33.6041958332
33.4763269424
33.6991789341
33.8861250877
33.6690080166
33.6950070858
33.769149065
33.2765629292
33.6703119278
33.8486769199
33.6219329834
33.3673000336
33.7186861038
33.9280660152
33.7200188637
33.5286648273
33.8801460266
33.5129601955
33.3418951035
33.8791921139
33.5479700565
33.8379518986
33.6233320236
33.3234190941
33.3846848011
33.6552548409
33.662332058
33.5277349949
33.5164709091
33.4842507839
33.7190799713
33.6729500294
33.7571079731
33.6410479546
33.5943300724
33.7878890038
33.4083740711
33.4339520931
34.0085949898
33.5925798416
33.748071909
33.5024521351
33.7310419083
33.412296772
33.5494120121
33.5674800873
33.3792920113
33.4814381599
33.3720419407
33.5354290009
33.5673139095
33.6865561008
33.5559520721
33.561880827
33.5459148884
33.4532871246
33.617331028
33.3938388824
33.6461880207
33.165304184
33.2469439507
33.6934249401
33.3608760834
33.7688169479
33.5544769764
33.5333471298
33.6521241665
33.5215680599
33.278553009
33.4653549194
33.2929530144
33.5698831081
33.1871399879
33.5445039272
33.7401809692
33.6352310181
33.6457500458
33.6776747704
33.7630741596
33.8233258724
34.0266990662
33.6712589264
33.8711690903
33.573071003
33.449051857
33.5516209602
33.6836559772
33.6331839561
4.8886449337
2.89498400688
2.95414113998
2.91308879852
2.92227196693
2.95431399345
3.00438213348
2.83740091324
2.99806904793
2.92129015923
2.97100400925
2.94116806984
2.87467312813
2.88328313828
2.96213006973
2.94077682495
2.97196602821
2.96682906151
2.89090800285
2.89867591858
3.01801013947
7.86530303955
5.54206180573
5.54454898834
5.61625099182
5.69235396385
5.65567302704
5.62825608253
5.63884210587
5.59354186058
5.47975897789
5.50979185104
5.47779488564
5.553358078
5.43787884712
5.5749001503
5.48912191391
5.56701683998
5.49571108818
5.4842748642
5.49118113518
5.57447814941
5.51918411255
5.5285718441
5.54499697685
5.48340201378
5.377368927
5.50415921211
5.51686692238
5.59688901901
5.51900482178
5.58866906166
5.60840201378
5.57175707817
5.57312893867
5.5764811039
5.62180709839
5.40980792046
5.66525888443
5.43971896172
5.45780491829
23.2395310402
20.9186079502
21.1614730358
21.1695270538
21.0706939697
20.849173069
21.2195520401
20.9840819836
21.0462610722
21.073854208
21.1093029976
21.0083780289
21.1338148117
21.043763876
21.2025401592
21.1852738857
21.0852441788
21.0082788467
20.9559419155
20.9520869255
21.1531310081
20.8679170609
20.8905081749
20.9784710407
21.1339120865
21.1152341366
21.201128006
21.284635067
21.130259037
20.7221140862
20.8610870838
21.0341777802
21.0375571251
20.8260269165
21.1625168324
21.1447808743
20.969671011
21.0142447948
20.9501390457
21.0229899883
21.2862758636
20.8398280144
20.7894208431
20.9981968403
20.9290030003
21.0752968788
20.9532291889
20.8803949356
20.9824299812
20.8789010048
20.9932050705
20.947229147
21.276517868
20.9351909161
20.9322650433
21.0812017918
20.8996739388
20.8791220188
20.6311559677
20.9253571033
21.1366651058
21.0491731167
21.0850861073
21.0965108871
20.9569320679
21.0478239059
21.0602390766
21.2346110344
20.9289011955
20.9122469425
21.0457248688
21.0074410439
21.0277919769
20.9789271355
20.8212180138
21.1171340942
21.2362709045
20.9547760487
20.9580459595
21.0022120476
21.0183870792
20.8446528912
20.9562261105
21.0304968357
20.8890628815
21.0366208553
20.9774360657
20.9143161774
20.9824810028
20.9363470078
20.8501839638
21.1453680992
20.9884500504
21.1301410198
20.8808069229
21.0453789234
21.1561069489
21.2204620838
20.976115942
21.0495989323
20.9241158962
21.1218690872
20.9329621792
21.1747980118
20.7931990623
20.9585769176
20.9862151146
21.0204100609
20.8542480469
21.0298650265
20.8760509491
20.8956999779
21.0072569847
20.818598032
21.2162659168
20.9956269264
21.1312799454
21.0657179356
21.0641860962
20.9594130516
21.0592548847
20.9919631481
21.012556076
20.9722628593
20.9541399479
21.0743768215
21.1625361443
20.9812541008
21.0492880344
20.9210479259
21.1195971966
20.9447808266
21.1652641296
20.9563319683
20.8582999706
20.9028918743
21.0740590096
20.8334770203
20.9398069382
21.1253669262
20.9579460621
21.0607061386
20.9534761906
21.1334009171
20.9088499546
20.9938848019
20.9974169731
20.9637210369
21.1238958836
21.0090639591
21.1373250484
6.34478902817
3.82974791527
3.76556992531
3.81177592278
3.69386291504
3.82361793518
3.74738311768
3.79214596748
3.85295796394
3.74383592606
3.70252680779
3.80476307869
3.79313898087
3.72672891617
3.82902097702
3.76946806908
3.73485708237
3.83042192459
3.81755208969
3.80407500267
3.73729014397
3.82316994667
3.86291790009
3.80760502815
3.72859883308
3.79051589966
3.83700203896
7.73227310181
4.86895513535
4.92969489098
4.90091896057
4.95256209373
4.90094399452
4.94768714905
4.83507180214
4.88364481926
4.93950200081
4.98952484131
4.98521995544
4.89602303505
4.97591590881
4.86678290367
4.96768593788
4.8955681324
4.91121983528
4.86720395088
4.85928297043
4.94460916519
4.87995409966
4.96482300758
5.02119016647
4.94492387772
4.95744299889
4.91054582596
4.85554504395
4.91872191429
4.91246294975
4.88823413849
4.79487419128
4.9305138588
5.00882101059
4.90168595314
3.79809784889
0.715230941772
0.747291088104
0.69716501236
0.683990955353
3.63377809525
0.857645988464
0.778625965118
0.844424009323
0.870820045471
0.85308098793
4.40731191635
1.24843788147
1.22303009033
1.2094950676
1.28422808647
1.2592420578
1.32943916321
1.30163216591
1.23713994026
14.9215478897
12.1103630066
12.0614819527
11.9590499401
11.8137819767
11.9596879482
11.8188488483
11.8155879974
11.9912729263
12.0923409462
11.7880129814
11.8433871269
11.8325099945
11.7648730278
11.9112489223
11.7866010666
11.8786790371
11.9111821651
11.8366940022
11.9295551777
11.8790252209
11.914730072
11.8507351875
11.946349144
11.839124918
11.7230160236
11.8495638371
12.0518028736
11.9593300819
11.8318529129
12.0481250286
11.7446789742
11.8265838623
11.9586219788
12.0263857841
11.8200960159
11.8532340527
11.9043080807
11.8937017918
11.9265201092
11.8646149635
11.7855849266
11.9974520206
11.8928601742
11.7493309975
11.9169239998
11.77079916
11.9903540611
11.7522499561
11.9401659966
11.7662479877
11.9627168179
11.9614348412
11.9307129383
11.9741420746
11.8233969212
11.8734109402
11.8924438953
12.0163071156
11.8763999939
11.9053719044
11.9095540047
11.9747319221
11.9984688759
11.8439269066
11.9364860058
12.0267050266
11.894105196
11.8569991589
11.8719718456
11.8558390141
11.9698519707
11.9759261608
12.0384299755
11.887804985
12.0266559124
11.8317980766
12.0083088875
11.9928300381
11.8507301807
12.023761034
11.8907568455
12.0102930069
12.0307340622
11.9705569744
3.86842298508
0.686414003372
0.696521043777
0.693690061569
0.687735080719
4.08446717262
0.829481124878
0.842530965805
0.838155984879
0.865260124207
0.852227926254
23.6552939415
19.6333069801
19.4530651569
19.5485539436
19.5468490124
19.5968101025
19.6785228252
19.6190650463
19.5359969139
19.7383790016
19.3213269711
19.5057561398
19.6871950626
19.4865291119
19.7520599365
19.6773068905
19.5646510124
19.4662940502
19.6595640182
19.6100268364
19.5730810165
19.4368920326
19.6072640419
19.6203918457
19.4668588638
19.6450829506
19.5702819824
19.6602921486
19.505259037
19.3890938759
19.4590909481
19.6226990223
19.6145119667
19.7062921524
19.4690499306
19.542206049
19.7741971016
19.6106660366
19.6148548126
19.4463300705
19.531908989
19.5810580254
19.5231962204
19.7827429771
19.7732689381
19.5104990005
19.3949999809
19.5442109108
19.6983850002
19.6767218113
19.5473740101
19.6531310081
19.7228658199
19.5418858528
19.3415780067
19.4395289421
19.7192139626
19.4550349712
19.764592886
19.9190759659
19.4170720577
19.4100971222
19.5817599297
19.4977669716
19.2700660229
19.4441270828
19.7603008747
19.4960408211
19.597645998
19.3343510628
19.6673300266
19.6356408596
19.6278500557
19.6112580299
19.5595541
19.6725480556
19.6653699875
19.519119978
19.538741827
19.5106971264
19.5129029751
19.520824194
19.6792509556
19.5787358284
19.6825478077
19.5104110241
19.3602869511
19.4957568645
19.4483540058
19.489618063
19.3435301781
19.525676012
19.3609600067
19.6421749592
19.5885930061
19.3835718632
19.4245760441
19.4655311108
19.3203599453
19.6856691837
19.3941681385
19.5962209702
19.5457530022
19.539208889
19.4026839733
19.3579380512
19.4050149918
19.4700598717
19.4909420013
19.3598320484
19.6045329571
19.4027810097
19.5862600803
19.5881490707
19.7702109814
19.643144846
19.6034739017
19.6157400608
19.4635670185
19.5195939541
19.4059150219
19.3517460823
19.5165350437
19.7117218971
19.423678875
19.5320520401
19.4882199764
19.4746470451
19.4660468102
19.4719939232
19.7093567848
19.6521401405
19.3643348217
19.3949968815
19.595913887
19.5934300423
19.472949028
19.6131551266
19.3087449074
7.10441493988
3.68649792671
3.67868995667
3.6305000782
3.72610187531
3.66163706779
3.72297906876
3.67147302628
3.68848490715
3.69296002388
3.72217822075
3.60447311401
3.63923406601
3.70781898499
3.6355779171
3.65973901749
3.67262792587
3.67126893997
3.71998810768
3.68523216248
3.73892712593
3.71566009521
3.64306807518
3.62678098679
3.67421388626
3.67471504211
10.6317329407
6.15107584
6.08684802055
6.16373991966
6.247631073
6.19288921356
6.10577988625
6.24031305313
6.23457717896
6.15537285805
6.15253901482
6.20720601082
6.16305184364
6.08685112
6.26441216469
6.14795994759
6.28966903687
6.18576002121
6.23296284676
6.26454091072
6.29124617577
6.11690616608
6.28980398178
6.12477207184
6.23302507401
6.2586209774
6.18917393684
6.11287713051
6.24581289291
6.27182483673
6.21375989914
6.2185781002
6.12709403038
6.26929187775
6.07605695724
6.2330031395
6.16795897484
6.10940504074
6.05878400803
6.25049996376
6.29042220116
6.28561401367
6.26854801178
6.29049491882
12.1015610695
8.17719817162
8.13289809227
8.28472304344
8.02662611008
8.06676483154
8.21703100204
8.13397192955
8.21988415718
8.11876893044
8.08946204185
8.11079001427
8.06318807602
8.0567650795
8.12310385704
8.14197802544
8.15410780907
8.12876796722
8.14474010468
8.07280015945
8.12010598183
8.21239709854
8.16245985031
8.11140394211
8.20923018456
8.10228395462
8.18463611603
8.11774611473
8.14359593391
8.23822402954
8.19414305687
8.17779588699
8.35394906998
8.17263007164
8.14002585411
8.17309713364
8.19955801964
8.177546978
8.09743309021
8.21592712402
8.20372605324
8.23569297791
8.23689818382
8.21428704262
8.16787481308
8.23960995674
8.10998797417
8.21924686432
8.17010807991
8.09862184525
8.26160097122
8.19618487358
8.06998896599
8.21549391747
8.17732715607
8.16508889198
8.19123482704
8.06458497047
35.5540931225
31.7951319218
32.1341888905
31.9020390511
31.7180330753
31.6377799511
31.5555679798
31.7614080906
31.6072800159
31.6620240211
31.8395550251
31.7285921574
32.0801920891
31.3470580578
32.0006070137
31.9848270416
31.8192329407
31.8104228973
31.9494450092
32.0946090221
31.9813637733
31.7904829979
32.043585062
31.7812228203
31.7805609703
31.3764338493
31.9188330173
31.6302690506
31.5705590248
31.7273409367
31.574420929
31.7585580349
31.7321829796
31.6932861805
31.5407121181
31.7971878052
31.8211650848
31.9358751774
31.7799780369
31.7225251198
31.6802580357
31.5129048824
31.7019879818
31.9455020428
31.8478770256
31.8723368645
31.8082299232
31.6574349403
31.5441699028
31.8395237923
31.5894379616
31.8865718842
32.0156440735
32.0795669556
32.273553133
31.8511250019
31.8001959324
31.4785850048
31.6356961727
31.5953252316
31.5978469849
31.7680811882
31.6638121605
31.6090800762
31.719648838
31.7050931454
31.6685891151
31.6667559147
31.7907578945
31.9319028854
31.7401459217
31.7843010426
31.6865069866
31.7064099312
32.1103379726
31.579570055
31.6868710518
31.8147308826
31.7885608673
31.8226089478
31.6912548542
31.5760710239
31.9942169189
31.6029350758
31.8064188957
31.9239888191
31.9155869484
31.8797249794
31.7047731876
31.7410318851
31.4943900108
31.3074719906
31.6238069534
31.750043869
31.7084548473
31.721973896
31.744396925
31.7929120064
31.4884810448
31.810656786
31.6905460358
31.6996080875
31.5743479729
31.9959878922
31.9459159374
31.4895670414
31.6216599941
31.5720069408
31.4583618641
31.5539779663
31.6182050705
31.7197759151
31.8286209106
31.5979678631
31.8108301163
32.0668599606
32.0490820408
31.8702411652
31.928082943
31.5571169853
31.6035029888
31.7274580002
31.348085165
31.5652639866
31.6660451889
31.5116741657
31.5041918755
31.7974350452
31.7964048386
31.9767129421
31.7229771614
31.5519969463
31.7393221855
31.6447269917
31.6847801208
31.6401860714
31.9042139053
31.7055089474
31.6577599049
31.8827819824
31.6244549751
31.8088431358
31.7843649387
31.5651769638
31.5488398075
32.0023398399
31.9905312061
31.9557430744
31.8990168571
31.8529529572
31.6375598907
31.4219110012
31.5949411392
31.8006539345
31.7903990746
31.529665947
31.5208160877
31.5394880772
31.6653838158
31.4947330952
31.8078379631
31.8286139965
31.5499229431
31.6286149025
31.8663210869
32.0242331028
31.8954370022
31.8371539116
31.5721521378
31.7502338886
31.4272840023
31.8574910164
31.9354469776
31.7017791271
31.8387010098
31.7904150486
31.9773280621
31.9354319572
31.8285138607
31.7449040413
31.6296827793
31.9069709778
31.8504281044
31.8582839966
31.618407011
31.6423840523
31.5963730812
31.6097741127
31.7516708374
31.612087965
31.5283629894
31.5694408417
31.6980030537
31.7486169338
31.546833992
31.7109279633
31.6313970089
31.7214329243
31.7191140652
31.7030518055
31.5353159904
31.6912260056
31.7424759865
31.9958109856
31.4696290493
31.5989091396
31.7684547901
31.2875199318
31.7170929909
31.8151180744
31.6210591793
31.5670759678
31.5836141109
31.5874471664
31.5087828636
31.7015371323
31.694327116
31.6201579571
31.7380678654
31.8478281498
31.8736820221
31.8110580444
31.7677810192
8.13681292534
3.35961508751
3.42082500458
3.4328289032
3.48052120209
3.43112111092
3.45667695999
3.41821908951
3.43205714226
3.45427107811
3.39695715904
3.3810031414
3.45611596107
3.4413330555
3.43158602715
3.41487216949
3.45889592171
3.38306212425
3.48102498055
3.3275988102
3.47214698792
3.47936105728
3.37279701233
3.42137312889
6.72602891922
2.55693793297
2.56841516495
2.54964399338
2.61258387566
2.58544182777
2.55578804016
2.59362387657
2.60610795021
2.5900990963
2.64128708839
2.59027791023
2.55327415466
2.59330105782
2.53884887695
2.55718898773
2.53516507149
2.61364817619
29.100071907
24.3600058556
24.6620190144
24.8018000126
24.4312291145
24.8105721474
24.428989172
24.6659781933
24.5705940723
24.6401350498
24.7465600967
24.5813889503
24.5073459148
24.8902869225
24.4051599503
24.5785610676
24.5643570423
24.7503240108
24.6371738911
24.710750103
24.5773010254
24.6597599983
24.6700091362
24.5536761284
24.6844911575
24.514539957
24.6522278786
24.4746379852
24.7652628422
24.8173820972
24.6763470173
24.784252882
24.8732280731
24.4867320061
24.4937529564
24.5044500828
24.4826350212
24.5785748959
24.3617360592
24.4109840393
24.4080619812
24.5433530807
24.5465312004
24.3815441132
24.5855848789
24.3040909767
24.4362580776
24.5225861073
24.2176120281
24.429844141
24.2835819721
24.26415205
24.2800178528
24.7289280891
24.1625881195
24.5247769356
24.5750930309
24.4086370468
24.5170190334
24.4542939663
24.4000899792
24.6055710316
24.1185910702
24.4146301746
24.3925840855
24.3585791588
24.1815168858
24.2706589699
24.5507829189
24.4786889553
24.3498420715
24.1978540421
24.5613491535
24.6296367645
24.4667730331
24.4661619663
24.6567139626
24.666410923
24.3741889
24.6955869198
24.7112689018
24.6113488674
24.5652530193
24.7031040192
24.3866240978
24.5396230221
24.4689190388
24.4387660027
24.4857320786
24.5401408672
24.7686889172
24.525329113
24.7067089081
24.5955917835
24.4871149063
24.399367094
24.7526879311
24.5837659836
24.4485969543
24.3001611233
24.6595261097
24.5308349133
24.6647708416
24.7826550007
24.7078251839
24.7454960346
24.6239769459
24.6214330196
24.7958331108
24.3775851727
24.8297381401
24.7284798622
24.5431909561
24.4910540581
24.5181190968
24.5867700577
24.5881118774
24.8406720161
24.6789860725
24.5510900021
24.7407560349
24.4458699226
24.5830230713
24.4287881851
24.545828104
24.6531610489
24.690431118
24.775603056
24.7683529854
24.3461899757
24.5980558395
24.6441309452
24.3699588776
24.6071939468
24.8176829815
24.7986588478
24.5292780399
24.8685109615
24.862183094
24.4378399849
24.493983984
24.4721078873
24.5446958542
24.4261620045
24.4186201096
24.5096290112
24.3926861286
24.314645052
24.5979959965
24.5847458839
24.7008271217
24.5313661098
24.4326930046
24.3734250069
24.3743059635
24.5515508652
24.2425971031
24.3817110062
24.312584877
24.5082159042
24.5353708267
24.3777320385
24.3651690483
24.5117650032
24.5435669422
24.7042908669
24.4731352329
24.6713349819
24.4907450676
24.6337110996
24.5555160046
24.3806581497
24.2301888466
24.7736930847
7.90056681633
3.37135505676
3.47762703896
3.52016210556
3.47074007988
3.43376588821
3.41875004768
3.42692708969
3.45102000237
3.39481115341
3.40205287933
3.4200668335
3.51263999939
3.41559696198
3.48007798195
3.50051307678
3.38522100449
3.473954916
3.50125193596
3.5342900753
3.50046801567
3.50670814514
3.479129076
3.54489898682
6.92818307877
1.43441390991
1.40616202354
1.39097809792
1.34521889687
1.45398902893
1.43648600578
1.48120999336
1.4020588398
1.39226818085
7.8377559185
3.16267704964
3.11581110954
3.1209089756
3.11994814873
3.1027469635
3.15339708328
3.09549999237
3.02650809288
3.15955710411
3.15421915054
3.22031188011
3.13963890076
3.11705088615
3.13046312332
3.15814709663
3.14902806282
3.14829516411
3.11585593224
3.0267188549
3.16154098511
3.11082911491
6.90164709091
2.1482629776
2.09303092957
2.21198892593
2.1036438942
2.2396569252
2.17996096611
2.12671399117
2.14597010612
2.21257591248
2.19945192337
2.15334582329
2.20438909531
2.12105584145
2.15562605858
18.0450100899
13.2134480476
13.263630867
13.3750388622
13.4678528309
13.4373328686
13.2770400047
13.3030819893
13.3151249886
13.3572320938
13.3165509701
13.3870930672
13.3186860085
13.3356750011
13.2429909706
13.2956078053
13.2984631062
13.2312870026
13.4873709679
13.397108078
13.382848978
13.3992109299
13.2941479683
13.3955039978
13.3853740692
13.3743579388
13.3309080601
13.4319770336
13.3229081631
13.3597779274
13.272674799
13.4405150414
13.392663002
13.3591070175
13.4044699669
13.3550291061
13.3625221252
13.2370188236
13.3086137772
13.4215810299
13.3002638817
13.2446949482
13.3114750385
13.29235816
13.4638671875
13.3501269817
13.1973650455
13.3351750374
13.3239269257
13.3194460869
13.3303318024
13.5119481087
13.2471530437
13.2390918732
13.3592689037
13.1742491722
13.3226230145
13.3318018913
13.4402830601
13.3629639149
13.3981449604
13.3305268288
13.3662831783
13.4394168854
13.3998508453
13.4015939236
13.4117441177
13.3154630661
13.382486105
13.2352471352
13.3524508476
13.2644970417
13.3347067833
13.1843101978
13.3791520596
13.3511269093
13.348195076
13.2764909267
13.1827428341
13.3694248199
13.2448029518
13.1518990993
13.1744639874
13.3594651222
13.2908630371
13.350744009
13.3377349377
13.3957958221
13.0853469372
13.4033179283
13.4710688591
13.2461378574
15.3458471298
9.08329296112
8.95801687241
9.24070096016
9.17856383324
9.21239805222
9.03856801987
9.1341650486
9.0697491169
9.15599298477
8.94819402695
9.04112291336
9.05779981613
9.09927201271
9.09423899651
9.1537129879
9.13515305519
9.08565187454
9.32806396484
9.24408197403
9.24125409126
9.04931998253
9.24004793167
9.07439899445
9.10889482498
9.06298279762
9.1031370163
9.2334959507
9.20556282997
9.20375299454
9.07113003731
9.09373617172
9.26634097099
9.0476372242
9.003647089
9.07088208199
9.00530719757
9.14311099052
9.09958195686
9.0965089798
9.06032991409
9.04749679565
9.13598299026
9.16178202629
9.13224697113
9.11838197708
9.24134206772
9.12246704102
9.04843902588
9.10365104675
9.19260001183
9.2413649559
9.14886403084
9.21105217934
9.14371991158
9.21818995476
9.1813018322
9.1391749382
9.18276000023
8.99222803116
9.1668279171
9.25419402122
9.09726405144
6.324406147
1.20167207718
1.16277098656
1.08083701134
1.15993595123
1.17907595634
1.18346786499
1.18754601479
45.9627120495
40.9176261425
40.5438621044
40.7649261951
41.0654950142
40.8524138927
40.5153009892
40.7467281818
40.5177531242
40.5362169743
40.5375499725
40.5637669563
40.8683149815
40.4167511463
40.6771521568
40.2661480904
40.4099349976
40.2135138512
40.4335889816
40.6087460518
40.5493028164
40.3532710075
40.6364300251
40.4277579784
40.5558590889
40.3805849552
40.4787499905
40.5494270325
40.5296177864
40.3531630039
40.4661400318
40.7200961113
40.739841938
40.6683869362
40.5328729153
40.3468661308
40.4528069496
40.4342489243
40.1683580875
40.3230588436
40.1971819401
40.1882791519
40.3196671009
40.2480480671
40.4007878304
40.4135119915
40.2546830177
40.3395199776
40.402066946
40.2858769894
40.717165947
40.5542850494
40.7898509502
40.6303529739
40.6187150478
40.6384758949
40.2831389904
40.5353348255
40.9517841339
40.8649740219
40.5708148479
40.6795420647
40.5677030087
40.1571040154
40.6470108032
40.4798169136
40.871778965
40.2423229218
40.3457460403
40.4470171928
40.6668558121
40.3104569912
40.7086751461
40.6754479408
40.5699770451
40.4277260303
40.5496668816
40.4673149586
40.4460101128
40.5446288586
40.4734220505
40.4929289818
40.4942500591
40.4118289948
40.4790000916
40.5756278038
40.2890651226
40.2946739197
40.2904579639
40.1662330627
40.4123830795
40.6386289597
40.4895157814
40.1633620262
40.3881709576
40.4160821438
40.2721619606
40.5735859871
40.3034639359
40.4453999996
40.2912938595
40.3291189671
40.4236299992
40.2428379059
40.2858259678
40.3476879597
40.3933870792
40.3968338966
40.4328489304
40.475828886
40.7031781673
40.4881939888
40.4730579853
40.7335369587
40.4890220165
40.4675199986
40.4408857822
40.3571140766
40.1374270916
41.0175158978
40.866713047
40.3370990753
40.2390189171
40.5938131809
40.5707828999
40.36729002
40.5908019543
40.8869810104
40.6383290291
40.7054388523
40.6217739582
40.6414089203
40.6545729637
40.5499629974
40.4025330544
40.2536990643
40.3475940228
40.2804679871
40.6896779537
40.4240717888
40.4694161415
40.4865570068
40.3360030651
40.2094531059
40.4327178001
40.5846350193
40.9037139416
40.4872319698
40.3308448792
40.2568480968
40.354735136
40.3185880184
40.3057148457
40.4634721279
40.0966949463
40.2763490677
40.2028691769
40.2720618248
40.3470151424
40.1430130005
40.4082939625
40.417265892
40.5839631557
40.1828260422
40.4586040974
40.3969969749
40.5336070061
40.4377069473
40.6546359062
40.2976830006
40.4568469524
40.55093503
40.6836829185
40.3133888245
40.3887050152
40.4980020523
40.3248531818
40.3543250561
40.4995851517
40.2544598579
40.4127399921
40.3888659477
40.6267001629
40.3956429958
40.3671710491
40.4442389011
40.533862114
40.4133269787
40.5386590958
40.2285559177
40.4052698612
40.4959518909
40.4585120678
40.4622039795
40.4610750675
40.5510909557
40.1917359829
40.4818930626
40.7000820637
40.3893280029
40.3567759991
40.2124121189
40.2699110508
40.4642949104
40.3570928574
40.7812900543
40.5358831882
40.4845769405
40.4631378651
40.2778530121
40.3840529919
40.4744758606
40.4059388638
40.5223989487
40.256882906
40.3818969727
40.4112761021
40.3079071045
40.555013895
40.6337709427
40.1249270439
40.2549109459
40.7149400711
40.5725038052
40.0721259117
40.3718919754
40.6015019417
40.6419909
40.4709179401
40.4150779247
40.3826110363
40.5165951252
39.8911478519
40.3029100895
40.5143299103
40.4839959145
40.6965279579
40.5186760426
40.2354898453
40.6031389236
40.7392990589
40.7667000294
40.7608580589
40.3703050613
40.5752549171
40.7135660648
40.6447360516
40.5412859917
40.709305048
40.6304419041
40.4398360252
41.0129799843
40.8443901539
40.911427021
40.8503611088
40.4538831711
40.2162928581
40.1686048508
40.2570209503
40.4710438251
40.5091278553
40.5684220791
40.4247779846
40.4707911015
40.6426229477
40.3374090195
40.3636460304
40.5360209942
40.8734190464
40.7213559151
40.6063439846
40.3244519234
40.1676058769
40.2844319344
40.5412261486
40.6637310982
40.7942080498
40.4263651371
40.8924310207
40.2692489624
29.9399819374
24.4570670128
24.6171379089
24.3536481857
24.1465709209
24.4485750198
24.4079520702
24.5514810085
24.3986577988
24.4404230118
24.5597560406
24.3424031734
24.4567520618
24.309581995
24.2546401024
24.2074790001
24.677656889
24.2431569099
24.5174851418
24.5415589809
24.375923872
24.4949731827
24.332570076
24.509513855
24.6006410122
24.4264400005
24.3544940948
24.3273541927
24.4802420139
24.3139660358
24.250287056
24.3275470734
24.3202810287
24.5635309219
24.3629817963
24.4786589146
24.3950967789
24.3959889412
24.4865601063
24.4157140255
24.1168689728
24.296298027
24.163834095
24.2342848778
24.4432959557
24.2658150196
24.3909938335
24.3033638
24.6014358997
24.5169479847
24.306609869
24.3984549046
24.1217079163
24.4448368549
24.4521548748
24.3433330059
24.4576458931
24.4398150444
24.309139967
24.2837622166
24.2064659595
24.2506320477
24.1678729057
24.4379439354
24.2854731083
24.606525898
24.3398551941
24.4999740124
24.4065430164
24.3746578693
24.5437269211
24.500906229
24.3470518589
24.4817969799
24.2635018826
24.5622169971
24.5334000587
24.3073971272
24.2417640686
24.4564359188
24.5267498493
24.4765119553
24.2642099857
24.4941949844
24.3458402157
24.1183879375
24.2193610668
24.1083750725
24.2894971371
24.2543668747
24.3893790245
24.5170559883
24.3119268417
24.3466329575
24.2133641243
24.110683918
24.2162179947
24.4291632175
24.1696960926
24.0588159561
24.2979230881
24.1233000755
24.4525690079
24.4233100414
24.0604639053
24.3226571083
24.5681130886
24.2591149807
24.1352021694
24.2316188812
24.7135210037
24.4334199429
