accuracy
0.0
0.0
0.0
0.0
0.0
0.0
0.0
0.0
0.0
0.0
0.0
0.0
0.0
0.0
0.0
0.0
0.0
0.0
0.0
0.05
0.0952380952381
0.136363636364
0.173913043478
0.208333333333
0.24
0.269230769231
0.296296296296
0.321428571429
0.344827586207
0.366666666667
0.387096774194
0.40625
0.424242424242
0.411764705882
0.4
0.388888888889
0.378378378378
0.368421052632
0.358974358974
0.35
0.341463414634
0.333333333333
0.325581395349
0.318181818182
0.311111111111
0.304347826087
0.297872340426
0.291666666667
0.285714285714
0.28
0.274509803922
0.269230769231
0.264150943396
0.259259259259
0.254545454545
0.25
0.245614035088
0.241379310345
0.237288135593
0.233333333333
0.229508196721
0.225806451613
0.222222222222
0.21875
0.215384615385
0.212121212121
0.208955223881
0.205882352941
0.202898550725
0.2
0.197183098592
0.194444444444
0.191780821918
0.189189189189
0.186666666667
0.184210526316
0.181818181818
0.179487179487
0.177215189873
0.175
0.172839506173
0.170731707317
0.168674698795
0.166666666667
0.164705882353
0.162790697674
0.16091954023
0.159090909091
0.157303370787
0.155555555556
0.153846153846
0.152173913043
0.150537634409
0.148936170213
0.147368421053
0.145833333333
0.144329896907
0.142857142857
0.141414141414
0.14
0.138613861386
0.137254901961
0.135922330097
0.134615384615
0.133333333333
0.132075471698
0.130841121495
0.12962962963
0.128440366972
0.127272727273
0.126126126126
0.125
0.12389380531
0.122807017544
0.121739130435
0.120689655172
0.119658119658
0.118644067797
0.117647058824
0.116666666667
0.115702479339
0.114754098361
0.113821138211
0.112903225806
0.112
0.111111111111
0.110236220472
0.109375
0.108527131783
0.107692307692
0.106870229008
0.106060606061
0.105263157895
0.10447761194
0.103703703704
0.102941176471
0.102189781022
0.101449275362
0.10071942446
0.1
0.0992907801418
0.0985915492958
0.0979020979021
0.0972222222222
0.0965517241379
0.0958904109589
0.0952380952381
0.0945945945946
0.0939597315436
0.0933333333333
0.0927152317881
0.0921052631579
0.0915032679739
0.0909090909091
0.0903225806452
0.0897435897436
0.0891719745223
0.0886075949367
0.0880503144654
0.0875
0.0869565217391
0.0864197530864
0.0858895705521
0.0853658536585
0.0848484848485
0.0843373493976
0.0838323353293
0.0833333333333
0.0828402366864
0.0823529411765
0.0818713450292
0.0872093023256
0.0924855491329
0.0919540229885
0.0914285714286
0.0909090909091
0.090395480226
0.0898876404494
0.0893854748603
0.0888888888889
0.0883977900552
0.0879120879121
0.0874316939891
0.0869565217391
0.0864864864865
0.0860215053763
0.0855614973262
0.0851063829787
0.0846560846561
0.0842105263158
0.0837696335079
0.0833333333333
0.0829015544041
0.0824742268041
0.0820512820513
0.0816326530612
0.0812182741117
0.0808080808081
0.0804020100503
0.08
0.0796019900498
0.0792079207921
0.0788177339901
0.078431372549
0.0780487804878
0.0776699029126
0.0772946859903
0.0769230769231
0.0765550239234
0.0761904761905
0.0758293838863
0.0754716981132
0.075117370892
0.0747663551402
0.0744186046512
0.0740740740741
0.073732718894
0.0733944954128
0.0730593607306
0.0727272727273
0.0723981900452
0.0720720720721
0.0717488789238
0.0714285714286
0.0711111111111
0.070796460177
0.0704845814978
0.0701754385965
0.0698689956332
0.0695652173913
0.0692640692641
0.0689655172414
0.068669527897
0.0683760683761
0.068085106383
0.0677966101695
0.0675105485232
0.0672268907563
0.0669456066946
0.0666666666667
0.0663900414938
0.0661157024793
0.0658436213992
0.0655737704918
0.065306122449
0.0650406504065
0.0647773279352
0.0645161290323
0.0642570281124
0.064
0.0637450199203
0.0634920634921
0.0632411067194
0.0629921259843
0.0627450980392
0.0625
0.0622568093385
0.062015503876
0.0617760617761
0.0615384615385
0.0613026819923
0.0610687022901
0.0608365019011
0.0606060606061
0.0603773584906
0.0601503759398
0.059925093633
0.0597014925373
0.0594795539033
0.0592592592593
0.0590405904059
0.0588235294118
0.0586080586081
0.0583941605839
0.0581818181818
0.0579710144928
0.057761732852
0.0575539568345
0.0573476702509
0.0571428571429
0.0569395017794
0.0567375886525
0.0600706713781
0.0633802816901
0.0666666666667
0.0699300699301
0.0731707317073
0.0763888888889
0.0795847750865
0.0827586206897
0.085910652921
0.0890410958904
0.0921501706485
0.0952380952381
0.0983050847458
0.101351351351
0.104377104377
0.107382550336
0.110367892977
0.113333333333
0.116279069767
0.119205298013
0.122112211221
0.125
0.127868852459
0.130718954248
0.133550488599
0.136363636364
0.139158576052
0.141935483871
0.144694533762
0.147435897436
0.14696485623
0.146496815287
0.146031746032
0.145569620253
0.145110410095
0.14465408805
0.144200626959
0.14375
0.143302180685
0.142857142857
0.142414860681
0.141975308642
0.141538461538
0.141104294479
0.140672782875
0.140243902439
0.139817629179
0.139393939394
0.138972809668
0.138554216867
0.138138138138
0.137724550898
0.137313432836
0.136904761905
0.13649851632
0.136094674556
0.135693215339
0.135294117647
0.134897360704
0.134502923977
0.134110787172
0.133720930233
0.133333333333
0.132947976879
0.132564841499
0.132183908046
0.131805157593
0.131428571429
0.131054131054
0.130681818182
0.130311614731
0.129943502825
0.129577464789
0.129213483146
0.128851540616
0.128491620112
0.128133704735
0.127777777778
0.127423822715
0.127071823204
0.126721763085
0.126373626374
0.12602739726
0.125683060109
0.125340599455
0.125
0.124661246612
0.124324324324
0.123989218329
0.123655913978
0.123324396783
0.122994652406
0.122666666667
0.122340425532
0.122015915119
0.121693121693
0.121372031662
0.121052631579
0.120734908136
0.120418848168
0.120104438642
0.119791666667
0.119480519481
0.119170984456
0.118863049096
0.118556701031
0.118251928021
0.117948717949
0.117647058824
0.117346938776
0.117048346056
0.116751269036
0.116455696203
0.116161616162
0.115869017632
0.115577889447
0.115288220551
0.115
0.114713216958
0.114427860697
0.114143920596
0.113861386139
0.113580246914
0.113300492611
0.113022113022
0.112745098039
0.112469437653
0.112195121951
0.111922141119
0.111650485437
0.111380145278
0.111111111111
0.110843373494
0.110576923077
0.1103117506
0.11004784689
0.109785202864
0.109523809524
0.109263657957
0.111374407583
0.113475177305
0.115566037736
0.117647058824
0.119718309859
0.121779859485
0.123831775701
0.125874125874
0.125581395349
0.125290023202
0.125
0.124711316397
0.124423963134
0.124137931034
0.123853211009
0.12356979405
0.123287671233
0.123006833713
0.122727272727
0.122448979592
0.122171945701
0.121896162528
0.121621621622
0.121348314607
0.121076233184
0.120805369128
0.120535714286
0.120267260579
0.12
0.119733924612
0.119469026549
0.119205298013
0.118942731278
0.118681318681
