accuracy
1.0
1.0
1.0
1.0
1.0
1.0
1.0
1.0
1.0
1.0
1.0
1.0
1.0
1.0
1.0
1.0
1.0
1.0
1.0
0.95
0.904761904762
0.863636363636
0.826086956522
0.791666666667
0.76
0.730769230769
0.740740740741
0.75
0.758620689655
0.766666666667
0.774193548387
0.78125
0.787878787879
0.764705882353
0.742857142857
0.722222222222
0.702702702703
0.710526315789
0.717948717949
0.725
0.731707317073
0.738095238095
0.744186046512
0.75
0.755555555556
0.760869565217
0.765957446809
0.770833333333
0.775510204082
0.78
0.78431372549
0.788461538462
0.792452830189
0.796296296296
0.8
0.803571428571
0.80701754386
0.810344827586
0.813559322034
0.816666666667
0.819672131148
0.822580645161
0.825396825397
0.828125
0.830769230769
0.833333333333
0.835820895522
0.838235294118
0.840579710145
0.842857142857
0.845070422535
0.847222222222
0.849315068493
0.851351351351
0.853333333333
0.855263157895
0.857142857143
0.858974358974
0.860759493671
0.8625
0.864197530864
0.865853658537
0.867469879518
0.869047619048
0.870588235294
0.872093023256
0.873563218391
0.875
0.876404494382
0.877777777778
0.879120879121
0.880434782609
0.881720430108
0.882978723404
0.884210526316
0.885416666667
0.886597938144
0.887755102041
0.888888888889
0.89
0.891089108911
0.892156862745
0.893203883495
0.894230769231
0.895238095238
0.896226415094
0.897196261682
0.898148148148
0.899082568807
0.9
0.900900900901
0.901785714286
0.902654867257
0.90350877193
0.904347826087
0.905172413793
0.905982905983
0.906779661017
0.90756302521
0.908333333333
0.909090909091
0.909836065574
0.910569105691
0.911290322581
0.912
0.912698412698
0.913385826772
0.9140625
0.914728682171
0.915384615385
0.916030534351
0.916666666667
0.917293233083
0.917910447761
0.918518518519
0.919117647059
0.919708029197
0.920289855072
0.920863309353
0.921428571429
0.921985815603
0.922535211268
0.923076923077
0.923611111111
0.924137931034
0.924657534247
0.925170068027
0.925675675676
0.926174496644
0.926666666667
0.927152317881
0.927631578947
0.928104575163
0.928571428571
0.929032258065
0.929487179487
0.929936305732
0.930379746835
0.930817610063
0.93125
0.931677018634
0.932098765432
0.932515337423
0.932926829268
0.933333333333
0.933734939759
0.934131736527
0.934523809524
0.934911242604
0.935294117647
0.93567251462
0.93023255814
0.924855491329
0.919540229885
0.92
0.920454545455
0.920903954802
0.921348314607
0.921787709497
0.922222222222
0.922651933702
0.923076923077
0.92349726776
0.923913043478
0.924324324324
0.924731182796
0.92513368984
0.925531914894
0.925925925926
0.926315789474
0.926701570681
0.927083333333
0.927461139896
0.927835051546
0.928205128205
0.928571428571
0.928934010152
0.929292929293
0.929648241206
0.93
0.930348258706
0.930693069307
0.931034482759
0.93137254902
0.931707317073
0.932038834951
0.932367149758
0.932692307692
0.933014354067
0.933333333333
0.9336492891
0.933962264151
0.934272300469
0.934579439252
0.93488372093
0.935185185185
0.935483870968
0.935779816514
0.936073059361
0.936363636364
0.93665158371
0.936936936937
0.937219730942
0.9375
0.937777777778
0.938053097345
0.938325991189
0.938596491228
0.938864628821
0.939130434783
0.939393939394
0.939655172414
0.93991416309
0.940170940171
0.940425531915
0.940677966102
0.940928270042
0.941176470588
0.941422594142
0.941666666667
0.941908713693
0.942148760331
0.942386831276
0.94262295082
0.942857142857
0.943089430894
0.943319838057
0.943548387097
0.943775100402
0.944
0.94422310757
0.944444444444
0.944664031621
0.944881889764
0.945098039216
0.9453125
0.945525291829
0.945736434109
0.945945945946
0.946153846154
0.946360153257
0.946564885496
0.946768060837
0.94696969697
0.947169811321
0.947368421053
0.947565543071
0.94776119403
0.947955390335
0.948148148148
0.948339483395
0.948529411765
0.948717948718
0.948905109489
0.949090909091
0.949275362319
0.949458483755
0.94964028777
0.94982078853
0.95
0.950177935943
0.950354609929
0.946996466431
0.947183098592
0.947368421053
0.947552447552
0.947735191638
0.947916666667
0.948096885813
0.948275862069
0.948453608247
0.948630136986
0.948805460751
0.945578231293
0.942372881356
0.939189189189
0.936026936027
0.93288590604
0.929765886288
0.926666666667
0.923588039867
0.920529801325
0.917491749175
0.914473684211
0.911475409836
0.908496732026
0.905537459283
0.902597402597
0.899676375405
0.896774193548
0.893890675241
0.891025641026
0.888178913738
0.888535031847
0.888888888889
0.886075949367
0.883280757098
0.880503144654
0.877742946708
0.875
0.872274143302
0.869565217391
0.866873065015
0.867283950617
0.867692307692
0.865030674847
0.865443425076
0.865853658537
0.866261398176
0.866666666667
0.867069486405
0.867469879518
0.867867867868
0.868263473054
0.868656716418
0.869047619048
0.86943620178
0.869822485207
0.870206489676
0.870588235294
0.870967741935
0.87134502924
0.871720116618
0.872093023256
0.872463768116
0.872832369942
0.873198847262
0.873563218391
0.873925501433
0.874285714286
0.874643874644
0.875
0.875354107649
0.875706214689
0.876056338028
0.876404494382
0.87675070028
0.877094972067
0.877437325905
0.877777777778
0.87811634349
0.878453038674
0.878787878788
0.879120879121
0.879452054795
0.879781420765
0.880108991826
0.880434782609
0.880758807588
0.881081081081
0.881401617251
0.881720430108
0.882037533512
0.882352941176
0.882666666667
0.882978723404
0.883289124668
0.883597883598
0.881266490765
0.881578947368
0.88188976378
0.88219895288
0.882506527415
0.8828125
0.883116883117
0.883419689119
0.883720930233
0.884020618557
0.884318766067
0.884615384615
0.884910485934
0.885204081633
0.885496183206
0.88578680203
0.886075949367
0.886363636364
0.886649874055
0.886934673367
0.887218045113
0.8875
0.887780548628
0.888059701493
0.888337468983
0.886138613861
0.883950617284
0.881773399015
0.879606879607
0.877450980392
0.875305623472
0.873170731707
0.87104622871
0.868932038835
0.866828087167
0.864734299517
0.86265060241
0.860576923077
0.858513189448
0.856459330144
0.854415274463
0.852380952381
0.850356294537
0.850710900474
0.851063829787
0.85141509434
0.851764705882
0.852112676056
0.852459016393
0.852803738318
0.853146853147
0.851162790698
0.849187935035
0.847222222222
0.845265588915
0.84331797235
0.841379310345
0.839449541284
0.837528604119
0.835616438356
0.833712984055
0.831818181818
0.829931972789
0.828054298643
0.82618510158
0.824324324324
0.822471910112
0.820627802691
0.818791946309
0.819196428571
0.819599109131
0.82
0.820399113082
0.820796460177
0.82119205298
0.821585903084
0.821978021978
0.822368421053
0.822757111597
0.823144104803
0.823529411765
0.823913043478
0.824295010846
0.824675324675
0.82505399568
0.825431034483
0.825806451613
0.826180257511
0.826552462527
0.826923076923
0.827292110874
0.827659574468
0.828025477707
0.828389830508
0.828752642706
0.829113924051
0.829473684211
0.829831932773
0.830188679245
0.830543933054
0.830897703549
0.83125
0.831600831601
0.831950207469
0.832298136646
0.832644628099
0.832989690722
0.833333333333
0.833675564682
0.834016393443
0.834355828221
0.834693877551
0.835030549898
0.835365853659
0.83569979716
0.836032388664
0.836363636364
0.836693548387
0.837022132797
0.83734939759
0.837675350701
0.838
0.838323353293
0.838645418327
0.838966202783
0.839285714286
0.839603960396
0.839920948617
0.840236686391
0.840551181102
0.840864440079
0.841176470588
0.841487279843
0.841796875
0.840155945419
0.838521400778
0.836893203883
0.835271317829
0.833655705996
0.833976833977
0.832369942197
0.830769230769
0.829174664107
0.827586206897
0.826003824092
0.824427480916
0.822857142857
0.821292775665
0.819734345351
0.818181818182
0.816635160681
0.815094339623
0.813559322034
0.812030075188
0.810506566604
0.808988764045
0.807476635514
0.805970149254
0.804469273743
0.802973977695
0.801484230056
0.8
0.798521256932
0.79704797048
0.795580110497
0.794117647059
0.792660550459
0.791208791209
0.789762340037
0.788321167883
0.786885245902
0.785454545455
0.784029038113
0.782608695652
0.781193490054
0.779783393502
0.778378378378
0.776978417266
0.775583482944
0.774193548387
0.772808586762
0.771428571429
0.770053475936
0.768683274021
0.767317939609
0.765957446809
0.764601769912
0.763250883392
0.761904761905
0.760563380282
0.760984182777
0.761403508772
0.761821366025
0.762237762238
0.762652705061
0.761324041812
0.76
0.758680555556
0.757365684575
0.756055363322
0.754749568221
0.753448275862
0.752151462995
0.750859106529
0.749571183533
0.748287671233
0.747008547009
0.745733788396
0.744463373083
0.743197278912
0.741935483871
0.740677966102
0.739424703892
0.738175675676
0.736930860034
0.73569023569
0.734453781513
0.73322147651
0.731993299832
0.732441471572
0.732888146912
0.733333333333
0.732113144759
0.732558139535
0.733001658375
0.73178807947
0.730578512397
0.729372937294
0.728171334432
0.726973684211
0.725779967159
0.724590163934
0.723404255319
0.722222222222
0.721044045677
0.721498371336
0.721951219512
0.722402597403
0.722852512156
0.723300970874
0.723747980614
0.724193548387
0.724637681159
0.725080385852
0.725521669342
0.725961538462
0.7264
0.726837060703
0.727272727273
0.727707006369
0.72813990461
0.728571428571
0.729001584786
0.729430379747
0.729857819905
0.730283911672
0.730708661417
0.731132075472
0.731554160126
0.73197492163
0.732394366197
0.7328125
0.733229329173
0.733644859813
0.734059097978
0.734472049689
0.73488372093
0.735294117647
0.73570324575
0.736111111111
0.736517719569
0.736923076923
0.73732718894
0.73773006135
0.738131699847
0.738532110092
0.73893129771
0.739329268293
0.739726027397
0.740121580547
0.740515933232
0.740909090909
0.741301059002
0.7416918429
0.742081447964
0.742469879518
0.742857142857
0.743243243243
0.743628185907
0.744011976048
0.744394618834
0.744776119403
0.745156482861
0.745535714286
0.745913818722
0.746290801187
0.746666666667
0.747041420118
0.74741506647
0.747787610619
0.748159057437
0.748529411765
0.748898678414
0.74926686217
0.749633967789
0.75
0.750364963504
0.750728862974
0.751091703057
0.751453488372
0.751814223512
0.752173913043
0.752532561505
0.75289017341
0.753246753247
0.753602305476
0.753956834532
0.754310344828
0.754662840746
0.755014326648
0.755364806867
0.755714285714
0.756062767475
0.75641025641
0.756756756757
0.757102272727
0.757446808511
0.757790368272
0.758132956153
0.758474576271
0.758815232722
0.759154929577
0.759493670886
0.759831460674
0.760168302945
0.760504201681
0.760839160839
0.761173184358
0.761506276151
0.761838440111
0.762169680111
0.7625
0.762829403606
