Time
5.10215759277e-05
5.50746917725e-05
5.48362731934e-05
5.60283660889e-05
5.60283660889e-05
5.50746917725e-05
5.79357147217e-05
5.79357147217e-05
5.91278076172e-05
5.91278076172e-05
6.89029693604e-05
5.98430633545e-05
6.103515625e-05
6.19888305664e-05
6.19888305664e-05
6.19888305664e-05
6.00814819336e-05
6.29425048828e-05
6.79492950439e-05
6.38961791992e-05
6.41345977783e-05
6.19888305664e-05
6.50882720947e-05
6.60419464111e-05
6.60419464111e-05
7.91549682617e-05
6.69956207275e-05
7.00950622559e-05
6.98566436768e-05
6.8187713623e-05
7.00950622559e-05
7.08103179932e-05
7.20024108887e-05
7.20024108887e-05
7.10487365723e-05
7.20024108887e-05
7.5101852417e-05
7.39097595215e-05
7.29560852051e-05
7.41481781006e-05
7.60555267334e-05
7.70092010498e-05
7.60555267334e-05
7.60555267334e-05
7.79628753662e-05
7.60555267334e-05
7.79628753662e-05
7.79628753662e-05
8.08238983154e-05
8.39233398438e-05
8.08238983154e-05
7.9870223999e-05
8.10623168945e-05
8.20159912109e-05
8.20159912109e-05
8.29696655273e-05
8.29696655273e-05
8.41617584229e-05
0.000196933746338
8.01086425781e-05
7.91549682617e-05
8.20159912109e-05
8.10623168945e-05
8.20159912109e-05
8.39233398438e-05
9.48905944824e-05
0.000105857849121
8.39233398438e-05
8.48770141602e-05
8.48770141602e-05
8.51154327393e-05
8.60691070557e-05
8.58306884766e-05
8.6784362793e-05
8.70227813721e-05
8.79764556885e-05
8.82148742676e-05
8.89301300049e-05
8.79764556885e-05
9.91821289062e-05
8.70227813721e-05
8.89301300049e-05
8.98838043213e-05
9.10758972168e-05
9.3936920166e-05
9.29832458496e-05
8.98838043213e-05
9.20295715332e-05
9.41753387451e-05
9.51290130615e-05
9.3936920166e-05
9.10758972168e-05
9.60826873779e-05
9.60826873779e-05
9.60826873779e-05
9.70363616943e-05
9.70363616943e-05
0.000121116638184
9.79900360107e-05
9.79900360107e-05
0.000102996826172
9.91821289062e-05
0.000102996826172
0.000102996826172
0.000104188919067
0.000258922576904
0.000104904174805
0.000105857849121
0.000107049942017
0.000108003616333
0.000109910964966
0.000107049942017
0.000107049942017
0.000108003616333
0.000111103057861
0.000109910964966
0.000110149383545
0.000109195709229
0.000108003616333
0.000112056732178
0.000112056732178
0.000111103057861
0.000113010406494
0.000113010406494
0.000221014022827
0.000113010406494
0.000113964080811
0.000114917755127
0.0001220703125
0.000114917755127
0.00012993812561
0.000117063522339
0.000118017196655
0.000112056732178
0.000118017196655
0.000117063522339
0.000118017196655
0.000117063522339
0.000118017196655
0.000120878219604
0.000121116638184
0.000119924545288
0.0001220703125
0.000150203704834
0.000123977661133
0.000123023986816
0.000122785568237
0.000123977661133
0.000123977661133
0.000132083892822
0.000126123428345
0.000126123428345
0.000133991241455
0.000127077102661
0.000125885009766
0.000127792358398
0.000263929367065
0.000128030776978
0.000128030776978
0.000127792358398
0.000192880630493
0.00012993812561
0.000130891799927
0.000130891799927
0.000159025192261
0.000138998031616
0.000133037567139
0.000133991241455
0.000133991241455
0.000128030776978
0.000142097473145
0.000136137008667
0.000143051147461
0.000143051147461
0.000144004821777
0.000137090682983
0.000144004821777
0.000144958496094
0.000139951705933
0.000146865844727
0.000148057937622
0.000142097473145
0.000133991241455
0.000141143798828
0.000137090682983
0.000137090682983
0.0001380443573
0.00014591217041
0.000136852264404
0.000139236450195
0.00014591217041
0.000147104263306
0.000141143798828
0.000149011611938
0.000138998031616
0.000149011611938
0.000142097473145
0.000142812728882
0.000146150588989
0.000144958496094
0.000145196914673
0.000142097473145
0.000144958496094
0.00014591217041
0.00014591217041
0.00014591217041
0.000171184539795
0.000154972076416
0.0001540184021
0.000154972076416
0.000156879425049
0.000154972076416
0.000155210494995
0.000149965286255
0.000158071517944
0.000159025192261
0.000152111053467
0.000164031982422
0.000161170959473
0.000180959701538
0.000185012817383
0.000166893005371
0.000182867050171
0.000291109085083
0.000216960906982
0.000169992446899
0.000190019607544
0.000203132629395
0.000169038772583
0.000170946121216
0.000171184539795
0.00019097328186
0.000164031982422
0.000169038772583
0.000308036804199
0.000174045562744
0.000166893005371
0.00019097328186
0.000174999237061
0.000173807144165
0.000173807144165
0.000175952911377
0.000171899795532
0.000189065933228
0.000171899795532
0.000172138214111
0.000174045562744
0.000167846679688
0.000174999237061
0.000174999237061
0.000173807144165
0.000174999237061
0.000172853469849
0.000174999237061
0.000173807144165
0.000174999237061
0.000178098678589
0.00017786026001
0.000178098678589
0.000172138214111
0.000178098678589
0.000175952911377
0.000174045562744
0.000181913375854
0.000181913375854
0.000178098678589
0.000182867050171
0.00018310546875
0.000181913375854
0.000184059143066
0.000185966491699
0.000184059143066
0.000180959701538
0.000185012817383
0.000185966491699
0.000188112258911
0.000185012817383
0.000185012817383
0.000189065933228
0.000189065933228
0.000186920166016
0.000187873840332
0.000191211700439
0.000190019607544
0.00018310546875
0.000190019607544
0.000185966491699
0.000191926956177
0.000192880630493
0.00019097328186
0.000194072723389
0.000187873840332
0.000192880630493
0.000194072723389
0.000196933746338
0.000196933746338
0.000197172164917
0.00019907951355
0.000197887420654
0.000197887420654
0.000197887420654
0.00019907951355
0.000198841094971
0.000200033187866
0.000197172164917
0.000200033187866
0.000200033187866
0.000195980072021
0.000200986862183
0.000199794769287
0.000202178955078
0.000203132629395
0.000204086303711
0.000202894210815
0.000203847885132
0.000205993652344
0.000202894210815
0.000203132629395
0.000204801559448
0.00020694732666
0.000195980072021
0.000205993652344
0.000204086303711
0.000207185745239
0.00020694732666
0.000202894210815
0.000230073928833
0.000211954116821
0.000210046768188
0.000211954116821
0.000211954116821
0.000211954116821
0.000207901000977
0.000210046768188
0.000236988067627
0.000216007232666
0.0002121925354
0.00021505355835
0.000216960906982
0.000216960906982
0.000216960906982
0.00021505355835
0.000217199325562
0.000218868255615
0.000217199325562
0.000217914581299
0.000221967697144
0.000221967697144
0.000227928161621
0.000220060348511
0.000221014022827
0.000228881835938
0.00022292137146
0.000241041183472
0.000221967697144
0.000225067138672
0.00022292137146
0.00022292137146
0.000226020812988
0.000226974487305
0.000226020812988
0.000226020812988
0.000226974487305
0.000247955322266
0.0002281665802
0.000227928161621
0.000230073928833
0.000229120254517
0.000227928161621
0.000228881835938
0.000229120254517
0.000231981277466
0.000231981277466
0.000231027603149
0.000232934951782
0.000232934951782
0.000231027603149
0.000232934951782
0.000235080718994
0.000234842300415
0.000235080718994
0.000233888626099
0.000233173370361
0.000235080718994
0.000237226486206
0.000231981277466
0.000240087509155
0.000241041183472
0.000236988067627
0.000239133834839
0.000241994857788
0.000271081924438
0.000240087509155
0.000236988067627
0.000242948532104
0.000241041183472
0.000261068344116
0.000241994857788
0.000242233276367
0.000243902206421
0.000260829925537
0.000245094299316
0.000242948532104
0.000247001647949
0.00023889541626
0.000247001647949
0.000247955322266
0.000272989273071
0.000245094299316
0.000249862670898
0.000247955322266
0.000251054763794
0.000250101089478
0.000259876251221
0.000249862670898
0.000252962112427
0.000250101089478
0.000248908996582
0.000252962112427
0.000252962112427
0.000255107879639
0.000253915786743
0.000257015228271
0.000259876251221
0.00025486946106
0.000257015228271
0.000257015228271
0.000257015228271
0.0002760887146
0.0002760887146
0.000280141830444
0.000278949737549
0.000318050384521
0.000294923782349
0.000304937362671
0.000339984893799
0.000283002853394
0.000318050384521
0.000298023223877
0.000296831130981
0.000322103500366
0.000311851501465
0.000292062759399
0.000306129455566
0.000299215316772
0.000333070755005
0.00030517578125
0.000293970108032
0.000282049179077
0.000286817550659
0.000290870666504
0.000290870666504
0.000288963317871
0.000288009643555
0.000293016433716
0.00029182434082
0.000292062759399
0.000301837921143
0.000295162200928
0.000288009643555
0.000292778015137
0.000293016433716
0.000297069549561
0.000307083129883
0.000293970108032
0.000314950942993
0.000296831130981
